Query Number	Algorithm	SolutionNumber	Size	Distance
1	MoeSQLmosa	0	1	[1.0, 0.0, 1.0]
1	MoeSQLmosa	1	2	[0.0, 44.62440476190476, 0.0]
1	MOTGA	0	3	[0.0, 0.0, 0.0]
2	MoeSQLmosa	0	1	[0.0, 13.25981640592921]
2	MoeSQLmosa	1	1	[1.0, 0.0]
2	MOTGA	0	2	[0.0, 0.0]
3	MoeSQLmosa	0	1	[0.0, 1.0, 1.0, 1.0, 0.0, 1.0]
3	MoeSQLmosa	1	1	[1.0, 2.0, 2.0, 2.0, 1.0, 0.0]
3	MoeSQLmosa	2	1	[22.79274891774892, 0.0, 1.0, 23.79274891774892, 22.79274891774892, 23.79274891774892]
3	MoeSQLmosa	3	1	[1.0, 2.0, 2.0, 0.0, 1.0, 2.0]
3	MoeSQLmosa	4	1	[1.7976931348623156E306, 1.7976931348623156E306, 0.0, 1.7976931348623156E306, 1.7976931348623156E306, 1.7976931348623156E306]
3	MOTGA	0	5	[0.0, 0.0, 0.0, 0.0, 0.0, 0.0]
4	MoeSQLmosa	0	1	[1.0, 0.0]
4	MoeSQLmosa	1	1	[0.0, 31.391056957323155]
4	MOTGA	0	2	[0.0, 0.0]
5	MoeSQLmosa	0	2	[0.0, 0.0]
5	MOTGA	0	2	[0.0, 0.0]
6	MoeSQLmosa	0	1	[0.0, 20.534566896587357]
6	MoeSQLmosa	1	1	[1.0, 0.0]
6	MOTGA	0	2	[0.0, 0.0]
7	MoeSQLmosa	0	3	[0.0]
7	MOTGA	0	3	[0.0]
8	MoeSQLmosa	0	2	[0.0, 0.0]
8	MOTGA	0	2	[0.0, 0.0]
9	MoeSQLmosa	0	1	[29.0, 30.0, 30.0, 0.0, 1.0, 138.0, 83.0, 85.0, 193.0, 138.0, 193.0, 84.0, 83.0, 29.0, 83.0, 30.0, 84.0, 30.0, 191.0, 137.0, 137.0, 138.0, 74.3479020979021]
9	MoeSQLmosa	1	1	[1.7976931348623156E306, 1.7976931348623156E306, 1.7976931348623156E306, 1.7976931348623156E306, 0.0, 1.7976931348623156E306, 1.7976931348623156E306, 1.7976931348623156E306, 1.7976931348623156E306, 1.7976931348623156E306, 1.7976931348623156E306, 1.7976931348623156E306, 1.7976931348623156E306, 1.7976931348623156E306, 1.7976931348623156E306, 1.7976931348623156E306, 1.7976931348623156E306, 1.7976931348623156E306, 1.7976931348623156E306, 1.7976931348623156E306, 1.7976931348623156E306, 1.7976931348623156E306, 1.7976931348623156E306]
9	MoeSQLmosa	2	1	[44.0, 45.0, 45.0, 45.0, 45.0, 44.0, 0.0, 1.0, 88.0, 84.0, 0.0, 44.0, 168.0, 84.0, 127.0, 85.0, 0.0, 1.0, 127.0, 84.0, 43.0, 87.0, 48.21969696969697]
9	MoeSQLmosa	3	1	[1.7976931348623156E306, 1.7976931348623156E306, 1.7976931348623156E306, 1.7976931348623156E306, 1.7976931348623156E306, 3.595386269724631E306, 1.7976931348623156E306, 5.393079404586947E306, 3.595386269724631E306, 1.7976931348623156E306, 1.7976931348623156E306, 43.0, 1.7976931348623156E306, 1.7976931348623156E306, 3.595386269724631E306, 5.393079404586947E306, 1.7976931348623156E306, 0.0, 5.393079404586947E306, 1.7976931348623156E306, 5.393079404586947E306, 86.0, 1.7976931348623156E306]
9	MoeSQLmosa	4	1	[0.0, 1.0, 1.0, 1.0, 1.0, 87.0, 43.0, 91.0, 131.0, 135.0, 225.0, 44.0, 43.0, 0.0, 43.0, 1.0, 90.0, 1.0, 177.0, 134.0, 86.0, 87.0, 4.21969696969697]
9	MoeSQLmosa	5	1	[1.0, 0.0, 1.0, 2.0, 2.0, 88.0, 44.0, 92.0, 132.0, 136.0, 226.0, 45.0, 44.0, 1.0, 44.0, 2.0, 91.0, 2.0, 178.0, 135.0, 87.0, 88.0, 5.21969696969697]
9	MoeSQLmosa	6	1	[1.7976931348623156E306, 1.7976931348623156E306, 0.0, 1.7976931348623156E306, 1.7976931348623156E306, 1.7976931348623156E306, 1.7976931348623156E306, 1.7976931348623156E306, 1.7976931348623156E306, 1.7976931348623156E306, 1.7976931348623156E306, 1.7976931348623156E306, 1.7976931348623156E306, 1.7976931348623156E306, 1.7976931348623156E306, 1.7976931348623156E306, 1.7976931348623156E306, 1.7976931348623156E306, 1.7976931348623156E306, 1.7976931348623156E306, 1.7976931348623156E306, 1.7976931348623156E306, 1.7976931348623156E306]
9	MoeSQLmosa	7	1	[1.7976931348623156E306, 1.7976931348623156E306, 1.7976931348623156E306, 1.7976931348623156E306, 1.7976931348623156E306, 1.7976931348623156E306, 1.7976931348623156E306, 90.0, 1.7976931348623156E306, 3.595386269724631E306, 3.595386269724631E306, 5.393079404586947E306, 1.7976931348623156E306, 1.7976931348623156E306, 1.7976931348623156E306, 0.0, 3.595386269724631E306, 5.393079404586947E306, 5.393079404586947E306, 5.393079404586947E306, 1.7976931348623156E306, 5.393079404586947E306, 1.7976931348623156E306]
9	MoeSQLmosa	8	1	[47.0, 48.0, 48.0, 48.0, 48.0, 48.0, 94.0, 91.0, 0.0, 92.0, 182.0, 1.0, 0.0, 47.0, 0.0, 1.0, 137.0, 48.0, 137.0, 91.0, 46.0, 47.0, 51.21969696969697]
9	MoeSQLmosa	9	1	[1.0, 2.0, 2.0, 2.0, 2.0, 1.0, 40.0, 93.0, 41.0, 131.0, 222.0, 41.0, 40.0, 80.0, 40.0, 2.0, 171.0, 81.0, 169.0, 130.0, 79.0, 80.0, 0.0]
9	MoeSQLmosa	10	1	[0.0, 1.0, 1.0, 1.0, 1.0, 0.0, 39.0, 92.0, 40.0, 130.0, 221.0, 40.0, 39.0, 79.0, 39.0, 1.0, 170.0, 80.0, 168.0, 129.0, 78.0, 79.0, 4.227840909090909]
9	MoeSQLmosa	11	1	[1.7976931348623156E306, 1.7976931348623156E306, 1.7976931348623156E306, 1.7976931348623156E306, 1.7976931348623156E306, 1.7976931348623156E306, 1.7976931348623156E306, 0.0, 1.7976931348623156E306, 1.7976931348623156E306, 1.7976931348623156E306, 5.393079404586947E306, 1.7976931348623156E306, 3.595386269724631E306, 3.595386269724631E306, 84.0, 1.7976931348623156E306, 5.393079404586947E306, 3.595386269724631E306, 3.595386269724631E306, 1.7976931348623156E306, 5.393079404586947E306, 1.7976931348623156E306]
9	MoeSQLmosa	12	1	[0.0, 1.0, 1.0, 1.0, 1.0, 47.0, 79.0, 27.0, 13.0, 0.0, 13.0, 1.0, 14.0, 46.0, 13.0, 14.0, 59.0, 34.0, 59.0, 27.0, 45.0, 33.0, 5.353379953379954]
9	MoeSQLmosa	13	1	[1.7976931348623156E306, 1.7976931348623156E306, 1.7976931348623156E306, 1.7976931348623156E306, 1.7976931348623156E306, 1.7976931348623156E306, 1.7976931348623156E306, 5.393079404586947E306, 1.7976931348623156E306, 1.7976931348623156E306, 1.7976931348623156E306, 0.0, 1.7976931348623156E306, 3.595386269724631E306, 1.7976931348623156E306, 5.393079404586947E306, 3.595386269724631E306, 36.0, 3.595386269724631E306, 1.7976931348623156E306, 3.595386269724631E306, 35.0, 1.7976931348623156E306]
9	MoeSQLmosa	14	1	[1.0, 2.0, 2.0, 2.0, 2.0, 1.0, 0.0, 6.0, 2.0, 5.0, 10.0, 2.0, 0.0, 1.0, 0.0, 1.0, 6.0, 3.0, 4.0, 5.0, 0.0, 1.0, 7.242676767676769]
9	MoeSQLmosa	15	1	[1.7976931348623156E306, 1.7976931348623156E306, 1.7976931348623156E306, 1.7976931348623156E306, 1.7976931348623156E306, 3.595386269724631E306, 1.7976931348623156E306, 5.393079404586947E306, 3.595386269724631E306, 1.7976931348623156E306, 1.7976931348623156E306, 1.0, 1.7976931348623156E306, 5.393079404586947E306, 1.7976931348623156E306, 5.393079404586947E306, 5.393079404586947E306, 2.0, 1.7976931348623156E306, 3.595386269724631E306, 1.7976931348623156E306, 0.0, 1.7976931348623156E306]
9	MoeSQLmosa	16	1	[1.0, 2.0, 2.0, 2.0, 2.0, 7.0, 14.0, 3.0, 0.0, 1.0, 2.0, 1.0, 0.0, 8.0, 0.0, 2.0, 9.0, 9.0, 7.0, 0.0, 8.0, 8.0, 5.601960784313726]
9	MoeSQLmosa	17	1	[0.0, 1.0, 1.0, 1.0, 1.0, 2.0, 1.0, 3.0, 3.0, 2.0, 3.0, 2.0, 1.0, 2.0, 1.0, 2.0, 3.0, 3.0, 0.0, 1.0, 1.0, 1.0, 4.568627450980392]
9	MOTGA	0	17	[0.0, 0.0, 0.0, 0.0, 0.0, 0.0, 0.0, 0.0, 0.0, 0.0, 0.0, 0.0, 0.0, 0.0, 0.0, 0.0, 0.0, 0.0, 0.0, 0.0, 0.0, 0.0, 0.0]
10	MoeSQLmosa	0	1	[0.0, 1.0, 1.0, 1.0, 1.0, 1.0, 1.0]
10	MoeSQLmosa	1	1	[4.128260869565217, 5.128260869565217, 5.128260869565217, 5.128260869565217, 5.128260869565217, 0.0, 1.0]
10	MoeSQLmosa	2	1	[46.5, 47.5, 47.5, 0.0, 1.0, 47.5, 47.5]
10	MoeSQLmosa	3	1	[4.128260869565217, 0.0, 1.0, 5.128260869565217, 5.128260869565217, 5.128260869565217, 5.128260869565217]
10	MoeSQLmosa	4	1	[1.7976931348623156E306, 1.7976931348623156E306, 0.0, 1.7976931348623156E306, 1.7976931348623156E306, 1.7976931348623156E306, 1.7976931348623156E306]
10	MoeSQLmosa	5	1	[1.7976931348623156E306, 1.7976931348623156E306, 1.7976931348623156E306, 1.7976931348623156E306, 0.0, 1.7976931348623156E306, 1.7976931348623156E306]
10	MoeSQLmosa	6	1	[1.7976931348623156E306, 1.7976931348623156E306, 1.7976931348623156E306, 1.7976931348623156E306, 1.7976931348623156E306, 1.7976931348623156E306, 0.0]
10	MOTGA	0	7	[0.0, 0.0, 0.0, 0.0, 0.0, 0.0, 0.0]
11	MoeSQLmosa	0	1	[1.0, 0.0, 1.0, 0.0, 11.944473240617672]
11	MoeSQLmosa	1	1	[2.0, 1.0, 2.0, 1.0, 0.0]
11	MoeSQLmosa	2	1	[2.0, 1.0, 0.0, 1.0, 16.24400240443505]
11	MoeSQLmosa	3	1	[0.0, 1.0, 2.0, 1.0, 12.788463849734342]
11	MOTGA	0	4	[0.0, 0.0, 0.0, 0.0, 0.0]
12	MoeSQLmosa	0	2	[0.0, 0.0, 1.0]
12	MoeSQLmosa	1	1	[1.7976931348623156E306, 1.7976931348623156E306, 0.0]
12	MOTGA	0	3	[0.0, 0.0, 0.0]
13	MoeSQLmosa	0	2	[0.0, 0.0]
13	MOTGA	0	2	[0.0, 0.0]
14	MoeSQLmosa	0	2	[6.320384294068504, 0.0, 1.0, 0.0, 1.0]
14	MoeSQLmosa	1	1	[0.0, 1.0, 1.0, 1.0, 1.0]
14	MoeSQLmosa	2	1	[1.7976931348623156E306, 1.7976931348623156E306, 1.7976931348623156E306, 1.7976931348623156E306, 0.0]
14	MoeSQLmosa	3	1	[1.7976931348623156E306, 1.7976931348623156E306, 0.0, 1.7976931348623156E306, 1.7976931348623156E306]
14	MOTGA	0	5	[0.0, 0.0, 0.0, 0.0, 0.0]
15	MoeSQLmosa	0	1	[1.0, 0.0]
15	MoeSQLmosa	1	1	[0.0, 4.735162337662338]
15	MOTGA	0	2	[0.0, 0.0]
17	MoeSQLmosa	0	1	[1.0, 0.0]
17	MoeSQLmosa	1	1	[0.0, 30.136742554544412]
17	MOTGA	0	2	[0.0, 0.0]
18	MoeSQLmosa	0	1	[9.837249373433584, 10.837249373433584, 10.837249373433584, 0.0, 1.0, 10.837249373433584, 10.837249373433584, 24.875586334379243]
18	MoeSQLmosa	1	1	[35.773809523809526, 36.773809523809526, 36.773809523809526, 36.773809523809526, 36.773809523809526, 0.0, 1.0, 72.48321608946608]
18	MoeSQLmosa	2	1	[29.840527410331422, 0.0, 1.0, 30.840527410331422, 30.840527410331422, 30.840527410331422, 30.840527410331422, 39.64507286487688]
18	MoeSQLmosa	3	1	[1.7976931348623156E306, 1.7976931348623156E306, 1.7976931348623156E306, 1.7976931348623156E306, 0.0, 1.7976931348623156E306, 1.7976931348623156E306, 1.7976931348623156E306]
18	MoeSQLmosa	4	1	[1.7976931348623156E306, 1.7976931348623156E306, 1.7976931348623156E306, 1.7976931348623156E306, 1.7976931348623156E306, 1.7976931348623156E306, 0.0, 1.7976931348623156E306]
18	MoeSQLmosa	5	1	[0.0, 1.0, 1.0, 1.0, 1.0, 1.0, 1.0, 15.038336960945657]
18	MoeSQLmosa	6	1	[1.0, 2.0, 2.0, 2.0, 2.0, 2.0, 2.0, 0.0]
18	MoeSQLmosa	7	1	[1.7976931348623156E306, 1.7976931348623156E306, 0.0, 1.7976931348623156E306, 1.7976931348623156E306, 1.7976931348623156E306, 1.7976931348623156E306, 1.7976931348623156E306]
18	MOTGA	0	8	[0.0, 0.0, 0.0, 0.0, 0.0, 0.0, 0.0, 0.0]
19	MoeSQLmosa	0	2	[0.0, 0.0]
19	MOTGA	0	2	[0.0, 0.0]
20	MoeSQLmosa	0	2	[0.0, 1.0, 1.0, 1.0, 0.0, 1.0, 2.0, 2.0, 1.0]
20	MoeSQLmosa	1	2	[450.0984714739766, 451.0984714739766, 451.0984714739766, 451.0984714739766, 450.0984714739766, 449.0984714739766, 429.0, 0.0, 1.0]
20	MoeSQLmosa	2	2	[40.79892915461969, 32.05261025062602, 33.05261025062602, 41.79892915461969, 40.79892915461969, 41.79892915461969, 0.0, 8.746318903993677, 9.746318903993677]
20	MoeSQLmosa	3	2	[31.03961160763544, 0.0, 1.0, 32.039611607635436, 31.03961160763544, 32.039611607635436, 2.0, 31.03961160763544, 32.039611607635436]
20	MoeSQLmosa	4	2	[1.0, 2.0, 2.0, 2.0, 1.0, 0.0, 3.0, 2.0, 1.0]
20	MoeSQLmosa	5	2	[1.0, 2.0, 2.0, 0.0, 1.0, 2.0, 3.0, 2.0, 1.0]
20	MoeSQLmosa	6	2	[1.7976931348623156E306, 1.7976931348623156E306, 0.0, 1.7976931348623156E306, 1.7976931348623156E306, 1.7976931348623156E306, 2.0, 1.7976931348623156E306, 1.7976931348623156E306]
20	MoeSQLmosa	7	2	[1.7976931348623156E306, 1.7976931348623156E306, 1.7976931348623156E306, 1.7976931348623156E306, 1.7976931348623156E306, 1.7976931348623156E306, 0.0, 1.0, 0.0]
20	MOTGA	0	2	[1.7976931348623156E306, 1.7976931348623156E306, 1.7976931348623156E306, 1.7976931348623156E306, 1.7976931348623156E306, 1.7976931348623156E306, 0.0, 1.0, 0.0]
20	MOTGA	1	6	[0.0, 0.0, 0.0, 0.0, 0.0, 0.0, 2.0, 2.0, 1.7976931348623156E306]
21	MoeSQLmosa	0	2	[0.0, 0.0]
21	MOTGA	0	2	[0.0, 0.0]
22	MoeSQLmosa	0	2	[0.0, 0.0, 1.0]
22	MoeSQLmosa	1	1	[1.7976931348623156E306, 1.7976931348623156E306, 0.0]
22	MOTGA	0	3	[0.0, 0.0, 0.0]
23	MoeSQLmosa	0	1	[28.272222222222222, 0.0, 1.0, 29.272222222222222, 29.272222222222222]
23	MoeSQLmosa	1	1	[1.7976931348623156E306, 1.7976931348623156E306, 1.7976931348623156E306, 1.7976931348623156E306, 0.0]
23	MoeSQLmosa	2	1	[33.83743416829585, 34.83743416829585, 34.83743416829585, 0.0, 1.0]
23	MoeSQLmosa	3	1	[0.0, 1.0, 1.0, 1.0, 1.0]
23	MoeSQLmosa	4	1	[1.7976931348623156E306, 1.7976931348623156E306, 0.0, 1.7976931348623156E306, 1.7976931348623156E306]
23	MOTGA	0	5	[0.0, 0.0, 0.0, 0.0, 0.0]
24	MoeSQLmosa	0	1	[1.0, 0.0]
24	MoeSQLmosa	1	1	[0.0, 30.166666666666664]
24	MOTGA	0	2	[0.0, 0.0]
25	MoeSQLmosa	0	1	[0.0, 34.32873221345923]
25	MoeSQLmosa	1	1	[1.0, 0.0]
25	MOTGA	0	2	[0.0, 0.0]
26	MoeSQLmosa	0	2	[11.668517408688874, 0.0, 1.0, 0.0, 1.0]
26	MoeSQLmosa	1	1	[0.0, 1.0, 1.0, 1.0, 1.0]
26	MoeSQLmosa	2	1	[1.7976931348623156E306, 1.7976931348623156E306, 1.7976931348623156E306, 1.7976931348623156E306, 0.0]
26	MoeSQLmosa	3	1	[1.7976931348623156E306, 1.7976931348623156E306, 0.0, 1.7976931348623156E306, 1.7976931348623156E306]
26	MOTGA	0	5	[0.0, 0.0, 0.0, 0.0, 0.0]
27	MoeSQLmosa	0	1	[1.0, 0.0]
27	MoeSQLmosa	1	1	[0.0, 23.336242420534575]
27	MOTGA	0	2	[0.0, 0.0]
28	MoeSQLmosa	0	1	[0.0, 1.0, 2.0]
28	MoeSQLmosa	1	1	[2.0, 1.0, 0.0]
28	MoeSQLmosa	2	1	[1.0, 0.0, 1.0]
28	MOTGA	0	3	[0.0, 0.0, 0.0]
29	MoeSQLmosa	0	1	[2.0, 1.0, 0.0]
29	MoeSQLmosa	1	1	[0.0, 1.0, 2.0]
29	MoeSQLmosa	2	1	[1.0, 0.0, 1.0]
29	MOTGA	0	3	[0.0, 0.0, 0.0]
30	MoeSQLmosa	0	2	[0.0, 0.0]
30	MOTGA	0	2	[0.0, 0.0]
31	MoeSQLmosa	0	1	[5.0, 0.0, 1.0, 5.0, 6.0, 34.0, 6.0, 5.0, 6.0]
31	MoeSQLmosa	1	1	[1.0, 2.0, 2.0, 1.0, 1.0, 0.0, 2.0, 1.0, 2.0]
31	MoeSQLmosa	2	1	[0.0, 1.0, 1.0, 0.0, 1.0, 8.0, 1.0, 0.0, 1.0]
31	MoeSQLmosa	3	1	[1.0, 2.0, 2.0, 1.0, 2.0, 6.0, 0.0, 1.0, 2.0]
31	MoeSQLmosa	4	1	[1.7976931348623156E306, 1.7976931348623156E306, 0.0, 1.7976931348623156E306, 1.7976931348623156E306, 1.7976931348623156E306, 1.7976931348623156E306, 1.7976931348623156E306, 1.7976931348623156E306]
31	MoeSQLmosa	5	1	[1.7976931348623156E306, 1.7976931348623156E306, 1.7976931348623156E306, 1.7976931348623156E306, 0.0, 1.7976931348623156E306, 1.7976931348623156E306, 1.7976931348623156E306, 1.7976931348623156E306]
31	MoeSQLmosa	6	1	[1.0, 2.0, 2.0, 1.0, 2.0, 6.0, 2.0, 1.0, 0.0]
31	MOTGA	0	7	[0.0, 0.0, 0.0, 0.0, 0.0, 0.0, 0.0, 0.0, 0.0]
32	MoeSQLmosa	0	1	[43.67724358974358, 0.0, 1.0, 44.67724358974358, 44.67724358974358]
32	MoeSQLmosa	1	1	[39.307702618263455, 40.307702618263455, 40.307702618263455, 0.0, 1.0]
32	MoeSQLmosa	2	1	[0.0, 1.0, 1.0, 1.0, 1.0]
32	MoeSQLmosa	3	2	[1.7976931348623156E306, 1.7976931348623156E306, 0.0, 1.7976931348623156E306, 0.0]
32	MOTGA	0	5	[0.0, 0.0, 0.0, 0.0, 0.0]
33	MoeSQLmosa	0	3	[0.0, 377.0, 1.0, 189.0, 1.0, 566.0, 189.0, 190.0, 377.0, 378.0, 1081.0, 704.0, 705.0, 1082.0, 1081.0, 1080.0, 1110.0, 190.0, 189.0, 190.0, 192.0, 191.0, 192.0, 191.0, 192.0, 1.7976931348623156E306, 191.0, 189.0, 190.0, 189.0, 1.7976931348623156E306, 1.7976931348623156E306, 1.7976931348623156E306, 1.7976931348623156E306, 1.7976931348623156E306, 1.7976931348623156E306, 1.7976931348623156E306, 189.0, 1.7976931348623156E306, 1.7976931348623156E306, 1.7976931348623156E306, 1.7976931348623156E306]
33	MoeSQLmosa	1	3	[0.0, 554.0, 190.0, 188.0, 1.0, 554.0, 0.0, 1.0, 743.0, 555.0, 820.0, 266.0, 456.0, 821.0, 820.0, 819.0, 792.0, 189.0, 188.0, 189.0, 190.0, 189.0, 190.0, 189.0, 190.0, 1.7976931348623156E306, 1.7976931348623156E306, 188.0, 189.0, 188.0, 1.7976931348623156E306, 1.7976931348623156E306, 1.7976931348623156E306, 1.7976931348623156E306, 1.7976931348623156E306, 1.7976931348623156E306, 1.7976931348623156E306, 1.7976931348623156E306, 188.0, 1.7976931348623156E306, 1.7976931348623156E306, 1.7976931348623156E306]
33	MoeSQLmosa	2	3	[0.0, 155.0, 1.0, 129.0, 157.0, 129.0, 285.0, 130.0, 0.0, 1.0, 30.0, 186.0, 31.0, 31.0, 30.0, 31.0, 0.0, 31.0, 30.0, 31.0, 31.0, 30.0, 31.0, 42.03472222222222, 32.0, 1.7976931348623156E306, 1.7976931348623156E306, 0.0, 1.0, 30.0, 1.7976931348623156E306, 1.7976931348623156E306, 1.7976931348623156E306, 1.7976931348623156E306, 1.7976931348623156E306, 1.7976931348623156E306, 1.7976931348623156E306, 1.7976931348623156E306, 1.7976931348623156E306, 1.7976931348623156E306, 1.7976931348623156E306, 1.7976931348623156E306]
33	MoeSQLmosa	3	3	[899.0, 1108.0, 1635.0, 1843.0, 900.0, 689.0, 899.0, 690.0, 1634.0, 690.0, 967.0, 1177.0, 1703.0, 968.0, 967.0, 968.0, 899.0, 688.0, 689.0, 690.0, 690.0, 689.0, 690.0, 701.0347222222222, 691.0, 1.7976931348623156E306, 1.7976931348623156E306, 689.0, 690.0, 0.0, 1.7976931348623156E306, 1.7976931348623156E306, 1.7976931348623156E306, 1.7976931348623156E306, 1.7976931348623156E306, 1.7976931348623156E306, 1.7976931348623156E306, 1.7976931348623156E306, 1.7976931348623156E306, 1.7976931348623156E306, 689.0, 1.7976931348623156E306]
33	MoeSQLmosa	4	3	[1.7976931348623156E306, 3.595386269724631E306, 3.595386269724631E306, 1.7976931348623156E306, 202.0, 1.7976931348623156E306, 3.595386269724631E306, 3.595386269724631E306, 1.7976931348623156E306, 0.0, 1.7976931348623156E306, 1.7976931348623156E306, 1.7976931348623156E306, 1.7976931348623156E306, 1.7976931348623156E306, 1.7976931348623156E306, 1.7976931348623156E306, 1.7976931348623156E306, 1.7976931348623156E306, 1.7976931348623156E306, 1.7976931348623156E306, 1.7976931348623156E306, 1.7976931348623156E306, 1.7976931348623156E306, 1.7976931348623156E306, 3.595386269724631E306, 3.595386269724631E306, 1.7976931348623156E306, 1.7976931348623156E306, 1.7976931348623156E306, 3.595386269724631E306, 3.595386269724631E306, 3.595386269724631E306, 3.595386269724631E306, 3.595386269724631E306, 3.595386269724631E306, 3.595386269724631E306, 3.595386269724631E306, 3.595386269724631E306, 3.595386269724631E306, 3.595386269724631E306, 3.595386269724631E306]
33	MoeSQLmosa	5	4	[0.0, 721.0, 2.0, 418.0, 1.0, 1139.0, 418.0, 0.0, 721.0, 722.0, 721.0, 0.0, 1.0, 722.0, 721.0, 722.0, 757.0, 419.0, 418.0, 419.0, 419.0, 437.5251796945193, 420.0, 418.0, 419.0, 1.7976931348623156E306, 1.7976931348623156E306, 418.0, 419.0, 418.0, 1.7976931348623156E306, 1.7976931348623156E306, 1.7976931348623156E306, 1.7976931348623156E306, 1.7976931348623156E306, 1.7976931348623156E306, 1.7976931348623156E306, 1.7976931348623156E306, 1.7976931348623156E306, 1.7976931348623156E306, 1.7976931348623156E306, 1.7976931348623156E306]
33	MoeSQLmosa	6	4	[10.153158602150537, 923.1531586021505, 11.153158602150537, 244.15315860215054, 184.0, 244.15315860215054, 1158.1531586021506, 245.15315860215054, 10.153158602150537, 1.0, 9.153158602150537, 923.1531586021505, 10.153158602150537, 10.153158602150537, 9.153158602150537, 10.153158602150537, 65.15315860215054, 1.0, 0.0, 1.0, 0.0, 0.0, 1.0, 12.034722222222221, 1.0, 1.7976931348623156E306, 1.7976931348623156E306, 0.0, 1.0, 0.0, 1.7976931348623156E306, 1.7976931348623156E306, 1.7976931348623156E306, 1.7976931348623156E306, 1.7976931348623156E306, 1.7976931348623156E306, 1.7976931348623156E306, 1.7976931348623156E306, 1.7976931348623156E306, 0.0, 1.7976931348623156E306, 1.7976931348623156E306]
33	MoeSQLmosa	7	3	[1.0, 756.0, 2.0, 699.0, 758.0, 699.0, 1455.0, 700.0, 1.0, 2.0, 0.0, 756.0, 1.0, 1.0, 0.0, 1.0, 39.0, 1.0, 0.0, 1.0, 1.0, 35.76130952380952, 2.0, 0.0, 1.0, 1.7976931348623156E306, 1.7976931348623156E306, 0.0, 1.0, 0.0, 1.7976931348623156E306, 1.7976931348623156E306, 1.7976931348623156E306, 1.7976931348623156E306, 1.7976931348623156E306, 1.7976931348623156E306, 1.7976931348623156E306, 1.7976931348623156E306, 1.7976931348623156E306, 1.7976931348623156E306, 0.0, 1.7976931348623156E306]
33	MoeSQLmosa	8	3	[268.0, 535.0, 614.0, 880.0, 269.0, 0.0, 268.0, 1.0, 613.0, 1.0, 306.0, 574.0, 652.0, 307.0, 306.0, 307.0, 268.0, 1.0, 0.0, 1.0, 1.0, 30.916786226685797, 2.0, 0.0, 1.0, 1.7976931348623156E306, 1.7976931348623156E306, 0.0, 1.0, 0.0, 1.7976931348623156E306, 1.7976931348623156E306, 1.7976931348623156E306, 1.7976931348623156E306, 1.7976931348623156E306, 1.7976931348623156E306, 1.7976931348623156E306, 1.7976931348623156E306, 1.7976931348623156E306, 1.7976931348623156E306, 1.7976931348623156E306, 1.7976931348623156E306]
33	MoeSQLmosa	9	3	[1.7976931348623156E306, 1.7976931348623156E306, 3.595386269724631E306, 1.7976931348623156E306, 0.0, 3.595386269724631E306, 1.7976931348623156E306, 3.595386269724631E306, 3.595386269724631E306, 589.0, 1.7976931348623156E306, 1.7976931348623156E306, 1.7976931348623156E306, 1.7976931348623156E306, 1.7976931348623156E306, 1.7976931348623156E306, 1.7976931348623156E306, 1.7976931348623156E306, 1.7976931348623156E306, 1.7976931348623156E306, 1.7976931348623156E306, 1.7976931348623156E306, 1.7976931348623156E306, 1.7976931348623156E306, 1.7976931348623156E306, 3.595386269724631E306, 3.595386269724631E306, 1.7976931348623156E306, 1.7976931348623156E306, 1.7976931348623156E306, 3.595386269724631E306, 3.595386269724631E306, 3.595386269724631E306, 3.595386269724631E306, 3.595386269724631E306, 3.595386269724631E306, 3.595386269724631E306, 3.595386269724631E306, 3.595386269724631E306, 3.595386269724631E306, 3.595386269724631E306, 3.595386269724631E306]
33	MoeSQLmosa	10	3	[590.0, 1178.0, 786.0, 1373.0, 591.0, 1.0, 590.0, 2.0, 785.0, 2.0, 589.0, 1178.0, 785.0, 590.0, 589.0, 590.0, 622.0, 1.0, 0.0, 1.0, 1.0, 12.034722222222221, 2.0, 0.0, 1.0, 1.7976931348623156E306, 1.7976931348623156E306, 0.0, 1.0, 0.0, 1.7976931348623156E306, 1.7976931348623156E306, 1.7976931348623156E306, 1.7976931348623156E306, 1.7976931348623156E306, 1.7976931348623156E306, 1.7976931348623156E306, 1.7976931348623156E306, 1.7976931348623156E306, 1.7976931348623156E306, 1.7976931348623156E306, 0.0]
33	MoeSQLmosa	11	3	[219.0, 437.0, 736.0, 953.0, 220.0, 0.0, 219.0, 1.0, 735.0, 1.0, 250.0, 469.0, 767.0, 251.0, 250.0, 251.0, 219.0, 1.0, 0.0, 1.0, 2.0, 1.0, 2.0, 1.0, 2.0, 1.7976931348623156E306, 1.7976931348623156E306, 0.0, 1.0, 0.0, 1.7976931348623156E306, 1.7976931348623156E306, 1.7976931348623156E306, 1.7976931348623156E306, 1.7976931348623156E306, 1.7976931348623156E306, 1.7976931348623156E306, 1.7976931348623156E306, 0.0, 1.7976931348623156E306, 1.7976931348623156E306, 1.7976931348623156E306]
33	MoeSQLmosa	12	4	[1.7976931348623156E306, 1.7976931348623156E306, 0.0, 1.7976931348623156E306, 3.595386269724631E306, 3.595386269724631E306, 3.595386269724631E306, 360.0, 1.7976931348623156E306, 3.595386269724631E306, 1.7976931348623156E306, 1.7976931348623156E306, 0.0, 3.595386269724631E306, 1.7976931348623156E306, 3.595386269724631E306, 3.595386269724631E306, 1.7976931348623156E306, 1.7976931348623156E306, 1.7976931348623156E306, 1.7976931348623156E306, 1.7976931348623156E306, 1.7976931348623156E306, 1.7976931348623156E306, 1.7976931348623156E306, 3.595386269724631E306, 3.595386269724631E306, 1.7976931348623156E306, 1.7976931348623156E306, 1.7976931348623156E306, 3.595386269724631E306, 3.595386269724631E306, 3.595386269724631E306, 3.595386269724631E306, 3.595386269724631E306, 3.595386269724631E306, 3.595386269724631E306, 3.595386269724631E306, 3.595386269724631E306, 3.595386269724631E306, 1.7976931348623156E306, 3.595386269724631E306]
33	MoeSQLmosa	13	3	[590.0, 1178.0, 786.0, 1373.0, 591.0, 1.0, 590.0, 2.0, 785.0, 2.0, 589.0, 1178.0, 785.0, 590.0, 589.0, 590.0, 622.0, 1.0, 0.0, 1.0, 2.0, 13.034722222222221, 3.0, 1.0, 2.0, 1.7976931348623156E306, 1.0, 0.0, 1.0, 0.0, 1.7976931348623156E306, 1.7976931348623156E306, 1.7976931348623156E306, 1.7976931348623156E306, 1.7976931348623156E306, 1.7976931348623156E306, 1.7976931348623156E306, 0.0, 1.7976931348623156E306, 1.7976931348623156E306, 1.7976931348623156E306, 1.7976931348623156E306]
33	MoeSQLmosa	14	3	[126.0, 250.0, 1079.0, 1202.0, 127.0, 1.0, 126.0, 2.0, 1078.0, 2.0, 125.0, 250.0, 1078.0, 126.0, 125.0, 126.0, 150.0, 1.0, 0.0, 1.0, 1.0, 27.91875, 2.0, 0.0, 1.0, 1.7976931348623156E306, 1.7976931348623156E306, 0.0, 1.0, 0.0, 1.7976931348623156E306, 0.0, 1.7976931348623156E306, 1.7976931348623156E306, 1.7976931348623156E306, 1.7976931348623156E306, 1.7976931348623156E306, 1.7976931348623156E306, 0.0, 1.7976931348623156E306, 1.7976931348623156E306, 1.7976931348623156E306]
33	MoeSQLmosa	15	3	[179.0, 1290.0, 180.0, 357.0, 1113.0, 0.0, 1112.0, 1.0, 179.0, 1.0, 248.0, 1360.0, 249.0, 249.0, 248.0, 249.0, 179.0, 1.0, 0.0, 1.0, 1.0, 10.484645837254533, 2.0, 13.347304376880567, 2.0, 1.7976931348623156E306, 0.0, 0.0, 1.0, 0.0, 1.7976931348623156E306, 1.7976931348623156E306, 1.7976931348623156E306, 1.7976931348623156E306, 1.7976931348623156E306, 1.7976931348623156E306, 1.7976931348623156E306, 9.484645837254533, 1.7976931348623156E306, 1.7976931348623156E306, 1.7976931348623156E306, 1.7976931348623156E306]
33	MoeSQLmosa	16	3	[1.0, 149.0, 2.0, 746.0, 151.0, 746.0, 895.0, 747.0, 1.0, 2.0, 0.0, 149.0, 1.0, 1.0, 0.0, 1.0, 986.0, 1.0, 0.0, 1.0, 2.0, 1.0, 2.0, 35.886818606230364, 3.0, 1.7976931348623156E306, 1.0, 1.0, 0.0, 0.0, 1.7976931348623156E306, 1.7976931348623156E306, 1.7976931348623156E306, 1.7976931348623156E306, 1.7976931348623156E306, 1.7976931348623156E306, 1.7976931348623156E306, 0.0, 1.7976931348623156E306, 1.7976931348623156E306, 1.7976931348623156E306, 1.7976931348623156E306]
33	MoeSQLmosa	17	3	[1.7976931348623156E306, 1.7976931348623156E306, 1.7976931348623156E306, 1.7976931348623156E306, 1.7976931348623156E306, 1.7976931348623156E306, 1.7976931348623156E306, 1.7976931348623156E306, 1.7976931348623156E306, 1.7976931348623156E306, 1.7976931348623156E306, 1.7976931348623156E306, 1.7976931348623156E306, 1.7976931348623156E306, 1.7976931348623156E306, 1.7976931348623156E306, 1.7976931348623156E306, 1.7976931348623156E306, 1.7976931348623156E306, 1.7976931348623156E306, 1.7976931348623156E306, 1.7976931348623156E306, 0.0, 1.7976931348623156E306, 1.7976931348623156E306, 3.595386269724631E306, 3.595386269724631E306, 1.7976931348623156E306, 1.7976931348623156E306, 1.7976931348623156E306, 3.595386269724631E306, 3.595386269724631E306, 3.595386269724631E306, 3.595386269724631E306, 3.595386269724631E306, 3.595386269724631E306, 3.595386269724631E306, 3.595386269724631E306, 1.7976931348623156E306, 3.595386269724631E306, 3.595386269724631E306, 3.595386269724631E306]
33	MoeSQLmosa	18	3	[1.7976931348623156E306, 1.7976931348623156E306, 1.7976931348623156E306, 1.7976931348623156E306, 1.7976931348623156E306, 1.7976931348623156E306, 1.7976931348623156E306, 1.7976931348623156E306, 1.7976931348623156E306, 1.7976931348623156E306, 1.7976931348623156E306, 1.7976931348623156E306, 1.7976931348623156E306, 1.7976931348623156E306, 1.7976931348623156E306, 1.7976931348623156E306, 1.7976931348623156E306, 1.7976931348623156E306, 1.7976931348623156E306, 1.7976931348623156E306, 1.7976931348623156E306, 1.7976931348623156E306, 1.7976931348623156E306, 1.7976931348623156E306, 0.0, 3.595386269724631E306, 3.595386269724631E306, 1.7976931348623156E306, 1.7976931348623156E306, 1.7976931348623156E306, 3.595386269724631E306, 3.595386269724631E306, 3.595386269724631E306, 3.595386269724631E306, 3.595386269724631E306, 3.595386269724631E306, 3.595386269724631E306, 3.595386269724631E306, 3.595386269724631E306, 3.595386269724631E306, 3.595386269724631E306, 3.595386269724631E306]
33	MoeSQLmosa	19	3	[313.0, 656.0, 314.0, 624.0, 346.0, 1.0, 345.0, 2.0, 313.0, 2.0, 312.0, 656.0, 313.0, 313.0, 312.0, 313.0, 330.0, 1.0, 0.0, 1.0, 1.0, 0.0, 1.0, 18.539646464646466, 2.0, 1.7976931348623156E306, 1.7976931348623156E306, 0.0, 1.0, 0.0, 1.7976931348623156E306, 1.7976931348623156E306, 0.0, 1.7976931348623156E306, 1.7976931348623156E306, 1.7976931348623156E306, 1.7976931348623156E306, 1.7976931348623156E306, 0.0, 1.7976931348623156E306, 1.7976931348623156E306, 1.7976931348623156E306]
33	MoeSQLmosa	20	3	[612.0, 1299.0, 613.0, 1222.0, 690.0, 1.0, 689.0, 2.0, 612.0, 2.0, 665.0, 1353.0, 666.0, 666.0, 665.0, 666.0, 612.0, 2.0, 1.0, 0.0, 1.7976931348623156E306, 1.7976931348623156E306, 1.7976931348623156E306, 1.7976931348623156E306, 2.0, 3.595386269724631E306, 1.7976931348623156E306, 1.0, 2.0, 0.0, 1.7976931348623156E306, 1.7976931348623156E306, 1.7976931348623156E306, 1.7976931348623156E306, 1.7976931348623156E306, 1.7976931348623156E306, 1.7976931348623156E306, 1.7976931348623156E306, 3.595386269724631E306, 3.595386269724631E306, 3.595386269724631E306, 3.595386269724631E306]
33	MoeSQLmosa	21	3	[127.0, 251.0, 1080.0, 1203.0, 128.0, 2.0, 127.0, 3.0, 1079.0, 3.0, 126.0, 251.0, 1079.0, 127.0, 126.0, 127.0, 1112.0, 0.0, 1.0, 2.0, 2.0, 28.91875, 3.0, 1.0, 2.0, 1.7976931348623156E306, 1.7976931348623156E306, 2.0, 1.0, 0.0, 1.7976931348623156E306, 1.0, 1.7976931348623156E306, 1.7976931348623156E306, 1.7976931348623156E306, 1.7976931348623156E306, 1.7976931348623156E306, 1.7976931348623156E306, 1.7976931348623156E306, 1.7976931348623156E306, 1.7976931348623156E306, 1.7976931348623156E306]
33	MoeSQLmosa	22	3	[0.0, 148.0, 1.0, 745.0, 150.0, 745.0, 894.0, 746.0, 0.0, 1.0, 1.0, 150.0, 2.0, 0.0, 1.0, 2.0, 64.0, 2.0, 1.0, 2.0, 3.0, 2.0, 3.0, 36.886818606230364, 4.0, 1.7976931348623156E306, 2.0, 1.0, 2.0, 1.0, 1.7976931348623156E306, 1.7976931348623156E306, 1.7976931348623156E306, 1.7976931348623156E306, 1.7976931348623156E306, 1.7976931348623156E306, 1.7976931348623156E306, 1.0, 1.7976931348623156E306, 1.7976931348623156E306, 1.7976931348623156E306, 1.7976931348623156E306]
33	MoeSQLmosa	23	3	[0.0, 148.0, 1.0, 745.0, 150.0, 745.0, 894.0, 746.0, 0.0, 1.0, 1.0, 150.0, 2.0, 2.0, 1.0, 0.0, 64.0, 2.0, 1.0, 2.0, 3.0, 2.0, 3.0, 36.886818606230364, 4.0, 1.7976931348623156E306, 2.0, 1.0, 2.0, 1.0, 1.7976931348623156E306, 1.7976931348623156E306, 1.7976931348623156E306, 1.7976931348623156E306, 1.7976931348623156E306, 1.7976931348623156E306, 1.7976931348623156E306, 1.0, 1.7976931348623156E306, 1.7976931348623156E306, 1.7976931348623156E306, 1.7976931348623156E306]
33	MoeSQLmosa	24	3	[246.0, 1163.0, 247.0, 491.0, 919.0, 0.0, 918.0, 1.0, 246.0, 1.0, 283.0, 1201.0, 284.0, 284.0, 283.0, 284.0, 246.0, 1.0, 0.0, 1.0, 2.0, 1.0, 2.0, 1.0, 2.0, 1.7976931348623156E306, 1.7976931348623156E306, 0.0, 1.0, 0.0, 1.7976931348623156E306, 1.7976931348623156E306, 1.7976931348623156E306, 1.7976931348623156E306, 1.7976931348623156E306, 1.7976931348623156E306, 0.0, 1.7976931348623156E306, 0.0, 1.7976931348623156E306, 1.7976931348623156E306, 1.7976931348623156E306]
33	MoeSQLmosa	25	3	[1.0, 895.0, 2.0, 47.0, 897.0, 47.0, 942.0, 48.0, 1.0, 2.0, 0.0, 895.0, 1.0, 1.0, 0.0, 1.0, 44.0, 1.0, 0.0, 1.0, 2.0, 1.0, 2.0, 1.0, 2.0, 1.7976931348623156E306, 1.7976931348623156E306, 0.0, 1.0, 0.0, 1.7976931348623156E306, 1.7976931348623156E306, 1.7976931348623156E306, 1.7976931348623156E306, 1.7976931348623156E306, 0.0, 1.7976931348623156E306, 1.7976931348623156E306, 1.7976931348623156E306, 1.7976931348623156E306, 1.7976931348623156E306, 1.7976931348623156E306]
33	MoeSQLmosa	26	3	[14.0, 898.0, 15.0, 27.0, 886.0, 0.0, 885.0, 1.0, 14.0, 1.0, 895.0, 1780.0, 896.0, 896.0, 895.0, 894.0, 945.0, 1.0, 0.0, 1.0, 2.0, 22.863247863247864, 3.0, 13.034722222222221, 3.0, 1.0, 1.0, 0.0, 1.0, 0.0, 0.0, 1.7976931348623156E306, 1.7976931348623156E306, 1.7976931348623156E306, 1.7976931348623156E306, 1.7976931348623156E306, 1.7976931348623156E306, 0.0, 1.7976931348623156E306, 1.7976931348623156E306, 1.7976931348623156E306, 1.7976931348623156E306]
33	MoeSQLmosa	27	3	[389.0, 1400.0, 390.0, 777.0, 1013.0, 0.0, 1012.0, 1.0, 389.0, 1.0, 789.0, 1801.0, 790.0, 788.0, 789.0, 790.0, 835.0, 1.0, 0.0, 1.0, 1.0, 5.65638662412856, 2.0, 0.0, 1.0, 1.7976931348623156E306, 1.7976931348623156E306, 0.0, 1.0, 0.0, 1.7976931348623156E306, 1.7976931348623156E306, 1.7976931348623156E306, 0.0, 1.7976931348623156E306, 1.7976931348623156E306, 1.7976931348623156E306, 1.7976931348623156E306, 0.0, 1.7976931348623156E306, 1.7976931348623156E306, 1.7976931348623156E306]
33	MoeSQLmosa	28	3	[1.0, 885.0, 2.0, 3.0, 887.0, 3.0, 888.0, 4.0, 1.0, 2.0, 0.0, 885.0, 1.0, 1.0, 0.0, 1.0, 50.0, 1.0, 0.0, 1.0, 1.0, 21.863247863247864, 2.0, 12.034722222222221, 2.0, 0.0, 1.7976931348623156E306, 0.0, 1.0, 0.0, 11.034722222222221, 1.7976931348623156E306, 1.7976931348623156E306, 1.7976931348623156E306, 1.7976931348623156E306, 1.7976931348623156E306, 1.7976931348623156E306, 1.7976931348623156E306, 0.0, 1.7976931348623156E306, 1.7976931348623156E306, 1.7976931348623156E306]
33	MoeSQLmosa	29	3	[1.0, 963.0, 2.0, 5.0, 965.0, 5.0, 968.0, 6.0, 1.0, 2.0, 0.0, 963.0, 1.0, 1.0, 0.0, 1.0, 49.0, 1.0, 0.0, 1.0, 2.0, 3.0, 3.0, 1.0, 2.0, 1.7976931348623156E306, 1.0, 0.0, 1.0, 0.0, 1.7976931348623156E306, 1.7976931348623156E306, 1.7976931348623156E306, 1.7976931348623156E306, 0.0, 1.7976931348623156E306, 1.7976931348623156E306, 0.0, 1.7976931348623156E306, 1.7976931348623156E306, 1.7976931348623156E306, 1.7976931348623156E306]
33	MoeSQLmosa	30	3	[1.0, 0.0, 1.0, 25.0, 3.0, 25.0, 26.0, 25.0, 1.0, 2.0, 2.0, 3.0, 2.0, 1.0, 2.0, 3.0, 53.0, 1.0, 0.0, 1.0, 2.0, 13.034722222222221, 3.0, 12.993055555555557, 3.0, 1.0, 1.0, 0.0, 1.0, 0.0, 0.0, 1.7976931348623156E306, 1.7976931348623156E306, 1.7976931348623156E306, 1.7976931348623156E306, 1.7976931348623156E306, 1.7976931348623156E306, 0.0, 1.7976931348623156E306, 1.7976931348623156E306, 1.7976931348623156E306, 1.7976931348623156E306]
33	MoeSQLmosa	31	3	[1.0, 819.0, 3.0, 0.0, 1.0, 819.0, 1.0, 2.0, 820.0, 819.0, 868.0, 50.0, 52.0, 869.0, 868.0, 869.0, 819.0, 1.0, 0.0, 1.0, 1.7976931348623156E306, 1.7976931348623156E306, 1.0, 1.7976931348623156E306, 1.7976931348623156E306, 1.7976931348623156E306, 3.595386269724631E306, 0.0, 1.0, 0.0, 1.7976931348623156E306, 3.595386269724631E306, 3.595386269724631E306, 3.595386269724631E306, 3.595386269724631E306, 3.595386269724631E306, 3.595386269724631E306, 1.7976931348623156E306, 1.7976931348623156E306, 1.7976931348623156E306, 1.7976931348623156E306, 1.7976931348623156E306]
33	MOTGA	0	9	[0.0, 124.0, 1.0, 3.0, 126.0, 1.0, 126.0, 2.0, 0.0, 1.0, 0.0, 126.0, 1.0, 0.0, 0.0, 1.0, 50.0, 0.0, 0.0, 1.0, 1.0, 2.0, 2.0, 1.0, 2.0, 0.0, 1.0, 0.0, 1.0, 0.0, 1.0, 1.7976931348623156E306, 1.7976931348623156E306, 0.0, 0.0, 1.7976931348623156E306, 1.7976931348623156E306, 0.0, 0.0, 1.7976931348623156E306, 1.7976931348623156E306, 1.7976931348623156E306]
33	MOTGA	1	15	[0.0, 0.0, 1.0, 0.0, 1.0, 0.0, 0.0, 1.0, 0.0, 1.0, 0.0, 2.0, 1.0, 1.0, 0.0, 1.0, 0.0, 1.0, 0.0, 1.0, 1.0, 3.0, 2.0, 0.0, 1.0, 1.0, 1.0, 0.0, 1.0, 0.0, 0.0, 1.7976931348623156E306, 1.7976931348623156E306, 0.0, 1.7976931348623156E306, 0.0, 1.7976931348623156E306, 0.0, 0.0, 1.7976931348623156E306, 0.0, 1.7976931348623156E306]
33	MOTGA	2	17	[0.0, 249.0, 0.0, 357.0, 126.0, 0.0, 125.0, 1.0, 0.0, 1.0, 0.0, 396.0, 0.0, 1.0, 0.0, 0.0, 64.0, 1.0, 0.0, 0.0, 1.0, 0.0, 0.0, 0.0, 1.0, 1.7976931348623156E306, 0.0, 0.0, 0.0, 0.0, 1.7976931348623156E306, 0.0, 1.7976931348623156E306, 1.7976931348623156E306, 1.7976931348623156E306, 1.7976931348623156E306, 0.0, 0.0, 0.0, 1.7976931348623156E306, 1.7976931348623156E306, 1.7976931348623156E306]
33	MOTGA	3	23	[0.0, 688.0, 2.0, 244.15315860215054, 0.0, 0.0, 345.0, 0.0, 1.0, 0.0, 0.0, 0.0, 1.0, 1.0, 0.0, 1.0, 39.0, 1.0, 0.0, 1.0, 0.0, 0.0, 1.0, 0.0, 0.0, 1.7976931348623156E306, 1.0, 0.0, 1.0, 0.0, 1.7976931348623156E306, 0.0, 0.0, 1.7976931348623156E306, 1.7976931348623156E306, 1.7976931348623156E306, 1.7976931348623156E306, 0.0, 0.0, 0.0, 0.0, 0.0]
34	MoeSQLmosa	0	1	[0.0, 1.0, 1.0, 1.0, 1.0]
34	MoeSQLmosa	1	2	[18.373809523809523, 0.0, 1.0, 0.0, 1.0]
34	MoeSQLmosa	2	1	[1.7976931348623156E306, 1.7976931348623156E306, 1.7976931348623156E306, 1.7976931348623156E306, 0.0]
34	MoeSQLmosa	3	1	[1.7976931348623156E306, 1.7976931348623156E306, 0.0, 1.7976931348623156E306, 1.7976931348623156E306]
34	MOTGA	0	5	[0.0, 0.0, 0.0, 0.0, 0.0]
35	MoeSQLmosa	0	1	[9.733474843564121, 10.733474843564121, 10.733474843564121, 0.0, 1.0, 10.733474843564121, 10.733474843564121]
35	MoeSQLmosa	1	1	[1.7976931348623156E306, 1.7976931348623156E306, 1.7976931348623156E306, 1.7976931348623156E306, 0.0, 1.7976931348623156E306, 1.7976931348623156E306]
35	MoeSQLmosa	2	1	[12.838058293332127, 13.838058293332127, 13.838058293332127, 13.838058293332127, 13.838058293332127, 0.0, 1.0]
35	MoeSQLmosa	3	1	[22.36138861138861, 0.0, 1.0, 23.36138861138861, 23.36138861138861, 23.36138861138861, 23.36138861138861]
35	MoeSQLmosa	4	1	[1.7976931348623156E306, 1.7976931348623156E306, 1.7976931348623156E306, 1.7976931348623156E306, 1.7976931348623156E306, 1.7976931348623156E306, 0.0]
35	MoeSQLmosa	5	1	[0.0, 1.0, 1.0, 1.0, 1.0, 1.0, 1.0]
35	MoeSQLmosa	6	1	[1.7976931348623156E306, 1.7976931348623156E306, 0.0, 1.7976931348623156E306, 1.7976931348623156E306, 1.7976931348623156E306, 1.7976931348623156E306]
35	MOTGA	0	7	[0.0, 0.0, 0.0, 0.0, 0.0, 0.0, 0.0]
36	MoeSQLmosa	0	1	[1.7976931348623156E306, 1.7976931348623156E306, 0.0]
36	MoeSQLmosa	1	2	[0.0, 0.0, 1.0]
36	MOTGA	0	3	[0.0, 0.0, 0.0]
37	MoeSQLmosa	0	1	[165.0, 164.0, 165.0, 164.0, 221.0, 165.0, 225.0, 165.0, 165.0, 165.0, 164.0, 165.0, 164.0, 163.0, 165.0, 165.0, 0.0]
37	MoeSQLmosa	1	1	[1.0, 0.0, 1.0, 0.0, 57.0, 1.0, 61.0, 1.0, 1.0, 1.0, 0.0, 1.0, 0.0, 1.0, 1.0, 1.0, 0.0]
37	MoeSQLmosa	2	1	[1.7976931348623156E306, 1.7976931348623156E306, 1.7976931348623156E306, 1.7976931348623156E306, 1.7976931348623156E306, 0.0, 1.7976931348623156E306, 1.7976931348623156E306, 1.7976931348623156E306, 1.7976931348623156E306, 1.7976931348623156E306, 1.7976931348623156E306, 1.7976931348623156E306, 1.7976931348623156E306, 1.7976931348623156E306, 1.7976931348623156E306, 1.7976931348623156E306]
37	MoeSQLmosa	3	1	[20.0, 19.0, 20.0, 19.0, 63.0, 20.0, 0.0, 1.0, 20.0, 20.0, 19.0, 20.0, 19.0, 20.0, 20.0, 20.0, 19.0]
37	MoeSQLmosa	4	1	[2.0, 1.0, 2.0, 1.0, 72.0, 2.0, 20.0, 2.0, 0.0, 1.0, 35.0, 2.0, 1.0, 2.0, 2.0, 2.0, 1.0]
37	MoeSQLmosa	5	1	[22.368878745545384, 21.368878745545384, 22.368878745545384, 21.368878745545384, 80.36887874554539, 22.368878745545384, 56.36887874554539, 22.368878745545384, 1.7976931348623156E306, 21.368878745545384, 1.7976931348623156E306, 22.368878745545384, 21.368878745545384, 22.368878745545384, 0.0, 1.0, 21.368878745545384]
37	MoeSQLmosa	6	1	[55.0, 54.0, 55.0, 54.0, 0.0, 1.0, 112.0, 55.0, 55.0, 55.0, 54.0, 55.0, 54.0, 55.0, 55.0, 55.0, 54.0]
37	MoeSQLmosa	7	1	[1.7976931348623156E306, 1.7976931348623156E306, 1.7976931348623156E306, 1.7976931348623156E306, 1.7976931348623156E306, 1.7976931348623156E306, 1.7976931348623156E306, 1.7976931348623156E306, 1.7976931348623156E306, 1.7976931348623156E306, 1.7976931348623156E306, 1.7976931348623156E306, 1.7976931348623156E306, 1.7976931348623156E306, 1.7976931348623156E306, 0.0, 1.7976931348623156E306]
37	MoeSQLmosa	8	1	[2.0, 1.0, 2.0, 1.0, 58.0, 2.0, 56.0, 2.0, 2.0, 2.0, 1.0, 0.0, 1.0, 2.0, 2.0, 2.0, 0.0]
37	MoeSQLmosa	9	1	[1.0, 0.0, 1.0, 0.0, 57.0, 1.0, 61.0, 1.0, 1.7976931348623156E306, 0.0, 1.7976931348623156E306, 1.0, 0.0, 1.0, 1.0, 1.0, 0.0]
37	MoeSQLmosa	10	1	[1.7976931348623156E306, 1.7976931348623156E306, 1.7976931348623156E306, 1.7976931348623156E306, 1.7976931348623156E306, 1.7976931348623156E306, 1.7976931348623156E306, 0.0, 1.7976931348623156E306, 1.7976931348623156E306, 1.7976931348623156E306, 1.7976931348623156E306, 1.7976931348623156E306, 1.7976931348623156E306, 1.7976931348623156E306, 1.7976931348623156E306, 1.7976931348623156E306]
37	MoeSQLmosa	11	1	[0.0, 1.0, 2.0, 1.0, 30.0, 2.0, 9.0, 2.0, 2.0, 2.0, 1.0, 2.0, 1.0, 2.0, 2.0, 2.0, 1.0]
37	MoeSQLmosa	12	1	[2.0, 1.0, 2.0, 1.0, 56.0, 2.0, 36.0, 2.0, 2.0, 2.0, 1.0, 2.0, 1.0, 0.0, 2.0, 2.0, 0.0]
37	MoeSQLmosa	13	1	[2.0, 1.0, 0.0, 1.0, 58.0, 2.0, 62.0, 2.0, 2.0, 2.0, 1.0, 2.0, 1.0, 2.0, 2.0, 2.0, 1.0]
37	MOTGA	0	13	[0.0, 0.0, 0.0, 0.0, 0.0, 0.0, 0.0, 0.0, 0.0, 0.0, 0.0, 0.0, 0.0, 0.0, 0.0, 0.0, 0.0]
38	MoeSQLmosa	0	2	[0.0, 0.0]
38	MOTGA	0	2	[0.0, 0.0]
39	MoeSQLmosa	0	2	[1.0, 0.0, 1.0, 2.0, 1.0, 0.0]
39	MoeSQLmosa	1	1	[0.0, 1.0, 2.0, 3.0, 2.0, 1.0]
39	MoeSQLmosa	2	1	[155.0, 154.0, 153.0, 1.0, 0.0, 1.0]
39	MoeSQLmosa	3	1	[2.0, 1.0, 0.0, 2.0, 1.0, 0.0]
39	MoeSQLmosa	4	1	[542.0, 541.0, 540.0, 0.0, 1.0, 2.0]
39	MOTGA	0	4	[0.0, 0.0, 0.0, 0.0, 0.0, 0.0]
40	MoeSQLmosa	0	1	[38.506410256410255, 0.0, 1.0, 39.506410256410255, 39.506410256410255, 39.506410256410255, 39.506410256410255]
40	MoeSQLmosa	1	1	[17.9794061302682, 18.9794061302682, 18.9794061302682, 18.9794061302682, 18.9794061302682, 0.0, 1.0]
40	MoeSQLmosa	2	1	[19.216233766233767, 20.216233766233767, 20.216233766233767, 0.0, 1.0, 20.216233766233767, 20.216233766233767]
40	MoeSQLmosa	3	1	[1.7976931348623156E306, 1.7976931348623156E306, 1.7976931348623156E306, 1.7976931348623156E306, 0.0, 1.7976931348623156E306, 1.7976931348623156E306]
40	MoeSQLmosa	4	1	[0.0, 1.0, 1.0, 1.0, 1.0, 1.0, 1.0]
40	MoeSQLmosa	5	1	[1.7976931348623156E306, 1.7976931348623156E306, 1.7976931348623156E306, 1.7976931348623156E306, 1.7976931348623156E306, 1.7976931348623156E306, 0.0]
40	MoeSQLmosa	6	1	[1.7976931348623156E306, 1.7976931348623156E306, 0.0, 1.7976931348623156E306, 1.7976931348623156E306, 1.7976931348623156E306, 1.7976931348623156E306]
40	MOTGA	0	7	[0.0, 0.0, 0.0, 0.0, 0.0, 0.0, 0.0]
41	MoeSQLmosa	0	1	[1.0, 0.0, 1.0, 0.0, 1.0, 1.0, 1.0, 0.0, 1.0]
41	MoeSQLmosa	1	1	[2.0, 1.0, 0.0, 1.0, 2.0, 2.0, 2.0, 1.0, 2.0]
41	MoeSQLmosa	2	1	[21.445792259998843, 20.445792259998843, 21.445792259998843, 20.445792259998843, 0.0, 1.0, 21.445792259998843, 20.445792259998843, 21.445792259998843]
41	MoeSQLmosa	3	1	[2.0, 1.0, 2.0, 1.0, 2.0, 2.0, 0.0, 1.0, 2.0]
41	MoeSQLmosa	4	1	[0.0, 1.0, 2.0, 1.0, 2.0, 2.0, 2.0, 1.0, 2.0]
41	MoeSQLmosa	5	1	[2.0, 1.0, 2.0, 1.0, 2.0, 2.0, 2.0, 1.0, 0.0]
41	MoeSQLmosa	6	1	[1.7976931348623156E306, 1.7976931348623156E306, 1.7976931348623156E306, 1.7976931348623156E306, 1.7976931348623156E306, 0.0, 1.7976931348623156E306, 1.7976931348623156E306, 1.7976931348623156E306]
41	MOTGA	0	7	[0.0, 0.0, 0.0, 0.0, 0.0, 0.0, 0.0, 0.0, 0.0]
42	MoeSQLmosa	0	2	[0.0, 0.0]
42	MOTGA	0	2	[0.0, 0.0]
43	MoeSQLmosa	0	1	[1.0, 0.0]
43	MoeSQLmosa	1	1	[0.0, 19.244663382594418]
43	MOTGA	0	2	[0.0, 0.0]
44	MoeSQLmosa	0	1	[2.0, 1.0, 0.0, 1.0, 2.0]
44	MoeSQLmosa	1	1	[1.0, 0.0, 1.0, 0.0, 1.0]
44	MoeSQLmosa	2	1	[0.0, 1.0, 2.0, 1.0, 2.0]
44	MoeSQLmosa	3	1	[44.32621082621082, 43.32621082621082, 44.32621082621082, 43.32621082621082, 0.0]
44	MOTGA	0	4	[0.0, 0.0, 0.0, 0.0, 0.0]
45	MoeSQLmosa	0	1	[0.0, 32.33042610983787]
45	MoeSQLmosa	1	1	[1.0, 0.0]
45	MOTGA	0	2	[0.0, 0.0]
46	MoeSQLmosa	0	1	[1.0, 0.0]
46	MoeSQLmosa	1	1	[0.0, 38.66811624699835]
46	MOTGA	0	2	[0.0, 0.0]
47	MoeSQLmosa	0	1	[0.0, 41.57441927990708]
47	MoeSQLmosa	1	1	[1.0, 0.0]
47	MOTGA	0	2	[0.0, 0.0]
48	MoeSQLmosa	0	2	[0.0, 0.0, 1.0, 22.319694989106758, 0.0]
48	MoeSQLmosa	1	1	[1.7976931348623156E306, 1.7976931348623156E306, 0.0, 1.7976931348623156E306, 1.7976931348623156E306]
48	MoeSQLmosa	2	1	[1.0, 2.0, 2.0, 0.0, 0.0]
48	MOTGA	0	4	[0.0, 0.0, 0.0, 0.0, 0.0]
49	MoeSQLmosa	0	1	[9.991613553634014, 8.991613553634014, 7.991613553634013, 7.991613553634013, 0.0, 8.991613553634014, 7.991613553634013, 8.991613553634014]
49	MoeSQLmosa	1	1	[1.0, 0.0, 1.0, 1.0, 2.0, 2.0, 1.0, 2.0]
49	MoeSQLmosa	2	1	[865.0892773169202, 864.0892773169202, 863.0892773169202, 1.0, 2.0, 2.0, 1.0, 0.0]
49	MoeSQLmosa	3	1	[761.1395055248528, 760.1395055248528, 759.1395055248528, 0.0, 1.0, 1.0, 0.0, 1.0]
49	MoeSQLmosa	4	1	[3.0, 2.0, 1.0, 1.0, 2.0, 0.0, 1.0, 2.0]
49	MoeSQLmosa	5	1	[2.0, 1.0, 0.0, 0.0, 1.0, 1.0, 0.0, 1.0]
49	MoeSQLmosa	6	1	[0.0, 1.0, 2.0, 2.0, 3.0, 3.0, 2.0, 3.0]
49	MOTGA	0	6	[0.0, 0.0, 0.0, 0.0, 0.0, 0.0, 0.0, 0.0]
50	MoeSQLmosa	0	1	[11.682221424007839, 12.682221424007839, 12.682221424007839, 0.0, 1.0, 12.682221424007839, 12.682221424007839]
50	MoeSQLmosa	1	1	[26.789858238623854, 0.0, 1.0, 27.789858238623854, 27.789858238623854, 27.789858238623854, 27.789858238623854]
50	MoeSQLmosa	2	1	[1.7976931348623156E306, 1.7976931348623156E306, 0.0, 1.7976931348623156E306, 1.7976931348623156E306, 1.7976931348623156E306, 1.7976931348623156E306]
50	MoeSQLmosa	3	1	[9.21, 10.21, 10.21, 10.21, 10.21, 0.0, 1.0]
50	MoeSQLmosa	4	1	[0.0, 1.0, 1.0, 1.0, 1.0, 1.0, 1.0]
50	MoeSQLmosa	5	1	[1.7976931348623156E306, 1.7976931348623156E306, 1.7976931348623156E306, 1.7976931348623156E306, 1.7976931348623156E306, 1.7976931348623156E306, 0.0]
50	MoeSQLmosa	6	1	[1.7976931348623156E306, 1.7976931348623156E306, 1.7976931348623156E306, 1.7976931348623156E306, 0.0, 1.7976931348623156E306, 1.7976931348623156E306]
50	MOTGA	0	7	[0.0, 0.0, 0.0, 0.0, 0.0, 0.0, 0.0]
51	MoeSQLmosa	0	2	[0.0, 0.0]
51	MOTGA	0	2	[0.0, 0.0]
52	MoeSQLmosa	0	1	[44.0, 0.0, 1.0, 1.0, 45.0, 44.0, 45.0, 45.0, 45.0]
52	MoeSQLmosa	1	1	[42.77196185457054, 75.77196185457055, 43.77196185457054, 43.77196185457054, 43.77196185457054, 42.77196185457054, 43.77196185457054, 0.0, 1.0]
52	MoeSQLmosa	2	1	[0.0, 38.0, 1.0, 1.0, 1.0, 0.0, 1.0, 1.0, 1.0]
52	MoeSQLmosa	3	1	[1.7976931348623156E306, 0.0, 1.0, 0.0, 1.7976931348623156E306, 1.7976931348623156E306, 1.7976931348623156E306, 1.7976931348623156E306, 1.7976931348623156E306]
52	MoeSQLmosa	4	1	[1.7976931348623156E306, 1.7976931348623156E306, 1.7976931348623156E306, 1.7976931348623156E306, 1.7976931348623156E306, 1.7976931348623156E306, 1.7976931348623156E306, 1.7976931348623156E306, 0.0]
52	MoeSQLmosa	5	1	[1.0, 54.0, 2.0, 2.0, 2.0, 1.0, 0.0, 2.0, 2.0]
52	MoeSQLmosa	6	1	[1.7976931348623156E306, 1.7976931348623156E306, 0.0, 1.0, 1.7976931348623156E306, 1.7976931348623156E306, 1.7976931348623156E306, 1.7976931348623156E306, 1.7976931348623156E306]
52	MoeSQLmosa	7	1	[1.0, 42.0, 2.0, 2.0, 0.0, 1.0, 2.0, 2.0, 2.0]
52	MOTGA	0	7	[0.0, 0.0, 0.0, 0.0, 0.0, 0.0, 0.0, 0.0, 0.0]
53	MoeSQLmosa	0	1	[0.0, 1.0, 1.0]
53	MoeSQLmosa	1	1	[1.0, 0.0, 0.0]
53	MOTGA	0	2	[0.0, 0.0, 0.0]
54	MoeSQLmosa	0	2	[11.027777777777779, 12.027777777777779, 12.027777777777779, 0.0, 1.0, 0.0, 1.0]
54	MoeSQLmosa	1	1	[34.79273809523809, 0.0, 1.0, 35.79273809523809, 35.79273809523809, 35.79273809523809, 35.79273809523809]
54	MoeSQLmosa	2	1	[0.0, 1.0, 1.0, 1.0, 1.0, 1.0, 1.0]
54	MoeSQLmosa	3	1	[1.7976931348623156E306, 1.7976931348623156E306, 1.7976931348623156E306, 1.7976931348623156E306, 1.7976931348623156E306, 1.7976931348623156E306, 0.0]
54	MoeSQLmosa	4	1	[1.7976931348623156E306, 1.7976931348623156E306, 0.0, 1.7976931348623156E306, 1.7976931348623156E306, 1.7976931348623156E306, 1.7976931348623156E306]
54	MoeSQLmosa	5	1	[1.7976931348623156E306, 1.7976931348623156E306, 1.7976931348623156E306, 1.7976931348623156E306, 0.0, 1.7976931348623156E306, 1.7976931348623156E306]
54	MOTGA	0	7	[0.0, 0.0, 0.0, 0.0, 0.0, 0.0, 0.0]
55	MoeSQLmosa	0	1	[1.0, 0.0]
55	MoeSQLmosa	1	1	[0.0, 26.84290288544385]
55	MOTGA	0	2	[0.0, 0.0]
56	MoeSQLmosa	0	1	[1.0, 0.0]
56	MoeSQLmosa	1	1	[0.0, 31.075937950937952]
56	MOTGA	0	2	[0.0, 0.0]
58	MoeSQLmosa	0	2	[0.0, 0.0]
58	MOTGA	0	2	[0.0, 0.0]
59	MoeSQLmosa	0	1	[0.0, 26.260229900273007, 1.0]
59	MoeSQLmosa	1	1	[1.7976931348623156E306, 1.7976931348623156E306, 0.0]
59	MoeSQLmosa	2	1	[1.0, 0.0, 1.0]
59	MOTGA	0	3	[0.0, 0.0, 0.0]
60	MoeSQLmosa	0	1	[14.56158709860756, 13.56158709860756, 14.56158709860756, 13.56158709860756, 0.0, 1.0]
60	MoeSQLmosa	1	1	[1.7976931348623156E306, 1.7976931348623156E306, 1.7976931348623156E306, 1.7976931348623156E306, 1.7976931348623156E306, 0.0]
60	MoeSQLmosa	2	1	[2.0, 1.0, 0.0, 1.0, 2.0, 2.0]
60	MoeSQLmosa	3	1	[1.0, 0.0, 1.0, 0.0, 1.0, 1.0]
60	MoeSQLmosa	4	1	[0.0, 1.0, 2.0, 1.0, 2.0, 2.0]
60	MOTGA	0	5	[0.0, 0.0, 0.0, 0.0, 0.0, 0.0]
61	MoeSQLmosa	0	1	[0.0, 35.30433363152734]
61	MoeSQLmosa	1	1	[1.0, 0.0]
61	MOTGA	0	2	[0.0, 0.0]
62	MoeSQLmosa	0	1	[2.0, 29.0, 3.0, 1.0, 3.0, 3.0, 3.0, 2.0, 1.0, 2.0, 1.0, 2.0, 2.0, 1.0, 0.0, 1.0, 2.0, 2.0, 2.0, 2.0, 2.0, 2.0, 2.0, 30.0, 2.0, 3.0, 2.0, 1.0, 1.0, 2.0, 2.0, 1.0, 1.0, 2.0, 2.0, 1.0, 1.0, 2.0, 1.0, 2.0, 1.0, 2.0, 1.0, 2.0]
62	MoeSQLmosa	1	1	[2.0, 29.0, 3.0, 1.0, 3.0, 3.0, 3.0, 2.0, 1.0, 2.0, 1.0, 2.0, 0.0, 1.0, 2.0, 1.0, 2.0, 2.0, 2.0, 2.0, 2.0, 2.0, 2.0, 30.0, 2.0, 3.0, 2.0, 1.0, 1.0, 2.0, 2.0, 1.0, 1.0, 2.0, 2.0, 1.0, 1.0, 2.0, 1.0, 2.0, 1.0, 2.0, 1.0, 2.0]
62	MoeSQLmosa	2	1	[26.0, 53.0, 27.0, 25.0, 27.0, 27.0, 27.0, 26.0, 25.0, 26.0, 25.0, 26.0, 26.0, 25.0, 26.0, 25.0, 26.0, 26.0, 26.0, 26.0, 26.0, 0.0, 26.0, 54.0, 26.0, 27.0, 26.0, 25.0, 25.0, 26.0, 26.0, 25.0, 25.0, 26.0, 25.0, 26.0, 0.0, 1.0, 25.0, 26.0, 25.0, 26.0, 25.0, 26.0]
62	MoeSQLmosa	3	1	[13.0, 12.0, 13.0, 35.27309523809524, 14.0, 14.0, 15.0, 14.0, 13.0, 13.0, 12.0, 13.0, 13.0, 12.0, 13.0, 12.0, 13.0, 0.0, 13.0, 13.0, 13.0, 13.0, 13.0, 34.0, 12.0, 13.0, 12.0, 13.0, 0.0, 1.0, 12.0, 13.0, 13.0, 12.0, 12.0, 13.0, 12.0, 13.0, 12.0, 13.0, 12.0, 13.0, 12.0, 13.0]
62	MoeSQLmosa	4	1	[2.0, 29.0, 3.0, 1.0, 3.0, 3.0, 463.0, 462.0, 461.0, 0.0, 1.0, 2.0, 2.0, 1.0, 2.0, 1.0, 2.0, 2.0, 2.0, 2.0, 2.0, 2.0, 2.0, 28.0, 2.0, 3.0, 2.0, 1.0, 1.0, 2.0, 2.0, 1.0, 1.0, 2.0, 1.0, 2.0, 2.0, 1.0, 1.0, 2.0, 2.0, 1.0, 2.0, 1.0]
62	MoeSQLmosa	5	1	[34.0, 61.0, 35.0, 33.0, 35.0, 35.0, 35.0, 34.0, 33.0, 34.0, 33.0, 34.0, 34.0, 33.0, 34.0, 33.0, 34.0, 34.0, 0.0, 34.0, 34.0, 34.0, 34.0, 54.0, 34.0, 35.0, 34.0, 33.0, 33.0, 34.0, 0.0, 1.0, 33.0, 34.0, 34.0, 33.0, 33.0, 34.0, 33.0, 34.0, 33.0, 34.0, 33.0, 34.0]
62	MoeSQLmosa	6	1	[12.664206267302244, 38.02365617412057, 13.664206267302244, 11.664206267302244, 13.664206267302244, 13.664206267302244, 13.664206267302244, 12.664206267302244, 11.664206267302244, 12.664206267302244, 11.664206267302244, 12.664206267302244, 12.664206267302244, 11.664206267302244, 12.664206267302244, 11.664206267302244, 12.664206267302244, 12.664206267302244, 12.664206267302244, 12.664206267302244, 12.664206267302244, 12.664206267302244, 0.0, 40.66420626730225, 12.664206267302244, 13.664206267302244, 12.664206267302244, 11.664206267302244, 11.664206267302244, 12.664206267302244, 11.664206267302244, 12.664206267302244, 11.664206267302244, 12.664206267302244, 12.664206267302244, 11.664206267302244, 11.664206267302244, 12.664206267302244, 0.0, 1.0, 11.664206267302244, 12.664206267302244, 11.664206267302244, 12.664206267302244]
62	MoeSQLmosa	7	1	[1.0, 28.0, 2.0, 0.0, 2.0, 2.0, 2.0, 1.0, 0.0, 1.0, 0.0, 1.0, 1.0, 0.0, 1.0, 0.0, 1.0, 1.0, 1.0, 1.0, 1.0, 1.0, 1.0, 29.0, 1.0, 2.0, 1.0, 0.0, 0.0, 1.0, 1.0, 0.0, 0.0, 1.0, 0.0, 1.0, 0.0, 1.0, 0.0, 1.0, 0.0, 1.0, 0.0, 1.0]
62	MoeSQLmosa	8	1	[2.0, 29.0, 3.0, 1.0, 3.0, 3.0, 1.0, 0.0, 1.0, 2.0, 1.0, 2.0, 2.0, 1.0, 2.0, 1.0, 2.0, 2.0, 2.0, 2.0, 2.0, 2.0, 2.0, 28.0, 2.0, 3.0, 2.0, 1.0, 1.0, 2.0, 2.0, 1.0, 1.0, 2.0, 1.0, 2.0, 2.0, 1.0, 1.0, 2.0, 2.0, 1.0, 2.0, 1.0]
62	MoeSQLmosa	9	1	[1.0, 28.0, 2.0, 0.0, 2.0, 2.0, 2.0, 1.0, 0.0, 1.0, 0.0, 1.0, 1.0, 0.0, 1.0, 0.0, 1.0, 1.0, 1.0, 1.0, 1.0, 1.0, 1.0, 29.0, 1.0, 2.0, 1.0, 0.0, 0.0, 1.0, 1.0, 0.0, 0.0, 1.0, 0.0, 1.0, 1.0, 0.0, 0.0, 1.0, 0.0, 1.0, 0.0, 1.0]
62	MoeSQLmosa	10	1	[1.0, 26.359449906818323, 2.0, 0.0, 2.0, 2.0, 2.0, 1.0, 0.0, 1.0, 0.0, 1.0, 1.0, 0.0, 1.0, 0.0, 1.0, 1.0, 1.0, 1.0, 1.0, 1.0, 1.0, 29.0, 1.0, 2.0, 1.0, 0.0, 0.0, 1.0, 0.0, 1.0, 0.0, 1.0, 1.0, 0.0, 0.0, 1.0, 0.0, 1.0, 0.0, 1.0, 0.0, 1.0]
62	MoeSQLmosa	11	1	[15.740137897917428, 42.74013789791743, 16.74013789791743, 14.740137897917428, 16.74013789791743, 16.74013789791743, 16.74013789791743, 15.740137897917428, 14.740137897917428, 15.740137897917428, 14.740137897917428, 15.740137897917428, 15.740137897917428, 14.740137897917428, 15.740137897917428, 14.740137897917428, 0.0, 15.740137897917428, 15.740137897917428, 15.740137897917428, 15.740137897917428, 15.740137897917428, 15.740137897917428, 43.74013789791743, 15.740137897917428, 16.74013789791743, 0.0, 1.0, 14.740137897917428, 15.740137897917428, 15.740137897917428, 14.740137897917428, 14.740137897917428, 15.740137897917428, 14.740137897917428, 15.740137897917428, 14.740137897917428, 15.740137897917428, 14.740137897917428, 15.740137897917428, 14.740137897917428, 15.740137897917428, 14.740137897917428, 15.740137897917428]
62	MoeSQLmosa	12	1	[28.0, 55.0, 29.0, 27.0, 29.0, 29.0, 29.0, 28.0, 27.0, 28.0, 27.0, 28.0, 28.0, 27.0, 28.0, 27.0, 28.0, 28.0, 28.0, 28.0, 0.0, 28.0, 28.0, 56.0, 28.0, 29.0, 28.0, 27.0, 27.0, 28.0, 28.0, 27.0, 27.0, 28.0, 0.0, 1.0, 27.0, 28.0, 27.0, 28.0, 27.0, 28.0, 27.0, 28.0]
62	MoeSQLmosa	13	1	[0.0, 27.0, 1.0, 15.0, 1.0, 1.0, 3.0, 2.0, 1.0, 2.0, 1.0, 2.0, 2.0, 1.0, 2.0, 1.0, 2.0, 2.0, 2.0, 2.0, 2.0, 2.0, 2.0, 30.0, 1.0, 2.0, 2.0, 1.0, 1.0, 2.0, 2.0, 1.0, 1.0, 2.0, 1.0, 2.0, 1.0, 2.0, 1.0, 2.0, 1.0, 2.0, 1.0, 2.0]
62	MoeSQLmosa	14	1	[28.0, 27.0, 28.0, 50.27309523809524, 29.0, 29.0, 29.0, 28.0, 27.0, 28.0, 27.0, 28.0, 28.0, 27.0, 28.0, 27.0, 28.0, 28.0, 28.0, 0.0, 28.0, 28.0, 28.0, 49.0, 27.0, 28.0, 27.0, 28.0, 27.0, 28.0, 27.0, 28.0, 0.0, 1.0, 27.0, 28.0, 27.0, 28.0, 27.0, 28.0, 27.0, 28.0, 27.0, 28.0]
62	MoeSQLmosa	15	1	[59.0, 86.0, 60.0, 58.0, 60.0, 60.0, 520.0, 519.0, 518.0, 59.0, 58.0, 59.0, 59.0, 58.0, 59.0, 58.0, 59.0, 59.0, 59.0, 59.0, 59.0, 59.0, 59.0, 0.0, 59.0, 60.0, 59.0, 58.0, 58.0, 59.0, 59.0, 58.0, 58.0, 59.0, 58.0, 59.0, 59.0, 58.0, 58.0, 59.0, 1.0, 0.0, 0.0, 1.0]
62	MoeSQLmosa	16	1	[1.0, 0.0, 1.0, 23.27309523809524, 2.0, 2.0, 2.0, 1.0, 0.0, 1.0, 0.0, 1.0, 1.0, 0.0, 1.0, 0.0, 1.0, 1.0, 1.0, 1.0, 1.0, 1.0, 1.0, 22.0, 0.0, 1.0, 0.0, 1.0, 1.0, 0.0, 0.0, 1.0, 1.0, 0.0, 0.0, 1.0, 0.0, 1.0, 0.0, 1.0, 0.0, 1.0, 0.0, 1.0]
62	MoeSQLmosa	17	1	[1.0, 28.0, 2.0, 0.0, 2.0, 2.0, 3.0, 2.0, 1.0, 1.0, 0.0, 1.0, 1.0, 0.0, 1.0, 0.0, 1.0, 1.0, 1.0, 1.0, 1.0, 1.0, 1.0, 27.0, 1.0, 2.0, 1.0, 0.0, 0.0, 1.0, 1.0, 0.0, 0.0, 1.0, 0.0, 1.0, 1.0, 0.0, 0.0, 1.0, 1.0, 0.0, 1.0, 0.0]
62	MoeSQLmosa	18	1	[1.0, 0.0, 1.0, 16.0, 2.0, 2.0, 2.0, 1.0, 0.0, 1.0, 0.0, 1.0, 1.0, 0.0, 1.0, 0.0, 1.0, 1.0, 1.0, 1.0, 1.0, 1.0, 1.0, 22.0, 1.0, 0.0, 0.0, 1.0, 1.0, 0.0, 0.0, 1.0, 1.0, 0.0, 0.0, 1.0, 0.0, 1.0, 0.0, 1.0, 0.0, 1.0, 0.0, 1.0]
62	MoeSQLmosa	19	1	[1.0, 2.0, 2.0, 23.27309523809524, 0.0, 0.0, 2.0, 1.0, 0.0, 1.0, 0.0, 1.0, 1.0, 0.0, 1.0, 0.0, 1.0, 1.0, 1.0, 1.0, 1.0, 1.0, 1.0, 26.0, 0.0, 1.0, 0.0, 1.0, 1.0, 0.0, 0.0, 1.0, 1.0, 0.0, 0.0, 1.0, 0.0, 1.0, 0.0, 1.0, 0.0, 1.0, 0.0, 1.0]
62	MoeSQLmosa	20	1	[1.0, 0.0, 1.0, 23.27309523809524, 2.0, 2.0, 2.0, 1.0, 0.0, 1.0, 0.0, 1.0, 1.0, 0.0, 1.0, 0.0, 1.0, 1.0, 1.0, 1.0, 1.0, 1.0, 1.0, 22.0, 0.0, 1.0, 0.0, 1.0, 1.0, 0.0, 0.0, 1.0, 1.0, 0.0, 0.0, 1.0, 0.0, 1.0, 1.0, 0.0, 0.0, 1.0, 0.0, 1.0]
62	MoeSQLmosa	21	1	[2.0, 1.0, 2.0, 24.27309523809524, 3.0, 3.0, 3.0, 2.0, 1.0, 2.0, 1.0, 0.0, 2.0, 1.0, 2.0, 1.0, 2.0, 2.0, 2.0, 2.0, 2.0, 2.0, 2.0, 23.0, 1.0, 2.0, 1.0, 2.0, 2.0, 1.0, 1.0, 2.0, 2.0, 1.0, 1.0, 2.0, 1.0, 2.0, 1.0, 2.0, 1.0, 2.0, 1.0, 2.0]
62	MoeSQLmosa	22	1	[3.0, 2.0, 3.0, 25.27309523809524, 4.0, 4.0, 0.0, 1.0, 2.0, 3.0, 2.0, 3.0, 3.0, 2.0, 3.0, 2.0, 3.0, 3.0, 3.0, 3.0, 3.0, 3.0, 3.0, 24.0, 2.0, 3.0, 2.0, 3.0, 3.0, 2.0, 2.0, 3.0, 3.0, 2.0, 2.0, 3.0, 2.0, 3.0, 2.0, 3.0, 2.0, 3.0, 2.0, 3.0]
62	MoeSQLmosa	23	1	[1.7976931348623156E306, 1.7976931348623156E306, 0.0, 1.7976931348623156E306, 1.7976931348623156E306, 1.7976931348623156E306, 1.7976931348623156E306, 1.7976931348623156E306, 1.7976931348623156E306, 1.7976931348623156E306, 1.7976931348623156E306, 1.7976931348623156E306, 1.7976931348623156E306, 1.7976931348623156E306, 1.7976931348623156E306, 1.7976931348623156E306, 1.7976931348623156E306, 1.7976931348623156E306, 1.7976931348623156E306, 1.7976931348623156E306, 1.7976931348623156E306, 1.7976931348623156E306, 1.7976931348623156E306, 1.7976931348623156E306, 1.7976931348623156E306, 1.7976931348623156E306, 1.7976931348623156E306, 1.7976931348623156E306, 1.7976931348623156E306, 1.7976931348623156E306, 1.7976931348623156E306, 1.7976931348623156E306, 1.7976931348623156E306, 1.7976931348623156E306, 1.7976931348623156E306, 1.7976931348623156E306, 1.7976931348623156E306, 1.7976931348623156E306, 1.7976931348623156E306, 1.7976931348623156E306, 1.7976931348623156E306, 1.7976931348623156E306, 1.7976931348623156E306, 1.7976931348623156E306]
62	MOTGA	0	21	[0.0, 0.0, 0.0, 0.0, 0.0, 0.0, 0.0, 0.0, 0.0, 0.0, 0.0, 0.0, 0.0, 0.0, 0.0, 0.0, 0.0, 0.0, 0.0, 0.0, 0.0, 0.0, 0.0, 0.0, 0.0, 0.0, 0.0, 0.0, 0.0, 0.0, 0.0, 0.0, 0.0, 0.0, 0.0, 0.0, 0.0, 0.0, 0.0, 0.0, 0.0, 0.0, 0.0, 0.0]
63	MoeSQLmosa	0	2	[0.0, 0.0]
63	MOTGA	0	2	[0.0, 0.0]
64	MoeSQLmosa	0	2	[22.797229754372612, 0.0, 1.0, 0.0, 1.0]
64	MoeSQLmosa	1	1	[0.0, 45.0, 1.0, 1.0, 1.0]
64	MoeSQLmosa	2	1	[1.7976931348623156E306, 1.7976931348623156E306, 0.0, 1.7976931348623156E306, 1.7976931348623156E306]
64	MoeSQLmosa	3	1	[1.7976931348623156E306, 1.7976931348623156E306, 1.7976931348623156E306, 1.7976931348623156E306, 0.0]
64	MOTGA	0	5	[0.0, 0.0, 0.0, 0.0, 0.0]
66	MoeSQLmosa	0	1	[43.333333333333336, 44.333333333333336, 44.333333333333336, 0.0, 1.0, 44.333333333333336, 44.333333333333336, 85.72129629629629]
66	MoeSQLmosa	1	1	[8.825500018273853, 9.825500018273853, 9.825500018273853, 9.825500018273853, 9.825500018273853, 0.0, 1.0, 17.624516790974837]
66	MoeSQLmosa	2	1	[1.0, 2.0, 2.0, 2.0, 2.0, 2.0, 2.0, 0.0]
66	MoeSQLmosa	3	1	[0.0, 1.0, 1.0, 1.0, 1.0, 1.0, 1.0, 20.037464918757824]
66	MoeSQLmosa	4	1	[13.446666490205196, 0.0, 1.0, 14.446666490205196, 14.446666490205196, 14.446666490205196, 14.446666490205196, 33.48413140896302]
66	MoeSQLmosa	5	1	[1.7976931348623156E306, 1.7976931348623156E306, 0.0, 1.7976931348623156E306, 1.7976931348623156E306, 1.7976931348623156E306, 1.7976931348623156E306, 1.7976931348623156E306]
66	MoeSQLmosa	6	1	[1.7976931348623156E306, 1.7976931348623156E306, 1.7976931348623156E306, 1.7976931348623156E306, 0.0, 1.7976931348623156E306, 1.7976931348623156E306, 1.7976931348623156E306]
66	MoeSQLmosa	7	1	[1.7976931348623156E306, 1.7976931348623156E306, 1.7976931348623156E306, 1.7976931348623156E306, 1.7976931348623156E306, 1.7976931348623156E306, 0.0, 1.7976931348623156E306]
66	MOTGA	0	8	[0.0, 0.0, 0.0, 0.0, 0.0, 0.0, 0.0, 0.0]
67	MoeSQLmosa	0	1	[2.0, 1.0, 0.0]
67	MoeSQLmosa	1	1	[1.0, 0.0, 1.0]
67	MoeSQLmosa	2	1	[0.0, 1.0, 2.0]
67	MOTGA	0	3	[0.0, 0.0, 0.0]
68	MoeSQLmosa	0	1	[9.19139254385965, 0.0, 1.0, 10.19139254385965, 10.19139254385965]
68	MoeSQLmosa	1	1	[33.848349095735855, 34.848349095735855, 34.848349095735855, 0.0, 1.0]
68	MoeSQLmosa	2	1	[0.0, 1.0, 1.0, 1.0, 1.0]
68	MoeSQLmosa	3	1	[1.7976931348623156E306, 1.7976931348623156E306, 0.0, 1.7976931348623156E306, 1.7976931348623156E306]
68	MoeSQLmosa	4	1	[1.7976931348623156E306, 1.7976931348623156E306, 1.7976931348623156E306, 1.7976931348623156E306, 0.0]
68	MOTGA	0	5	[0.0, 0.0, 0.0, 0.0, 0.0]
69	MoeSQLmosa	0	1	[0.0, 1.0, 1.0, 1.0, 1.0, 0.0, 1.0, 0.0, 1.0, 2.0]
69	MoeSQLmosa	1	1	[1.0, 2.0, 2.0, 2.0, 2.0, 1.0, 0.0, 1.0, 2.0, 3.0]
69	MoeSQLmosa	2	1	[32.921574497838805, 0.0, 1.0, 33.921574497838805, 33.921574497838805, 32.921574497838805, 33.921574497838805, 32.921574497838805, 33.921574497838805, 3.0]
69	MoeSQLmosa	3	1	[1.7976931348623156E306, 1.7976931348623156E306, 0.0, 1.7976931348623156E306, 1.7976931348623156E306, 1.7976931348623156E306, 1.7976931348623156E306, 1.7976931348623156E306, 1.7976931348623156E306, 3.0]
69	MoeSQLmosa	4	1	[1.0, 2.0, 2.0, 0.0, 1.0, 40.0, 2.0, 1.0, 2.0, 3.0]
69	MoeSQLmosa	5	1	[0.0, 1.0, 1.0, 1.7976931348623156E306, 0.0, 1.7976931348623156E306, 1.0, 0.0, 1.0, 2.0]
69	MoeSQLmosa	6	1	[1.0, 2.0, 2.0, 2.0, 2.0, 1.0, 2.0, 1.0, 0.0, 3.0]
69	MoeSQLmosa	7	3	[0.0, 1.0, 1.0, 1.0, 1.0, 0.0, 1.0, 0.0, 1.0, 0.0]
69	MOTGA	0	9	[0.0, 0.0, 0.0, 0.0, 0.0, 0.0, 0.0, 0.0, 0.0, 0.0]
70	MoeSQLmosa	0	2	[0.0, 0.0]
70	MOTGA	0	2	[0.0, 0.0]
71	MoeSQLmosa	0	2	[0.0, 0.0]
71	MOTGA	0	2	[0.0, 0.0]
73	MoeSQLmosa	0	1	[25.36186868686869, 26.36186868686869, 26.36186868686869, 0.0, 1.0, 26.36186868686869, 26.36186868686869, 34.91641613250959]
73	MoeSQLmosa	1	1	[6.480106516290727, 7.480106516290727, 7.480106516290727, 7.480106516290727, 7.480106516290727, 0.0, 1.0, 27.424727816399837]
73	MoeSQLmosa	2	1	[28.88416101019835, 0.0, 1.0, 29.88416101019835, 29.88416101019835, 29.88416101019835, 29.88416101019835, 29.38416101019835]
73	MoeSQLmosa	3	1	[0.0, 1.0, 1.0, 1.0, 1.0, 1.0, 1.0, 0.5]
73	MoeSQLmosa	4	1	[1.0, 2.0, 2.0, 2.0, 2.0, 2.0, 2.0, 0.0]
73	MoeSQLmosa	5	1	[1.7976931348623156E306, 1.7976931348623156E306, 1.7976931348623156E306, 1.7976931348623156E306, 1.7976931348623156E306, 1.7976931348623156E306, 0.0, 1.7976931348623156E306]
73	MoeSQLmosa	6	1	[1.7976931348623156E306, 1.7976931348623156E306, 0.0, 1.7976931348623156E306, 1.7976931348623156E306, 1.7976931348623156E306, 1.7976931348623156E306, 1.7976931348623156E306]
73	MoeSQLmosa	7	1	[1.7976931348623156E306, 1.7976931348623156E306, 1.7976931348623156E306, 1.7976931348623156E306, 0.0, 1.7976931348623156E306, 1.7976931348623156E306, 1.7976931348623156E306]
73	MOTGA	0	8	[0.0, 0.0, 0.0, 0.0, 0.0, 0.0, 0.0, 0.0]
74	MoeSQLmosa	0	1	[486.7083333333333, 487.7083333333333, 488.7083333333333, 39.70833333333333, 40.70833333333333, 40.70833333333333, 0.0, 1.0, 40.70833333333333, 40.70833333333333, 84.05171280759737]
74	MoeSQLmosa	1	1	[516.7525821596245, 515.7525821596245, 514.7525821596245, 13.752582159624414, 14.752582159624414, 14.752582159624414, 14.752582159624414, 14.752582159624414, 0.0, 1.0, 57.1338009400276]
74	MoeSQLmosa	2	1	[503.87829449961805, 504.87829449961805, 505.87829449961805, 12.878294499618029, 0.0, 1.0, 13.878294499618029, 13.878294499618029, 13.878294499618029, 13.878294499618029, 57.68519778152132]
74	MoeSQLmosa	3	1	[1.7976931348623156E306, 1.7976931348623156E306, 1.7976931348623156E306, 1.7976931348623156E306, 1.7976931348623156E306, 0.0, 1.7976931348623156E306, 1.7976931348623156E306, 1.7976931348623156E306, 1.7976931348623156E306, 1.7976931348623156E306]
74	MoeSQLmosa	4	1	[447.0, 448.0, 449.0, 0.0, 1.0, 1.0, 1.0, 1.0, 1.0, 1.0, 44.34337947426404]
74	MoeSQLmosa	5	1	[1.0, 0.0, 1.0, 1.0, 2.0, 2.0, 2.0, 2.0, 2.0, 2.0, 47.375345542257314]
74	MoeSQLmosa	6	1	[2.0, 1.0, 0.0, 0.0, 1.0, 1.0, 1.0, 1.0, 1.0, 1.0, 44.02012658910383]
74	MoeSQLmosa	7	1	[0.0, 1.0, 2.0, 0.0, 1.0, 1.0, 1.0, 1.0, 1.0, 1.0, 46.375345542257314]
74	MoeSQLmosa	8	1	[1.7976931348623156E306, 1.7976931348623156E306, 1.7976931348623156E306, 1.7976931348623156E306, 1.7976931348623156E306, 1.7976931348623156E306, 1.7976931348623156E306, 1.7976931348623156E306, 1.7976931348623156E306, 0.0, 1.7976931348623156E306]
74	MoeSQLmosa	9	1	[3.0, 2.0, 1.0, 1.0, 2.0, 2.0, 2.0, 2.0, 2.0, 2.0, 0.0]
74	MoeSQLmosa	10	1	[1.7976931348623156E306, 1.7976931348623156E306, 1.7976931348623156E306, 1.7976931348623156E306, 1.7976931348623156E306, 1.7976931348623156E306, 1.7976931348623156E306, 0.0, 1.7976931348623156E306, 1.7976931348623156E306, 1.7976931348623156E306]
74	MOTGA	0	10	[0.0, 0.0, 0.0, 0.0, 0.0, 0.0, 0.0, 0.0, 0.0, 0.0, 0.0]
75	MoeSQLmosa	0	2	[0.0, 0.0]
75	MOTGA	0	2	[0.0, 0.0]
76	MoeSQLmosa	0	1	[1.0, 2.0, 2.0, 2.0, 1.0, 0.0, 3.0, 3.0]
76	MoeSQLmosa	1	1	[0.0, 1.0, 1.0, 1.0, 0.0, 1.0, 2.0, 2.0]
76	MoeSQLmosa	2	1	[31.12763345882801, 0.0, 1.0, 32.127633458828015, 31.12763345882801, 32.127633458828015, 3.0, 3.0]
76	MoeSQLmosa	3	1	[1.0, 2.0, 2.0, 0.0, 1.0, 2.0, 3.0, 3.0]
76	MoeSQLmosa	4	1	[1.7976931348623156E306, 1.7976931348623156E306, 0.0, 1.7976931348623156E306, 1.7976931348623156E306, 1.7976931348623156E306, 3.0, 3.0]
76	MoeSQLmosa	5	3	[0.0, 1.0, 1.0, 1.0, 0.0, 1.0, 1.0, 0.0]
76	MoeSQLmosa	6	3	[0.0, 1.0, 1.0, 1.0, 0.0, 1.0, 0.0, 0.0]
76	MOTGA	0	7	[0.0, 0.0, 0.0, 0.0, 0.0, 0.0, 0.0, 0.0]
77	MoeSQLmosa	0	2	[0.0, 0.0, 1.0]
77	MoeSQLmosa	1	1	[1.7976931348623156E306, 1.7976931348623156E306, 0.0]
77	MOTGA	0	3	[0.0, 0.0, 0.0]
78	MoeSQLmosa	0	2	[7.88933524629364, 0.0, 1.0, 0.0, 1.0]
78	MoeSQLmosa	1	1	[1.7976931348623156E306, 1.7976931348623156E306, 1.7976931348623156E306, 1.7976931348623156E306, 0.0]
78	MoeSQLmosa	2	1	[0.0, 1.0, 1.0, 1.0, 1.0]
78	MoeSQLmosa	3	1	[1.7976931348623156E306, 1.7976931348623156E306, 0.0, 1.7976931348623156E306, 1.7976931348623156E306]
78	MOTGA	0	5	[0.0, 0.0, 0.0, 0.0, 0.0]
79	MoeSQLmosa	0	2	[17.884483640833512, 0.0, 1.0, 0.0, 1.0]
79	MoeSQLmosa	1	1	[0.0, 1.0, 1.0, 1.0, 1.0]
79	MoeSQLmosa	2	1	[1.7976931348623156E306, 1.7976931348623156E306, 0.0, 1.7976931348623156E306, 1.7976931348623156E306]
79	MoeSQLmosa	3	1	[1.7976931348623156E306, 1.7976931348623156E306, 1.7976931348623156E306, 1.7976931348623156E306, 0.0]
79	MOTGA	0	5	[0.0, 0.0, 0.0, 0.0, 0.0]
80	MoeSQLmosa	0	1	[31.81862745098039, 32.81862745098039, 32.81862745098039, 32.81862745098039, 32.81862745098039, 0.0, 1.0, 40.45856251591545]
80	MoeSQLmosa	1	1	[8.639935064935065, 0.0, 1.0, 9.639935064935065, 9.639935064935065, 9.639935064935065, 9.639935064935065, 32.978823953823955]
80	MoeSQLmosa	2	1	[16.701031798759267, 17.701031798759267, 17.701031798759267, 0.0, 1.0, 17.701031798759267, 17.701031798759267, 29.392449972089207]
80	MoeSQLmosa	3	1	[1.7976931348623156E306, 1.7976931348623156E306, 1.7976931348623156E306, 1.7976931348623156E306, 0.0, 1.7976931348623156E306, 1.7976931348623156E306, 1.7976931348623156E306]
80	MoeSQLmosa	4	1	[1.7976931348623156E306, 1.7976931348623156E306, 0.0, 1.7976931348623156E306, 1.7976931348623156E306, 1.7976931348623156E306, 1.7976931348623156E306, 1.7976931348623156E306]
80	MoeSQLmosa	5	1	[0.0, 1.0, 1.0, 1.0, 1.0, 1.0, 1.0, 3.0]
80	MoeSQLmosa	6	1	[1.7976931348623156E306, 1.7976931348623156E306, 1.7976931348623156E306, 1.7976931348623156E306, 1.7976931348623156E306, 1.7976931348623156E306, 0.0, 1.7976931348623156E306]
80	MoeSQLmosa	7	1	[1.0, 2.0, 2.0, 2.0, 2.0, 2.0, 2.0, 0.0]
80	MOTGA	0	8	[0.0, 0.0, 0.0, 0.0, 0.0, 0.0, 0.0, 0.0]
81	MoeSQLmosa	0	2	[471.20601074554133, 446.9588825461893, 470.20601074554133, 471.20601074554133, 472.20601074554133, 0.0, 1.0, 429.24712819935206, 471.20601074554133]
81	MoeSQLmosa	1	2	[0.0, 1.0, 1.0, 0.0, 1.0, 2.0, 3.0, 2.0, 0.0]
81	MoeSQLmosa	2	2	[1.7976931348623156E306, 1.7976931348623156E306, 1.7976931348623156E306, 1.7976931348623156E306, 1.7976931348623156E306, 1.0, 0.0, 873.424764414753, 1.7976931348623156E306]
81	MoeSQLmosa	3	2	[38.018319682970635, 39.018319682970635, 39.018319682970635, 38.018319682970635, 39.018319682970635, 0.0, 1.0, 0.0, 38.018319682970635]
81	MoeSQLmosa	4	2	[1.0, 2.0, 0.0, 1.0, 2.0, 2.0, 3.0, 1.0, 1.0]
81	MoeSQLmosa	5	2	[25.5646763495497, 0.0, 26.5646763495497, 25.5646763495497, 26.5646763495497, 2.0, 3.0, 25.5646763495497, 25.5646763495497]
81	MoeSQLmosa	6	2	[1.0, 2.0, 2.0, 1.0, 0.0, 2.0, 3.0, 1.0, 1.0]
81	MOTGA	0	4	[0.0, 1.0, 0.0, 0.0, 0.0, 2.0, 3.0, 2.0, 0.0]
81	MOTGA	1	5	[25.5646763495497, 0.0, 26.5646763495497, 25.5646763495497, 26.5646763495497, 0.0, 0.0, 0.0, 25.5646763495497]
82	MoeSQLmosa	0	2	[0.0, 0.0, 1.0]
82	MoeSQLmosa	1	1	[1.7976931348623156E306, 1.7976931348623156E306, 0.0]
82	MOTGA	0	3	[0.0, 0.0, 0.0]
83	MoeSQLmosa	0	1	[1.0, 0.0]
83	MoeSQLmosa	1	1	[0.0, 14.97578403078403]
83	MOTGA	0	2	[0.0, 0.0]
84	MoeSQLmosa	0	1	[0.0, 40.697727874933754]
84	MoeSQLmosa	1	1	[1.0, 0.0]
84	MOTGA	0	2	[0.0, 0.0]
85	MoeSQLmosa	0	1	[1.0, 0.0, 1.0]
85	MoeSQLmosa	1	1	[0.0, 25.3, 1.0]
85	MoeSQLmosa	2	1	[1.7976931348623156E306, 1.7976931348623156E306, 0.0]
85	MOTGA	0	3	[0.0, 0.0, 0.0]
86	MoeSQLmosa	0	1	[1.0, 0.0, 1.0, 513.0, 512.0, 511.0]
86	MoeSQLmosa	1	2	[0.0, 12.132862994774017, 0.0, 489.0, 490.0, 491.0]
86	MoeSQLmosa	2	1	[1.0, 33.41817765567765, 2.0, 1.0, 0.0, 1.0]
86	MoeSQLmosa	3	1	[0.0, 12.783862433862431, 1.0, 0.0, 1.0, 2.0]
86	MoeSQLmosa	4	1	[0.0, 11.263829562630162, 1.0, 2.0, 1.0, 0.0]
86	MOTGA	0	5	[0.0, 0.0, 0.0, 0.0, 0.0, 0.0]
87	MoeSQLmosa	0	1	[0.0, 1.0, 2.0, 0.0, 1.0, 1.0, 1.0, 1.0, 35.451987179487176]
87	MoeSQLmosa	1	1	[106.54480002930026, 105.54480002930026, 104.54480002930026, 10.54480002930026, 11.54480002930026, 11.54480002930026, 0.0, 1.0, 21.19637816641847]
87	MoeSQLmosa	2	1	[10.762175023044588, 11.762175023044588, 12.762175023044588, 10.762175023044588, 0.0, 1.0, 11.762175023044588, 11.762175023044588, 18.933814374095704]
87	MoeSQLmosa	3	1	[261.0, 262.0, 263.0, 1.0, 2.0, 2.0, 2.0, 2.0, 0.0]
87	MoeSQLmosa	4	1	[1.0, 0.0, 1.0, 1.0, 2.0, 2.0, 2.0, 2.0, 36.451987179487176]
87	MoeSQLmosa	5	1	[1.7976931348623156E306, 1.7976931348623156E306, 1.7976931348623156E306, 1.7976931348623156E306, 1.7976931348623156E306, 1.7976931348623156E306, 1.7976931348623156E306, 0.0, 1.7976931348623156E306]
87	MoeSQLmosa	6	1	[2.0, 1.0, 0.0, 0.0, 1.0, 1.0, 1.0, 1.0, 34.451987179487176]
87	MoeSQLmosa	7	1	[1.7976931348623156E306, 1.7976931348623156E306, 1.7976931348623156E306, 1.7976931348623156E306, 1.7976931348623156E306, 0.0, 1.7976931348623156E306, 1.7976931348623156E306, 1.7976931348623156E306]
87	MOTGA	0	8	[0.0, 0.0, 0.0, 0.0, 0.0, 0.0, 0.0, 0.0, 0.0]
88	MoeSQLmosa	0	1	[6.96969696969697, 7.96969696969697, 7.96969696969697, 0.0, 1.0, 7.96969696969697, 7.96969696969697, 7.96969696969697]
88	MoeSQLmosa	1	1	[1.0, 2.0, 2.0, 2.0, 2.0, 0.0, 1.0, 1.5]
88	MoeSQLmosa	2	1	[1.7976931348623156E306, 1.7976931348623156E306, 1.7976931348623156E306, 1.7976931348623156E306, 0.0, 1.7976931348623156E306, 1.7976931348623156E306, 1.7976931348623156E306]
88	MoeSQLmosa	3	1	[1.7976931348623156E306, 1.7976931348623156E306, 1.7976931348623156E306, 1.7976931348623156E306, 1.7976931348623156E306, 1.7976931348623156E306, 0.0, 1.7976931348623156E306]
88	MoeSQLmosa	4	1	[1.0, 2.0, 2.0, 2.0, 2.0, 2.0, 2.0, 0.0]
88	MoeSQLmosa	5	1	[0.0, 1.0, 1.0, 1.0, 1.0, 1.0, 1.0, 2.0]
88	MoeSQLmosa	6	1	[11.574335055008023, 0.0, 1.0, 12.574335055008023, 12.574335055008023, 12.574335055008023, 12.574335055008023, 13.074335055008023]
88	MoeSQLmosa	7	1	[1.7976931348623156E306, 1.7976931348623156E306, 0.0, 1.7976931348623156E306, 1.7976931348623156E306, 1.7976931348623156E306, 1.7976931348623156E306, 1.7976931348623156E306]
88	MOTGA	0	8	[0.0, 0.0, 0.0, 0.0, 0.0, 0.0, 0.0, 0.0]
89	MoeSQLmosa	0	1	[1.0, 0.0, 1.0]
89	MoeSQLmosa	1	1	[0.0, 17.184523809523807, 1.0]
89	MoeSQLmosa	2	1	[1.7976931348623156E306, 1.7976931348623156E306, 0.0]
89	MOTGA	0	3	[0.0, 0.0, 0.0]
90	MoeSQLmosa	0	2	[0.0, 0.0]
90	MOTGA	0	2	[0.0, 0.0]
91	MoeSQLmosa	0	3	[0.0, 0.0, 0.0]
91	MOTGA	0	3	[0.0, 0.0, 0.0]
92	MoeSQLmosa	0	2	[1.0, 0.0, 1.0, 0.0, 0.0]
92	MoeSQLmosa	1	1	[2.0, 1.0, 0.0, 1.0, 2.0]
92	MoeSQLmosa	2	1	[0.0, 1.0, 2.0, 1.0, 2.0]
92	MOTGA	0	4	[0.0, 0.0, 0.0, 0.0, 0.0]
93	MoeSQLmosa	0	1	[1.0, 0.0, 1.0, 0.0, 1.0, 1.0, 1.0, 0.0, 1.0]
93	MoeSQLmosa	1	1	[27.46512019726305, 26.46512019726305, 27.46512019726305, 26.46512019726305, 0.0, 1.0, 27.46512019726305, 26.46512019726305, 27.46512019726305]
93	MoeSQLmosa	2	1	[0.0, 1.0, 2.0, 1.0, 2.0, 2.0, 2.0, 1.0, 2.0]
93	MoeSQLmosa	3	1	[2.0, 1.0, 2.0, 1.0, 2.0, 2.0, 2.0, 1.0, 0.0]
93	MoeSQLmosa	4	1	[2.0, 1.0, 2.0, 1.0, 2.0, 2.0, 0.0, 1.0, 2.0]
93	MoeSQLmosa	5	1	[1.7976931348623156E306, 1.7976931348623156E306, 1.7976931348623156E306, 1.7976931348623156E306, 1.7976931348623156E306, 0.0, 1.7976931348623156E306, 1.7976931348623156E306, 1.7976931348623156E306]
93	MoeSQLmosa	6	1	[2.0, 1.0, 0.0, 1.0, 2.0, 2.0, 2.0, 1.0, 2.0]
93	MOTGA	0	7	[0.0, 0.0, 0.0, 0.0, 0.0, 0.0, 0.0, 0.0, 0.0]
94	MoeSQLmosa	0	2	[0.0, 0.0, 2.0]
94	MoeSQLmosa	1	3	[1.0, 0.0, 0.0]
94	MOTGA	0	5	[0.0, 0.0, 0.0]
95	MoeSQLmosa	0	1	[22.848716661127447, 0.0, 1.0, 23.848716661127447, 23.848716661127447, 23.848716661127447, 23.848716661127447]
95	MoeSQLmosa	1	1	[21.603174603174605, 22.603174603174605, 22.603174603174605, 22.603174603174605, 22.603174603174605, 0.0, 1.0]
95	MoeSQLmosa	2	1	[42.46666666666667, 43.46666666666667, 43.46666666666667, 0.0, 1.0, 43.46666666666667, 43.46666666666667]
95	MoeSQLmosa	3	1	[1.7976931348623156E306, 1.7976931348623156E306, 0.0, 1.7976931348623156E306, 1.7976931348623156E306, 1.7976931348623156E306, 1.7976931348623156E306]
95	MoeSQLmosa	4	1	[0.0, 1.0, 1.0, 1.0, 1.0, 1.0, 1.0]
95	MoeSQLmosa	5	1	[1.7976931348623156E306, 1.7976931348623156E306, 1.7976931348623156E306, 1.7976931348623156E306, 1.7976931348623156E306, 1.7976931348623156E306, 0.0]
95	MoeSQLmosa	6	1	[1.7976931348623156E306, 1.7976931348623156E306, 1.7976931348623156E306, 1.7976931348623156E306, 0.0, 1.7976931348623156E306, 1.7976931348623156E306]
95	MOTGA	0	7	[0.0, 0.0, 0.0, 0.0, 0.0, 0.0, 0.0]
97	MoeSQLmosa	0	1	[228.0, 229.0, 229.0, 227.0, 228.0, 229.0, 0.0]
97	MoeSQLmosa	1	1	[1.0, 2.0, 2.0, 0.0, 1.0, 2.0, 0.0]
97	MoeSQLmosa	2	1	[14.541834503132938, 0.0, 1.0, 15.541834503132938, 14.541834503132938, 15.541834503132938, 14.541834503132938]
97	MoeSQLmosa	3	1	[1.0, 2.0, 2.0, 2.0, 1.0, 0.0, 0.0]
97	MoeSQLmosa	4	1	[0.0, 1.0, 1.0, 1.0, 0.0, 1.0, 0.0]
97	MoeSQLmosa	5	1	[1.7976931348623156E306, 1.7976931348623156E306, 0.0, 1.7976931348623156E306, 1.7976931348623156E306, 1.7976931348623156E306, 1.7976931348623156E306]
97	MOTGA	0	5	[0.0, 0.0, 0.0, 0.0, 0.0, 0.0, 0.0]
98	MoeSQLmosa	0	1	[0.0, 22.44409738737786, 1.0, 3.0]
98	MoeSQLmosa	1	1	[1.0, 0.0, 1.0, 2.0]
98	MoeSQLmosa	2	1	[1.7976931348623156E306, 1.7976931348623156E306, 0.0, 3.0]
98	MoeSQLmosa	3	3	[1.0, 0.0, 1.0, 0.0]
98	MOTGA	0	5	[0.0, 0.0, 0.0, 0.0]
99	MoeSQLmosa	0	1	[13.4759206579495, 12.4759206579495, 13.4759206579495, 12.4759206579495, 13.4759206579495, 13.4759206579495, 0.0, 1.0]
99	MoeSQLmosa	1	1	[13.163690476190476, 12.163690476190476, 13.163690476190476, 12.163690476190476, 0.0, 1.0, 13.163690476190476, 13.163690476190476]
99	MoeSQLmosa	2	1	[2.0, 1.0, 0.0, 1.0, 2.0, 2.0, 2.0, 2.0]
99	MoeSQLmosa	3	1	[1.0, 0.0, 1.0, 0.0, 1.0, 1.0, 1.0, 1.0]
99	MoeSQLmosa	4	1	[1.7976931348623156E306, 1.7976931348623156E306, 1.7976931348623156E306, 1.7976931348623156E306, 1.7976931348623156E306, 1.7976931348623156E306, 1.7976931348623156E306, 0.0]
99	MoeSQLmosa	5	1	[1.7976931348623156E306, 1.7976931348623156E306, 1.7976931348623156E306, 1.7976931348623156E306, 1.7976931348623156E306, 0.0, 1.7976931348623156E306, 1.7976931348623156E306]
99	MoeSQLmosa	6	1	[0.0, 1.0, 2.0, 1.0, 2.0, 2.0, 2.0, 2.0]
99	MOTGA	0	7	[0.0, 0.0, 0.0, 0.0, 0.0, 0.0, 0.0, 0.0]
100	MoeSQLmosa	0	1	[38.788694638694636, 39.788694638694636, 39.788694638694636, 0.0, 1.0]
100	MoeSQLmosa	1	1	[1.7976931348623156E306, 1.7976931348623156E306, 0.0, 1.7976931348623156E306, 1.7976931348623156E306]
100	MoeSQLmosa	2	1	[8.08930167055167, 0.0, 1.0, 9.08930167055167, 9.08930167055167]
100	MoeSQLmosa	3	1	[0.0, 1.0, 1.0, 1.0, 1.0]
100	MoeSQLmosa	4	1	[1.7976931348623156E306, 1.7976931348623156E306, 1.7976931348623156E306, 1.7976931348623156E306, 0.0]
100	MOTGA	0	5	[0.0, 0.0, 0.0, 0.0, 0.0]
101	MoeSQLmosa	0	1	[1.0, 0.0, 1.0]
101	MoeSQLmosa	1	1	[0.0, 45.55357142857142, 1.0]
101	MoeSQLmosa	2	1	[1.7976931348623156E306, 1.7976931348623156E306, 0.0]
101	MOTGA	0	3	[0.0, 0.0, 0.0]
103	MoeSQLmosa	0	1	[13.028334257269266, 61.028334257269265, 14.028334257269266, 0.0, 1.0]
103	MoeSQLmosa	1	1	[31.0, 0.0, 1.0, 32.0, 32.0]
103	MoeSQLmosa	2	1	[0.0, 35.0, 1.0, 1.0, 1.0]
103	MoeSQLmosa	3	1	[1.7976931348623156E306, 1.7976931348623156E306, 0.0, 1.7976931348623156E306, 1.7976931348623156E306]
103	MoeSQLmosa	4	1	[1.7976931348623156E306, 1.7976931348623156E306, 1.7976931348623156E306, 1.7976931348623156E306, 0.0]
103	MOTGA	0	5	[0.0, 0.0, 0.0, 0.0, 0.0]
104	MoeSQLmosa	0	1	[0.0, 20.113904026443123, 1.0]
104	MoeSQLmosa	1	1	[1.0, 0.0, 1.0]
104	MoeSQLmosa	2	1	[1.7976931348623156E306, 1.7976931348623156E306, 0.0]
104	MOTGA	0	3	[0.0, 0.0, 0.0]
105	MoeSQLmosa	0	2	[0.0, 0.0]
105	MOTGA	0	2	[0.0, 0.0]
106	MoeSQLmosa	0	1	[0.0, 1.0, 1.0, 1.0, 1.0, 1.0, 1.0]
106	MoeSQLmosa	1	1	[43.03711201079622, 44.03711201079622, 44.03711201079622, 0.0, 1.0, 44.03711201079622, 44.03711201079622]
106	MoeSQLmosa	2	1	[23.56625266740505, 24.56625266740505, 24.56625266740505, 24.56625266740505, 24.56625266740505, 0.0, 1.0]
106	MoeSQLmosa	3	1	[20.185691714524093, 0.0, 1.0, 21.185691714524093, 21.185691714524093, 21.185691714524093, 21.185691714524093]
106	MoeSQLmosa	4	1	[1.7976931348623156E306, 1.7976931348623156E306, 1.7976931348623156E306, 1.7976931348623156E306, 1.7976931348623156E306, 1.7976931348623156E306, 0.0]
106	MoeSQLmosa	5	1	[1.7976931348623156E306, 1.7976931348623156E306, 0.0, 1.7976931348623156E306, 1.7976931348623156E306, 1.7976931348623156E306, 1.7976931348623156E306]
106	MoeSQLmosa	6	1	[1.7976931348623156E306, 1.7976931348623156E306, 1.7976931348623156E306, 1.7976931348623156E306, 0.0, 1.7976931348623156E306, 1.7976931348623156E306]
106	MOTGA	0	7	[0.0, 0.0, 0.0, 0.0, 0.0, 0.0, 0.0]
107	MoeSQLmosa	0	2	[0.0, 0.0, 1.0, 1.0, 1.0]
107	MoeSQLmosa	1	1	[10.704507145761015, 11.704507145761015, 11.704507145761015, 0.0, 1.0]
107	MoeSQLmosa	2	1	[1.7976931348623156E306, 1.7976931348623156E306, 0.0, 1.7976931348623156E306, 1.7976931348623156E306]
107	MoeSQLmosa	3	1	[1.7976931348623156E306, 1.7976931348623156E306, 1.7976931348623156E306, 1.7976931348623156E306, 0.0]
107	MOTGA	0	5	[0.0, 0.0, 0.0, 0.0, 0.0]
108	MoeSQLmosa	0	1	[1.0, 0.0]
108	MoeSQLmosa	1	1	[0.0, 24.841068320769914]
108	MOTGA	0	2	[0.0, 0.0]
109	MoeSQLmosa	0	2	[0.0, 0.0]
109	MOTGA	0	2	[0.0, 0.0]
110	MoeSQLmosa	0	1	[7.907060185185186, 8.907060185185186, 8.907060185185186, 0.0, 1.0, 8.907060185185186, 8.907060185185186, 15.6502710292581]
110	MoeSQLmosa	1	1	[7.743210844072913, 0.0, 1.0, 8.743210844072912, 8.743210844072912, 8.743210844072912, 8.743210844072912, 15.486421688145827]
110	MoeSQLmosa	2	1	[7.907060185185186, 8.907060185185186, 8.907060185185186, 8.907060185185186, 8.907060185185186, 0.0, 1.0, 32.801124780720365]
110	MoeSQLmosa	3	1	[1.0, 2.0, 2.0, 2.0, 2.0, 2.0, 2.0, 0.0]
110	MoeSQLmosa	4	1	[0.0, 1.0, 1.0, 1.0, 1.0, 1.0, 1.0, 7.743210844072913]
110	MoeSQLmosa	5	1	[1.7976931348623156E306, 1.7976931348623156E306, 1.7976931348623156E306, 1.7976931348623156E306, 1.7976931348623156E306, 1.7976931348623156E306, 0.0, 1.7976931348623156E306]
110	MoeSQLmosa	6	1	[1.7976931348623156E306, 1.7976931348623156E306, 0.0, 1.7976931348623156E306, 1.7976931348623156E306, 1.7976931348623156E306, 1.7976931348623156E306, 1.7976931348623156E306]
110	MoeSQLmosa	7	1	[1.7976931348623156E306, 1.7976931348623156E306, 1.7976931348623156E306, 1.7976931348623156E306, 0.0, 1.7976931348623156E306, 1.7976931348623156E306, 1.7976931348623156E306]
110	MOTGA	0	8	[0.0, 0.0, 0.0, 0.0, 0.0, 0.0, 0.0, 0.0]
111	MoeSQLmosa	0	1	[21.312540805187474, 22.312540805187474, 22.312540805187474, 22.312540805187474, 22.312540805187474, 0.0, 1.0]
111	MoeSQLmosa	1	1	[18.484126984126984, 19.484126984126984, 19.484126984126984, 0.0, 1.0, 19.484126984126984, 19.484126984126984]
111	MoeSQLmosa	2	1	[18.484126984126984, 0.0, 1.0, 19.484126984126984, 19.484126984126984, 19.484126984126984, 19.484126984126984]
111	MoeSQLmosa	3	1	[0.0, 1.0, 1.0, 1.0, 1.0, 1.0, 1.0]
111	MoeSQLmosa	4	1	[1.7976931348623156E306, 1.7976931348623156E306, 1.7976931348623156E306, 1.7976931348623156E306, 1.7976931348623156E306, 1.7976931348623156E306, 0.0]
111	MoeSQLmosa	5	1	[1.7976931348623156E306, 1.7976931348623156E306, 1.7976931348623156E306, 1.7976931348623156E306, 0.0, 1.7976931348623156E306, 1.7976931348623156E306]
111	MoeSQLmosa	6	1	[1.7976931348623156E306, 1.7976931348623156E306, 0.0, 1.7976931348623156E306, 1.7976931348623156E306, 1.7976931348623156E306, 1.7976931348623156E306]
111	MOTGA	0	7	[0.0, 0.0, 0.0, 0.0, 0.0, 0.0, 0.0]
112	MoeSQLmosa	0	1	[1.0, 0.0, 1.0]
112	MoeSQLmosa	1	1	[0.0, 39.018376676363204, 1.0]
112	MoeSQLmosa	2	1	[1.7976931348623156E306, 1.7976931348623156E306, 0.0]
112	MOTGA	0	3	[0.0, 0.0, 0.0]
113	MoeSQLmosa	0	2	[0.0, 0.0]
113	MOTGA	0	2	[0.0, 0.0]
114	MoeSQLmosa	0	1	[1.0, 0.0, 1.0]
114	MoeSQLmosa	1	1	[0.0, 27.012481659330394, 1.0]
114	MoeSQLmosa	2	1	[1.7976931348623156E306, 1.7976931348623156E306, 0.0]
114	MOTGA	0	3	[0.0, 0.0, 0.0]
115	MoeSQLmosa	0	1	[1.0, 0.0]
115	MoeSQLmosa	1	1	[0.0, 30.11243797500157]
115	MOTGA	0	2	[0.0, 0.0]
116	MoeSQLmosa	0	1	[24.169379211170252, 0.0, 1.0, 25.169379211170252, 25.169379211170252, 25.169379211170252, 24.169379211170252, 25.169379211170252]
116	MoeSQLmosa	1	1	[5.933333333333334, 6.933333333333334, 6.933333333333334, 0.0, 1.0, 6.933333333333334, 5.933333333333334, 6.933333333333334]
116	MoeSQLmosa	2	1	[1.7976931348623156E306, 1.7976931348623156E306, 0.0, 1.7976931348623156E306, 1.7976931348623156E306, 1.7976931348623156E306, 1.7976931348623156E306, 1.7976931348623156E306]
116	MoeSQLmosa	3	1	[0.0, 1.0, 1.0, 1.0, 1.0, 1.0, 0.0, 1.0]
116	MoeSQLmosa	4	1	[1.0, 2.0, 2.0, 2.0, 2.0, 0.0, 1.0, 2.0]
116	MoeSQLmosa	5	1	[1.7976931348623156E306, 1.7976931348623156E306, 1.7976931348623156E306, 1.7976931348623156E306, 0.0, 1.7976931348623156E306, 1.7976931348623156E306, 1.7976931348623156E306]
116	MoeSQLmosa	6	1	[1.0, 2.0, 2.0, 2.0, 2.0, 2.0, 1.0, 0.0]
116	MOTGA	0	7	[0.0, 0.0, 0.0, 0.0, 0.0, 0.0, 0.0, 0.0]
117	MoeSQLmosa	0	1	[1.0, 0.0]
117	MoeSQLmosa	1	1	[0.0, 14.147735285826275]
117	MOTGA	0	2	[0.0, 0.0]
118	MoeSQLmosa	0	1	[1.0, 0.0]
118	MoeSQLmosa	1	1	[0.0, 36.19401041752281]
118	MOTGA	0	2	[0.0, 0.0]
119	MoeSQLmosa	0	1	[17.1497666717305, 0.0, 1.0, 18.1497666717305, 18.1497666717305, 18.1497666717305, 18.1497666717305]
119	MoeSQLmosa	1	1	[42.735876623376626, 43.735876623376626, 43.735876623376626, 0.0, 1.0, 43.735876623376626, 43.735876623376626]
119	MoeSQLmosa	2	1	[1.7976931348623156E306, 1.7976931348623156E306, 1.7976931348623156E306, 1.7976931348623156E306, 0.0, 1.7976931348623156E306, 1.7976931348623156E306]
119	MoeSQLmosa	3	1	[0.0, 1.0, 1.0, 1.0, 1.0, 1.0, 1.0]
119	MoeSQLmosa	4	1	[17.1497666717305, 18.1497666717305, 18.1497666717305, 18.1497666717305, 18.1497666717305, 0.0, 1.0]
119	MoeSQLmosa	5	1	[1.7976931348623156E306, 1.7976931348623156E306, 1.7976931348623156E306, 1.7976931348623156E306, 1.7976931348623156E306, 1.7976931348623156E306, 0.0]
119	MoeSQLmosa	6	1	[1.7976931348623156E306, 1.7976931348623156E306, 0.0, 1.7976931348623156E306, 1.7976931348623156E306, 1.7976931348623156E306, 1.7976931348623156E306]
119	MOTGA	0	7	[0.0, 0.0, 0.0, 0.0, 0.0, 0.0, 0.0]
120	MoeSQLmosa	0	1	[106.0, 0.0, 1.0, 1.0, 107.0, 107.0, 107.0, 107.0]
120	MoeSQLmosa	1	1	[18.157086409780668, 85.15708640978067, 19.157086409780668, 19.157086409780668, 19.157086409780668, 19.157086409780668, 0.0, 1.0]
120	MoeSQLmosa	2	1	[15.266666666666666, 103.26666666666667, 16.266666666666666, 16.266666666666666, 0.0, 1.0, 16.266666666666666, 16.266666666666666]
120	MoeSQLmosa	3	1	[1.7976931348623156E306, 1.7976931348623156E306, 1.0, 0.0, 1.7976931348623156E306, 1.7976931348623156E306, 1.7976931348623156E306, 1.7976931348623156E306]
120	MoeSQLmosa	4	1	[0.0, 100.0, 1.0, 1.0, 1.0, 1.0, 1.0, 1.0]
120	MoeSQLmosa	5	1	[1.7976931348623156E306, 1.7976931348623156E306, 0.0, 1.0, 1.7976931348623156E306, 1.7976931348623156E306, 1.7976931348623156E306, 1.7976931348623156E306]
120	MoeSQLmosa	6	1	[1.7976931348623156E306, 1.7976931348623156E306, 1.7976931348623156E306, 1.7976931348623156E306, 1.7976931348623156E306, 1.7976931348623156E306, 1.7976931348623156E306, 0.0]
120	MoeSQLmosa	7	1	[1.7976931348623156E306, 1.7976931348623156E306, 1.7976931348623156E306, 1.7976931348623156E306, 1.7976931348623156E306, 0.0, 1.7976931348623156E306, 1.7976931348623156E306]
120	MOTGA	0	7	[0.0, 0.0, 0.0, 0.0, 0.0, 0.0, 0.0, 0.0]
122	MoeSQLmosa	0	1	[17.888465721470645, 0.0, 1.0, 18.888465721470645, 18.888465721470645]
122	MoeSQLmosa	1	1	[7.733816425120773, 8.733816425120773, 8.733816425120773, 0.0, 1.0]
122	MoeSQLmosa	2	1	[0.0, 1.0, 1.0, 1.0, 1.0]
122	MoeSQLmosa	3	1	[1.7976931348623156E306, 1.7976931348623156E306, 1.7976931348623156E306, 1.7976931348623156E306, 0.0]
122	MoeSQLmosa	4	1	[1.7976931348623156E306, 1.7976931348623156E306, 0.0, 1.7976931348623156E306, 1.7976931348623156E306]
122	MOTGA	0	5	[0.0, 0.0, 0.0, 0.0, 0.0]
123	MoeSQLmosa	0	1	[1.0, 0.0, 1.0]
123	MoeSQLmosa	1	1	[0.0, 17.38295933226174, 1.0]
123	MoeSQLmosa	2	1	[1.7976931348623156E306, 1.7976931348623156E306, 0.0]
123	MOTGA	0	3	[0.0, 0.0, 0.0]
124	MoeSQLmosa	0	1	[1.0, 0.0]
124	MoeSQLmosa	1	1	[0.0, 14.879362640977885]
124	MOTGA	0	2	[0.0, 0.0]
125	MoeSQLmosa	0	1	[0.0, 14.467929292929293]
125	MoeSQLmosa	1	1	[1.0, 0.0]
125	MOTGA	0	2	[0.0, 0.0]
126	MoeSQLmosa	0	1	[1.0, 0.0]
126	MoeSQLmosa	1	1	[0.0, 22.83842338413646]
126	MOTGA	0	2	[0.0, 0.0]
127	MoeSQLmosa	0	2	[0.0, 0.0]
127	MOTGA	0	2	[0.0, 0.0]
128	MoeSQLmosa	0	1	[0.0, 30.004462440014766]
128	MoeSQLmosa	1	1	[1.0, 0.0]
128	MOTGA	0	2	[0.0, 0.0]
129	MoeSQLmosa	0	3	[0.0]
129	MOTGA	0	3	[0.0]
130	MoeSQLmosa	0	1	[13.142857142857144, 14.142857142857144, 14.142857142857144, 0.0, 1.0, 14.142857142857144, 14.142857142857144]
130	MoeSQLmosa	1	1	[7.036525144166604, 8.036525144166603, 8.036525144166603, 8.036525144166603, 8.036525144166603, 0.0, 1.0]
130	MoeSQLmosa	2	1	[13.142857142857144, 0.0, 1.0, 14.142857142857144, 14.142857142857144, 14.142857142857144, 14.142857142857144]
130	MoeSQLmosa	3	1	[1.7976931348623156E306, 1.7976931348623156E306, 1.7976931348623156E306, 1.7976931348623156E306, 0.0, 1.7976931348623156E306, 1.7976931348623156E306]
130	MoeSQLmosa	4	1	[0.0, 1.0, 1.0, 1.0, 1.0, 1.0, 1.0]
130	MoeSQLmosa	5	1	[1.7976931348623156E306, 1.7976931348623156E306, 1.7976931348623156E306, 1.7976931348623156E306, 1.7976931348623156E306, 1.7976931348623156E306, 0.0]
130	MoeSQLmosa	6	1	[1.7976931348623156E306, 1.7976931348623156E306, 0.0, 1.7976931348623156E306, 1.7976931348623156E306, 1.7976931348623156E306, 1.7976931348623156E306]
130	MOTGA	0	7	[0.0, 0.0, 0.0, 0.0, 0.0, 0.0, 0.0]
131	MoeSQLmosa	0	1	[24.75465096863593, 25.75465096863593, 25.75465096863593, 0.0, 1.0, 25.75465096863593, 25.75465096863593, 49.670218734203694]
131	MoeSQLmosa	1	1	[41.47200252494434, 0.0, 1.0, 42.47200252494434, 42.47200252494434, 42.47200252494434, 42.47200252494434, 71.69521681065862]
131	MoeSQLmosa	2	1	[8.657181478652065, 9.657181478652065, 9.657181478652065, 9.657181478652065, 9.657181478652065, 0.0, 1.0, 47.60516127663186]
131	MoeSQLmosa	3	1	[1.0, 2.0, 2.0, 2.0, 2.0, 2.0, 2.0, 0.0]
131	MoeSQLmosa	4	1	[1.7976931348623156E306, 1.7976931348623156E306, 1.7976931348623156E306, 1.7976931348623156E306, 1.7976931348623156E306, 1.7976931348623156E306, 0.0, 1.7976931348623156E306]
131	MoeSQLmosa	5	1	[0.0, 1.0, 1.0, 1.0, 1.0, 1.0, 1.0, 8.657181478652065]
131	MoeSQLmosa	6	1	[1.7976931348623156E306, 1.7976931348623156E306, 1.7976931348623156E306, 1.7976931348623156E306, 0.0, 1.7976931348623156E306, 1.7976931348623156E306, 1.7976931348623156E306]
131	MoeSQLmosa	7	1	[1.7976931348623156E306, 1.7976931348623156E306, 0.0, 1.7976931348623156E306, 1.7976931348623156E306, 1.7976931348623156E306, 1.7976931348623156E306, 1.7976931348623156E306]
131	MOTGA	0	8	[0.0, 0.0, 0.0, 0.0, 0.0, 0.0, 0.0, 0.0]
132	MoeSQLmosa	0	1	[0.0, 26.008445160360793]
132	MoeSQLmosa	1	1	[1.0, 0.0]
132	MOTGA	0	2	[0.0, 0.0]
133	MoeSQLmosa	0	1	[0.0, 36.53484848484848, 1.0]
133	MoeSQLmosa	1	1	[1.0, 0.0, 1.0]
133	MoeSQLmosa	2	1	[1.7976931348623156E306, 1.7976931348623156E306, 0.0]
133	MOTGA	0	3	[0.0, 0.0, 0.0]
134	MoeSQLmosa	0	1	[0.0, 1.0, 1.0, 1.0, 1.0, 1.0, 0.0, 1.0]
134	MoeSQLmosa	1	1	[12.941176470588236, 0.0, 1.0, 13.941176470588236, 13.941176470588236, 13.941176470588236, 12.941176470588236, 13.941176470588236]
134	MoeSQLmosa	2	1	[1.7976931348623156E306, 1.7976931348623156E306, 0.0, 1.7976931348623156E306, 1.7976931348623156E306, 1.7976931348623156E306, 1.7976931348623156E306, 1.7976931348623156E306]
134	MoeSQLmosa	3	1	[1.7976931348623156E306, 1.7976931348623156E306, 1.7976931348623156E306, 1.7976931348623156E306, 0.0, 1.7976931348623156E306, 1.7976931348623156E306, 1.7976931348623156E306]
134	MoeSQLmosa	4	1	[39.57055079423501, 40.57055079423501, 40.57055079423501, 0.0, 1.0, 40.57055079423501, 39.57055079423501, 40.57055079423501]
134	MoeSQLmosa	5	1	[1.0, 2.0, 2.0, 2.0, 2.0, 2.0, 1.0, 0.0]
134	MoeSQLmosa	6	1	[1.0, 2.0, 2.0, 2.0, 2.0, 0.0, 1.0, 2.0]
134	MOTGA	0	7	[0.0, 0.0, 0.0, 0.0, 0.0, 0.0, 0.0, 0.0]
135	MoeSQLmosa	0	1	[8.665827989579377, 9.665827989579377, 9.665827989579377, 9.665827989579377, 9.665827989579377, 17.331655979158754, 0.0, 1.0, 8.665827989579377]
135	MoeSQLmosa	1	1	[13.875, 14.875, 14.875, 0.0, 1.0, 22.540827989579377, 14.875, 14.875, 13.875]
135	MoeSQLmosa	2	1	[0.0, 1.0, 1.0, 1.0, 1.0, 8.726044891640868, 1.0, 1.0, 0.0]
135	MoeSQLmosa	3	1	[43.096955128205124, 0.0, 1.0, 44.096955128205124, 44.096955128205124, 51.7627831177845, 44.096955128205124, 44.096955128205124, 43.096955128205124]
135	MoeSQLmosa	4	1	[1.7976931348623156E306, 1.7976931348623156E306, 1.7976931348623156E306, 1.7976931348623156E306, 1.7976931348623156E306, 1.7976931348623156E306, 1.7976931348623156E306, 0.0, 1.7976931348623156E306]
135	MoeSQLmosa	5	1	[1.7976931348623156E306, 1.7976931348623156E306, 1.7976931348623156E306, 1.7976931348623156E306, 0.0, 1.7976931348623156E306, 1.7976931348623156E306, 1.7976931348623156E306, 1.7976931348623156E306]
135	MoeSQLmosa	6	1	[1.7976931348623156E306, 1.7976931348623156E306, 0.0, 1.7976931348623156E306, 1.7976931348623156E306, 1.7976931348623156E306, 1.7976931348623156E306, 1.7976931348623156E306, 1.7976931348623156E306]
135	MoeSQLmosa	7	1	[1.0, 2.0, 2.0, 2.0, 2.0, 0.0, 2.0, 2.0, 0.0]
135	MOTGA	0	8	[0.0, 0.0, 0.0, 0.0, 0.0, 0.0, 0.0, 0.0, 0.0]
136	MoeSQLmosa	0	2	[0.0, 0.0, 1.0]
136	MoeSQLmosa	1	1	[1.7976931348623156E306, 1.7976931348623156E306, 0.0]
136	MOTGA	0	3	[0.0, 0.0, 0.0]
137	MoeSQLmosa	0	1	[14.280329964446032, 15.280329964446032, 15.280329964446032, 15.280329964446032, 15.280329964446032, 0.0, 1.0, 25.835957518351332]
137	MoeSQLmosa	1	1	[18.6339537709023, 0.0, 1.0, 19.6339537709023, 19.6339537709023, 19.6339537709023, 19.6339537709023, 50.3332211701697]
137	MoeSQLmosa	2	1	[9.41904761904762, 10.41904761904762, 10.41904761904762, 0.0, 1.0, 10.41904761904762, 10.41904761904762, 49.887888198757764]
137	MoeSQLmosa	3	1	[0.0, 1.0, 1.0, 1.0, 1.0, 1.0, 1.0, 20.5781212484994]
137	MoeSQLmosa	4	1	[1.7976931348623156E306, 1.7976931348623156E306, 1.7976931348623156E306, 1.7976931348623156E306, 1.7976931348623156E306, 1.7976931348623156E306, 0.0, 1.7976931348623156E306]
137	MoeSQLmosa	5	1	[1.7976931348623156E306, 1.7976931348623156E306, 1.7976931348623156E306, 1.7976931348623156E306, 0.0, 1.7976931348623156E306, 1.7976931348623156E306, 1.7976931348623156E306]
137	MoeSQLmosa	6	1	[1.0, 2.0, 2.0, 2.0, 2.0, 2.0, 2.0, 0.0]
137	MoeSQLmosa	7	1	[1.7976931348623156E306, 1.7976931348623156E306, 0.0, 1.7976931348623156E306, 1.7976931348623156E306, 1.7976931348623156E306, 1.7976931348623156E306, 1.7976931348623156E306]
137	MOTGA	0	8	[0.0, 0.0, 0.0, 0.0, 0.0, 0.0, 0.0, 0.0]
138	MoeSQLmosa	0	2	[0.0, 0.0, 1.0]
138	MoeSQLmosa	1	1	[1.7976931348623156E306, 1.7976931348623156E306, 0.0]
138	MOTGA	0	3	[0.0, 0.0, 0.0]
139	MoeSQLmosa	0	1	[1.0, 0.0, 1.0]
139	MoeSQLmosa	1	1	[0.0, 36.797491792441576, 1.0]
139	MoeSQLmosa	2	1	[1.7976931348623156E306, 1.7976931348623156E306, 0.0]
139	MOTGA	0	3	[0.0, 0.0, 0.0]
140	MoeSQLmosa	0	1	[0.0, 9.359558322957039]
140	MoeSQLmosa	1	1	[1.0, 0.0]
140	MOTGA	0	2	[0.0, 0.0]
141	MoeSQLmosa	0	2	[4.911184210526316, 0.0, 1.0, 0.0, 1.0, 5.911184210526316, 5.911184210526316]
141	MoeSQLmosa	1	1	[12.378676470588236, 13.378676470588236, 13.378676470588236, 13.378676470588236, 13.378676470588236, 0.0, 1.0]
141	MoeSQLmosa	2	1	[0.0, 1.0, 1.0, 1.0, 1.0, 1.0, 1.0]
141	MoeSQLmosa	3	1	[1.7976931348623156E306, 1.7976931348623156E306, 1.7976931348623156E306, 1.7976931348623156E306, 1.7976931348623156E306, 1.7976931348623156E306, 0.0]
141	MoeSQLmosa	4	1	[1.7976931348623156E306, 1.7976931348623156E306, 0.0, 1.7976931348623156E306, 1.7976931348623156E306, 1.7976931348623156E306, 1.7976931348623156E306]
141	MoeSQLmosa	5	1	[1.7976931348623156E306, 1.7976931348623156E306, 1.7976931348623156E306, 1.7976931348623156E306, 0.0, 1.7976931348623156E306, 1.7976931348623156E306]
141	MOTGA	0	7	[0.0, 0.0, 0.0, 0.0, 0.0, 0.0, 0.0]
142	MoeSQLmosa	0	1	[1.0, 0.0, 1.0, 0.0, 1.0]
142	MoeSQLmosa	1	1	[11.307793664143537, 10.307793664143537, 11.307793664143537, 10.307793664143537, 0.0]
142	MoeSQLmosa	2	1	[2.0, 1.0, 0.0, 1.0, 2.0]
142	MoeSQLmosa	3	1	[0.0, 1.0, 2.0, 1.0, 2.0]
142	MOTGA	0	4	[0.0, 0.0, 0.0, 0.0, 0.0]
143	MoeSQLmosa	0	1	[1.0, 0.0, 1.0]
143	MoeSQLmosa	1	1	[0.0, 1.0, 2.0]
143	MoeSQLmosa	2	1	[2.0, 1.0, 0.0]
143	MOTGA	0	3	[0.0, 0.0, 0.0]
144	MoeSQLmosa	0	1	[1.0, 0.0]
144	MoeSQLmosa	1	1	[0.0, 31.614128352490418]
144	MOTGA	0	2	[0.0, 0.0]
145	MoeSQLmosa	0	1	[0.0, 30.468331269103857]
145	MoeSQLmosa	1	1	[1.0, 0.0]
145	MOTGA	0	2	[0.0, 0.0]
146	MoeSQLmosa	0	2	[0.0, 0.0]
146	MOTGA	0	2	[0.0, 0.0]
147	MoeSQLmosa	0	1	[13.588893864755933, 14.588893864755933, 14.588893864755933, 14.588893864755933, 14.588893864755933, 0.0, 1.0]
147	MoeSQLmosa	1	1	[11.929504234639895, 0.0, 1.0, 12.929504234639895, 12.929504234639895, 12.929504234639895, 12.929504234639895]
147	MoeSQLmosa	2	1	[0.0, 1.0, 1.0, 1.0, 1.0, 1.0, 1.0]
147	MoeSQLmosa	3	1	[1.7976931348623156E306, 1.7976931348623156E306, 1.7976931348623156E306, 1.7976931348623156E306, 0.0, 1.7976931348623156E306, 1.7976931348623156E306]
147	MoeSQLmosa	4	1	[10.100821761738178, 11.100821761738178, 11.100821761738178, 0.0, 1.0, 11.100821761738178, 11.100821761738178]
147	MoeSQLmosa	5	1	[1.7976931348623156E306, 1.7976931348623156E306, 1.7976931348623156E306, 1.7976931348623156E306, 1.7976931348623156E306, 1.7976931348623156E306, 0.0]
147	MoeSQLmosa	6	1	[1.7976931348623156E306, 1.7976931348623156E306, 0.0, 1.7976931348623156E306, 1.7976931348623156E306, 1.7976931348623156E306, 1.7976931348623156E306]
147	MOTGA	0	7	[0.0, 0.0, 0.0, 0.0, 0.0, 0.0, 0.0]
148	MoeSQLmosa	0	1	[1.0, 0.0, 1.0, 1.0, 0.0, 1.0]
148	MoeSQLmosa	1	1	[842.0, 841.0, 840.0, 2.0, 1.0, 0.0]
148	MoeSQLmosa	2	1	[0.0, 1.0, 2.0, 866.0, 867.0, 868.0]
148	MoeSQLmosa	3	1	[2.0, 1.0, 0.0, 401.0, 402.0, 403.0]
148	MoeSQLmosa	4	1	[959.0, 958.0, 957.0, 0.0, 1.0, 2.0]
148	MOTGA	0	4	[0.0, 0.0, 0.0, 0.0, 0.0, 0.0]
149	MoeSQLmosa	0	1	[0.0, 25.645299145299145, 1.0]
149	MoeSQLmosa	1	2	[1.0, 0.0, 0.0]
149	MOTGA	0	3	[0.0, 0.0, 0.0]
150	MoeSQLmosa	0	1	[8.856749755620724, 9.856749755620724, 9.856749755620724, 9.856749755620724, 9.856749755620724, 0.0, 1.0, 12.02341642228739]
150	MoeSQLmosa	1	1	[0.0, 1.0, 1.0, 1.0, 1.0, 1.0, 1.0, 8.834959976528433]
150	MoeSQLmosa	2	1	[9.431482355681439, 10.431482355681439, 10.431482355681439, 0.0, 1.0, 10.431482355681439, 10.431482355681439, 18.26644233220987]
150	MoeSQLmosa	3	1	[8.856749755620724, 0.0, 1.0, 9.856749755620724, 9.856749755620724, 9.856749755620724, 9.856749755620724, 12.02341642228739]
150	MoeSQLmosa	4	1	[1.7976931348623156E306, 1.7976931348623156E306, 1.7976931348623156E306, 1.7976931348623156E306, 1.7976931348623156E306, 1.7976931348623156E306, 0.0, 1.7976931348623156E306]
150	MoeSQLmosa	5	1	[1.7976931348623156E306, 1.7976931348623156E306, 0.0, 1.7976931348623156E306, 1.7976931348623156E306, 1.7976931348623156E306, 1.7976931348623156E306, 1.7976931348623156E306]
150	MoeSQLmosa	6	1	[1.0, 2.0, 2.0, 2.0, 2.0, 2.0, 2.0, 0.0]
150	MoeSQLmosa	7	1	[1.7976931348623156E306, 1.7976931348623156E306, 1.7976931348623156E306, 1.7976931348623156E306, 0.0, 1.7976931348623156E306, 1.7976931348623156E306, 1.7976931348623156E306]
150	MOTGA	0	8	[0.0, 0.0, 0.0, 0.0, 0.0, 0.0, 0.0, 0.0]
151	MoeSQLmosa	0	1	[1.0, 0.0]
151	MoeSQLmosa	1	1	[0.0, 33.030189352844154]
151	MOTGA	0	2	[0.0, 0.0]
153	MoeSQLmosa	0	2	[0.0, 0.0, 1.0]
153	MoeSQLmosa	1	1	[1.7976931348623156E306, 1.7976931348623156E306, 0.0]
153	MOTGA	0	3	[0.0, 0.0, 0.0]
154	MoeSQLmosa	0	1	[1.0, 0.0, 1.0, 1.0, 0.0, 1.0]
154	MoeSQLmosa	1	1	[0.0, 1.0, 2.0, 2.0, 1.0, 2.0]
154	MoeSQLmosa	2	1	[2.0, 1.0, 0.0, 2.0, 1.0, 2.0]
154	MoeSQLmosa	3	1	[2.0, 1.0, 2.0, 0.0, 1.0, 2.0]
154	MoeSQLmosa	4	1	[2.0, 1.0, 2.0, 2.0, 1.0, 0.0]
154	MOTGA	0	5	[0.0, 0.0, 0.0, 0.0, 0.0, 0.0]
155	MoeSQLmosa	0	1	[28.201770785833713, 29.201770785833713, 29.201770785833713, 29.201770785833713, 29.201770785833713, 0.0, 1.0, 57.58117087920439]
155	MoeSQLmosa	1	1	[44.53116246498599, 45.53116246498599, 45.53116246498599, 0.0, 1.0, 45.53116246498599, 45.53116246498599, 57.73504618446569]
155	MoeSQLmosa	2	1	[29.37940009337068, 0.0, 1.0, 30.37940009337068, 30.37940009337068, 30.37940009337068, 30.37940009337068, 67.46035247432306]
155	MoeSQLmosa	3	1	[1.7976931348623156E306, 1.7976931348623156E306, 0.0, 1.7976931348623156E306, 1.7976931348623156E306, 1.7976931348623156E306, 1.7976931348623156E306, 1.7976931348623156E306]
155	MoeSQLmosa	4	1	[1.7976931348623156E306, 1.7976931348623156E306, 1.7976931348623156E306, 1.7976931348623156E306, 1.7976931348623156E306, 1.7976931348623156E306, 0.0, 1.7976931348623156E306]
155	MoeSQLmosa	5	1	[0.0, 1.0, 1.0, 1.0, 1.0, 1.0, 1.0, 30.961862555136406]
155	MoeSQLmosa	6	1	[1.7976931348623156E306, 1.7976931348623156E306, 1.7976931348623156E306, 1.7976931348623156E306, 0.0, 1.7976931348623156E306, 1.7976931348623156E306, 1.7976931348623156E306]
155	MoeSQLmosa	7	1	[1.0, 2.0, 2.0, 2.0, 2.0, 2.0, 2.0, 0.0]
155	MOTGA	0	8	[0.0, 0.0, 0.0, 0.0, 0.0, 0.0, 0.0, 0.0]
156	MoeSQLmosa	0	3	[0.0]
156	MOTGA	0	3	[0.0]
157	MoeSQLmosa	0	1	[0.0, 24.458808167141502, 1.0]
157	MoeSQLmosa	1	1	[1.0, 0.0, 1.0]
157	MoeSQLmosa	2	1	[1.7976931348623156E306, 1.7976931348623156E306, 0.0]
157	MOTGA	0	3	[0.0, 0.0, 0.0]
158	MoeSQLmosa	0	1	[1.0, 0.0]
158	MoeSQLmosa	1	1	[0.0, 33.63664430810177]
158	MOTGA	0	2	[0.0, 0.0]
159	MoeSQLmosa	0	1	[0.0, 1.0, 1.0, 1.0, 1.0]
159	MoeSQLmosa	1	1	[24.484404413117844, 0.0, 1.0, 25.484404413117844, 25.484404413117844]
159	MoeSQLmosa	2	1	[12.982747113997116, 13.982747113997116, 13.982747113997116, 0.0, 1.0]
159	MoeSQLmosa	3	1	[1.7976931348623156E306, 1.7976931348623156E306, 1.7976931348623156E306, 1.7976931348623156E306, 0.0]
159	MoeSQLmosa	4	1	[1.7976931348623156E306, 1.7976931348623156E306, 0.0, 1.7976931348623156E306, 1.7976931348623156E306]
159	MOTGA	0	5	[0.0, 0.0, 0.0, 0.0, 0.0]
160	MoeSQLmosa	0	1	[0.0, 1.0, 1.0, 1.0, 0.0, 1.0]
160	MoeSQLmosa	1	1	[7.3518128654970765, 0.0, 1.0, 8.351812865497077, 7.3518128654970765, 8.351812865497077]
160	MoeSQLmosa	2	1	[1.0, 2.0, 2.0, 0.0, 1.0, 2.0]
160	MoeSQLmosa	3	1	[1.0, 2.0, 2.0, 2.0, 1.0, 0.0]
160	MoeSQLmosa	4	1	[1.7976931348623156E306, 1.7976931348623156E306, 0.0, 1.7976931348623156E306, 1.7976931348623156E306, 1.7976931348623156E306]
160	MOTGA	0	5	[0.0, 0.0, 0.0, 0.0, 0.0, 0.0]
161	MoeSQLmosa	0	2	[0.0, 0.0]
161	MOTGA	0	2	[0.0, 0.0]
162	MoeSQLmosa	0	1	[41.82064131513041, 42.82064131513041, 42.82064131513041, 42.82064131513041, 42.82064131513041, 0.0, 1.0, 3.0, 3.0]
162	MoeSQLmosa	1	1	[19.37227246017621, 0.0, 1.0, 20.37227246017621, 20.37227246017621, 20.37227246017621, 20.37227246017621, 3.0, 3.0]
162	MoeSQLmosa	2	1	[1.7976931348623156E306, 1.7976931348623156E306, 0.0, 1.7976931348623156E306, 1.7976931348623156E306, 1.7976931348623156E306, 1.7976931348623156E306, 3.0, 3.0]
162	MoeSQLmosa	3	1	[36.99485119794717, 37.99485119794717, 37.99485119794717, 0.0, 1.0, 37.99485119794717, 37.99485119794717, 3.0, 3.0]
162	MoeSQLmosa	4	1	[1.7976931348623156E306, 1.7976931348623156E306, 1.7976931348623156E306, 1.7976931348623156E306, 0.0, 1.7976931348623156E306, 1.7976931348623156E306, 3.0, 3.0]
162	MoeSQLmosa	5	1	[0.0, 1.0, 1.0, 1.0, 1.0, 1.0, 1.0, 2.0, 2.0]
162	MoeSQLmosa	6	1	[1.7976931348623156E306, 1.7976931348623156E306, 1.7976931348623156E306, 1.7976931348623156E306, 1.7976931348623156E306, 1.7976931348623156E306, 0.0, 3.0, 3.0]
162	MoeSQLmosa	7	3	[0.0, 1.0, 1.0, 1.0, 1.0, 1.0, 1.0, 0.0, 0.0]
162	MOTGA	0	9	[0.0, 0.0, 0.0, 0.0, 0.0, 0.0, 0.0, 0.0, 0.0]
163	MoeSQLmosa	0	1	[29.740144532886468, 30.740144532886468, 30.740144532886468, 30.740144532886468, 30.740144532886468, 0.0, 1.0]
163	MoeSQLmosa	1	1	[24.432884188158024, 25.432884188158024, 25.432884188158024, 0.0, 1.0, 25.432884188158024, 25.432884188158024]
163	MoeSQLmosa	2	1	[9.885107884654165, 0.0, 1.0, 10.885107884654165, 10.885107884654165, 10.885107884654165, 10.885107884654165]
163	MoeSQLmosa	3	1	[1.7976931348623156E306, 1.7976931348623156E306, 0.0, 1.7976931348623156E306, 1.7976931348623156E306, 1.7976931348623156E306, 1.7976931348623156E306]
163	MoeSQLmosa	4	1	[1.7976931348623156E306, 1.7976931348623156E306, 1.7976931348623156E306, 1.7976931348623156E306, 1.7976931348623156E306, 1.7976931348623156E306, 0.0]
163	MoeSQLmosa	5	1	[0.0, 1.0, 1.0, 1.0, 1.0, 1.0, 1.0]
163	MoeSQLmosa	6	1	[1.7976931348623156E306, 1.7976931348623156E306, 1.7976931348623156E306, 1.7976931348623156E306, 0.0, 1.7976931348623156E306, 1.7976931348623156E306]
163	MOTGA	0	7	[0.0, 0.0, 0.0, 0.0, 0.0, 0.0, 0.0]
165	MoeSQLmosa	0	1	[25.88824187558203, 0.0, 1.0, 26.88824187558203, 26.88824187558203, 26.88824187558203, 26.88824187558203]
165	MoeSQLmosa	1	1	[9.624452686952687, 10.624452686952687, 10.624452686952687, 10.624452686952687, 10.624452686952687, 0.0, 1.0]
165	MoeSQLmosa	2	1	[9.178880999259851, 10.178880999259851, 10.178880999259851, 0.0, 1.0, 10.178880999259851, 10.178880999259851]
165	MoeSQLmosa	3	1	[0.0, 1.0, 1.0, 1.0, 1.0, 1.0, 1.0]
165	MoeSQLmosa	4	1	[1.7976931348623156E306, 1.7976931348623156E306, 1.7976931348623156E306, 1.7976931348623156E306, 1.7976931348623156E306, 1.7976931348623156E306, 0.0]
165	MoeSQLmosa	5	1	[1.7976931348623156E306, 1.7976931348623156E306, 0.0, 1.7976931348623156E306, 1.7976931348623156E306, 1.7976931348623156E306, 1.7976931348623156E306]
165	MoeSQLmosa	6	1	[1.7976931348623156E306, 1.7976931348623156E306, 1.7976931348623156E306, 1.7976931348623156E306, 0.0, 1.7976931348623156E306, 1.7976931348623156E306]
165	MOTGA	0	7	[0.0, 0.0, 0.0, 0.0, 0.0, 0.0, 0.0]
166	MoeSQLmosa	0	2	[0.0, 0.0]
166	MOTGA	0	2	[0.0, 0.0]
167	MoeSQLmosa	0	1	[17.333333333333332, 18.333333333333332, 18.333333333333332, 18.333333333333332, 18.333333333333332, 0.0, 0.0, 1.0]
167	MoeSQLmosa	1	1	[29.27262446317679, 30.27262446317679, 30.27262446317679, 0.0, 1.0, 30.27262446317679, 29.27262446317679, 30.27262446317679]
167	MoeSQLmosa	2	1	[10.0, 0.0, 1.0, 11.0, 11.0, 11.0, 10.0, 11.0]
167	MoeSQLmosa	3	1	[0.0, 1.0, 1.0, 1.0, 1.0, 1.0, 1.0, 0.0]
167	MoeSQLmosa	4	1	[1.7976931348623156E306, 1.7976931348623156E306, 0.0, 1.7976931348623156E306, 1.7976931348623156E306, 1.7976931348623156E306, 1.7976931348623156E306, 1.7976931348623156E306]
167	MoeSQLmosa	5	1	[1.7976931348623156E306, 1.7976931348623156E306, 1.7976931348623156E306, 1.7976931348623156E306, 0.0, 1.7976931348623156E306, 1.7976931348623156E306, 1.7976931348623156E306]
167	MOTGA	0	6	[0.0, 0.0, 0.0, 0.0, 0.0, 0.0, 0.0, 0.0]
168	MoeSQLmosa	0	1	[7.897002191485757, 8.897002191485758, 8.897002191485758, 8.897002191485758, 8.897002191485758, 0.0, 1.0]
168	MoeSQLmosa	1	1	[40.46550324675325, 0.0, 1.0, 41.46550324675325, 41.46550324675325, 41.46550324675325, 41.46550324675325]
168	MoeSQLmosa	2	1	[7.897002191485757, 8.897002191485758, 8.897002191485758, 0.0, 1.0, 8.897002191485758, 8.897002191485758]
168	MoeSQLmosa	3	1	[1.7976931348623156E306, 1.7976931348623156E306, 1.7976931348623156E306, 1.7976931348623156E306, 0.0, 1.7976931348623156E306, 1.7976931348623156E306]
168	MoeSQLmosa	4	1	[0.0, 1.0, 1.0, 1.0, 1.0, 1.0, 1.0]
168	MoeSQLmosa	5	1	[1.7976931348623156E306, 1.7976931348623156E306, 1.7976931348623156E306, 1.7976931348623156E306, 1.7976931348623156E306, 1.7976931348623156E306, 0.0]
168	MoeSQLmosa	6	1	[1.7976931348623156E306, 1.7976931348623156E306, 0.0, 1.7976931348623156E306, 1.7976931348623156E306, 1.7976931348623156E306, 1.7976931348623156E306]
168	MOTGA	0	7	[0.0, 0.0, 0.0, 0.0, 0.0, 0.0, 0.0]
169	MoeSQLmosa	0	1	[13.43580085205472, 14.43580085205472, 14.43580085205472, 14.43580085205472, 14.43580085205472, 0.0, 1.0]
169	MoeSQLmosa	1	1	[13.951515151515153, 14.951515151515153, 14.951515151515153, 0.0, 1.0, 14.951515151515153, 14.951515151515153]
169	MoeSQLmosa	2	1	[24.37814101607205, 0.0, 1.0, 25.37814101607205, 25.37814101607205, 25.37814101607205, 25.37814101607205]
169	MoeSQLmosa	3	1	[0.0, 1.0, 1.0, 1.0, 1.0, 1.0, 1.0]
169	MoeSQLmosa	4	1	[1.7976931348623156E306, 1.7976931348623156E306, 1.7976931348623156E306, 1.7976931348623156E306, 1.7976931348623156E306, 1.7976931348623156E306, 0.0]
169	MoeSQLmosa	5	1	[1.7976931348623156E306, 1.7976931348623156E306, 0.0, 1.7976931348623156E306, 1.7976931348623156E306, 1.7976931348623156E306, 1.7976931348623156E306]
169	MoeSQLmosa	6	1	[1.7976931348623156E306, 1.7976931348623156E306, 1.7976931348623156E306, 1.7976931348623156E306, 0.0, 1.7976931348623156E306, 1.7976931348623156E306]
169	MOTGA	0	7	[0.0, 0.0, 0.0, 0.0, 0.0, 0.0, 0.0]
170	MoeSQLmosa	0	1	[13.226890756302522, 12.226890756302522, 13.226890756302522, 13.226890756302522, 12.226890756302522, 13.226890756302522, 13.226890756302522, 12.226890756302522, 13.226890756302522, 12.226890756302522, 0.0, 1.0]
170	MoeSQLmosa	1	1	[1.0, 0.0, 1.0, 1.0, 0.0, 1.0, 1.0, 0.0, 1.0, 0.0, 1.0, 1.0]
170	MoeSQLmosa	2	1	[2.0, 1.0, 2.0, 0.0, 1.0, 2.0, 2.0, 1.0, 2.0, 1.0, 2.0, 2.0]
170	MoeSQLmosa	3	1	[2.0, 1.0, 2.0, 2.0, 1.0, 0.0, 2.0, 1.0, 2.0, 1.0, 2.0, 2.0]
170	MoeSQLmosa	4	1	[1.7976931348623156E306, 1.7976931348623156E306, 1.7976931348623156E306, 1.7976931348623156E306, 1.7976931348623156E306, 1.7976931348623156E306, 1.7976931348623156E306, 1.7976931348623156E306, 1.7976931348623156E306, 1.7976931348623156E306, 1.7976931348623156E306, 0.0]
170	MoeSQLmosa	5	1	[0.0, 1.0, 2.0, 2.0, 1.0, 2.0, 2.0, 1.0, 2.0, 1.0, 2.0, 2.0]
170	MoeSQLmosa	6	1	[2.0, 1.0, 0.0, 2.0, 1.0, 2.0, 2.0, 1.0, 2.0, 1.0, 2.0, 2.0]
170	MoeSQLmosa	7	1	[2.0, 1.0, 2.0, 2.0, 1.0, 2.0, 2.0, 1.0, 0.0, 1.0, 2.0, 2.0]
170	MoeSQLmosa	8	1	[2.0, 1.0, 2.0, 2.0, 1.0, 2.0, 0.0, 1.0, 2.0, 1.0, 2.0, 2.0]
170	MOTGA	0	9	[0.0, 0.0, 0.0, 0.0, 0.0, 0.0, 0.0, 0.0, 0.0, 0.0, 0.0, 0.0]
171	MoeSQLmosa	0	1	[0.0, 25.8, 1.0]
171	MoeSQLmosa	1	2	[1.0, 0.0, 0.0]
171	MOTGA	0	3	[0.0, 0.0, 0.0]
172	MoeSQLmosa	0	1	[1.0, 0.0, 1.0, 1.0, 0.0, 1.0, 0.0, 1.0, 1.0, 0.0, 1.0]
172	MoeSQLmosa	1	1	[1.7976931348623156E306, 1.7976931348623156E306, 1.7976931348623156E306, 1.7976931348623156E306, 1.7976931348623156E306, 1.7976931348623156E306, 1.7976931348623156E306, 1.7976931348623156E306, 0.0, 1.7976931348623156E306, 1.7976931348623156E306]
172	MoeSQLmosa	2	1	[2.0, 1.0, 2.0, 0.0, 1.0, 2.0, 1.0, 2.0, 2.0, 0.0, 1.0]
172	MoeSQLmosa	3	1	[1.0, 0.0, 1.0, 1.0, 0.0, 1.0, 0.0, 1.0, 1.0, 1.0, 0.0]
172	MoeSQLmosa	4	1	[34.572155705019675, 33.572155705019675, 34.572155705019675, 34.572155705019675, 33.572155705019675, 34.572155705019675, 33.572155705019675, 0.0, 1.0, 33.572155705019675, 34.572155705019675]
172	MoeSQLmosa	5	1	[0.0, 1.0, 2.0, 2.0, 1.0, 2.0, 1.0, 2.0, 2.0, 1.0, 2.0]
172	MoeSQLmosa	6	1	[2.0, 1.0, 0.0, 2.0, 1.0, 2.0, 1.0, 2.0, 2.0, 1.0, 2.0]
172	MoeSQLmosa	7	1	[2.0, 1.0, 2.0, 2.0, 1.0, 0.0, 1.0, 2.0, 2.0, 0.0, 1.0]
172	MOTGA	0	7	[0.0, 0.0, 0.0, 0.0, 0.0, 0.0, 0.0, 0.0, 0.0, 0.0, 0.0]
173	MoeSQLmosa	0	1	[0.0, 14.251036016177519]
173	MoeSQLmosa	1	1	[1.0, 0.0]
173	MOTGA	0	2	[0.0, 0.0]
174	MoeSQLmosa	0	1	[1.7976931348623156E306, 1.7976931348623156E306, 1.7976931348623156E306, 1.7976931348623156E306, 1.7976931348623156E306, 1.7976931348623156E306, 0.0, 1.7976931348623156E306]
174	MoeSQLmosa	1	1	[34.39393939393939, 35.39393939393939, 35.39393939393939, 35.39393939393939, 35.39393939393939, 0.0, 1.0, 43.891886688894324]
174	MoeSQLmosa	2	1	[9.733811698972309, 0.0, 1.0, 10.733811698972309, 10.733811698972309, 10.733811698972309, 10.733811698972309, 29.879626994787607]
174	MoeSQLmosa	3	1	[8.623188405797102, 9.623188405797102, 9.623188405797102, 0.0, 1.0, 9.623188405797102, 9.623188405797102, 22.144801168034867]
174	MoeSQLmosa	4	1	[1.7976931348623156E306, 1.7976931348623156E306, 0.0, 1.7976931348623156E306, 1.7976931348623156E306, 1.7976931348623156E306, 1.7976931348623156E306, 1.7976931348623156E306]
174	MoeSQLmosa	5	1	[1.0, 2.0, 2.0, 2.0, 2.0, 2.0, 2.0, 0.0]
174	MoeSQLmosa	6	1	[1.7976931348623156E306, 1.7976931348623156E306, 1.7976931348623156E306, 1.7976931348623156E306, 0.0, 1.7976931348623156E306, 1.7976931348623156E306, 1.7976931348623156E306]
174	MoeSQLmosa	7	1	[0.0, 1.0, 1.0, 1.0, 1.0, 1.0, 1.0, 8.666583124477862]
174	MOTGA	0	8	[0.0, 0.0, 0.0, 0.0, 0.0, 0.0, 0.0, 0.0]
175	MoeSQLmosa	0	2	[0.0, 0.0]
175	MOTGA	0	2	[0.0, 0.0]
176	MoeSQLmosa	0	2	[0.0, 0.0]
176	MOTGA	0	2	[0.0, 0.0]
177	MoeSQLmosa	0	2	[0.0, 0.0]
177	MOTGA	0	2	[0.0, 0.0]
178	MoeSQLmosa	0	2	[13.835551043159741, 14.835551043159741, 14.835551043159741, 0.0, 1.0, 1.7976931348623156E306, 0.0, 1.7976931348623156E306, 0.0, 1.7976931348623156E306]
178	MoeSQLmosa	1	2	[5.340027045300879, 0.0, 1.0, 6.340027045300879, 6.340027045300879, 1.7976931348623156E306, 5.340027045300879, 1.7976931348623156E306, 5.340027045300879, 1.7976931348623156E306]
178	MoeSQLmosa	2	2	[1.7976931348623156E306, 1.7976931348623156E306, 1.7976931348623156E306, 0.0, 1.0, 1.7976931348623156E306, 1.7976931348623156E306, 1.7976931348623156E306, 1.7976931348623156E306, 0.0]
178	MoeSQLmosa	3	2	[1.7976931348623156E306, 1.7976931348623156E306, 1.7976931348623156E306, 1.7976931348623156E306, 0.0, 1.7976931348623156E306, 0.0, 1.7976931348623156E306, 0.0, 1.7976931348623156E306]
178	MoeSQLmosa	4	2	[0.0, 1.0, 1.0, 1.0, 1.0, 1.7976931348623156E306, 0.0, 1.7976931348623156E306, 0.0, 1.7976931348623156E306]
178	MoeSQLmosa	5	2	[1.7976931348623156E306, 1.7976931348623156E306, 1.7976931348623156E306, 0.0, 1.0, 1.7976931348623156E306, 1.7976931348623156E306, 0.0, 1.7976931348623156E306, 1.7976931348623156E306]
178	MoeSQLmosa	6	2	[1.7976931348623156E306, 1.7976931348623156E306, 1.7976931348623156E306, 0.0, 1.0, 0.0, 1.7976931348623156E306, 1.7976931348623156E306, 1.7976931348623156E306, 1.7976931348623156E306]
178	MoeSQLmosa	7	2	[1.7976931348623156E306, 1.7976931348623156E306, 0.0, 1.7976931348623156E306, 1.7976931348623156E306, 3.595386269724631E306, 1.7976931348623156E306, 3.595386269724631E306, 1.7976931348623156E306, 3.595386269724631E306]
178	MOTGA	0	9	[0.0, 0.0, 0.0, 0.0, 0.0, 0.0, 0.0, 0.0, 0.0, 0.0]
179	MoeSQLmosa	0	1	[42.0, 43.0, 43.0, 0.0, 1.0, 116.0, 61.0, 62.0, 171.0, 80.0, 99.0, 97.0, 61.0, 42.0, 96.0, 43.0, 61.0, 43.0, 133.0, 79.0, 115.0, 151.0, 66.82080610021787]
179	MoeSQLmosa	1	1	[1.7976931348623156E306, 1.7976931348623156E306, 1.7976931348623156E306, 1.7976931348623156E306, 0.0, 1.7976931348623156E306, 1.7976931348623156E306, 1.7976931348623156E306, 1.7976931348623156E306, 1.7976931348623156E306, 1.7976931348623156E306, 1.7976931348623156E306, 1.7976931348623156E306, 1.7976931348623156E306, 1.7976931348623156E306, 1.7976931348623156E306, 1.7976931348623156E306, 1.7976931348623156E306, 1.7976931348623156E306, 1.7976931348623156E306, 1.7976931348623156E306, 1.7976931348623156E306, 1.7976931348623156E306]
179	MoeSQLmosa	2	1	[1.7976931348623156E306, 1.7976931348623156E306, 1.7976931348623156E306, 1.7976931348623156E306, 1.7976931348623156E306, 1.7976931348623156E306, 1.7976931348623156E306, 76.0, 1.7976931348623156E306, 3.595386269724631E306, 3.595386269724631E306, 5.393079404586947E306, 1.7976931348623156E306, 1.7976931348623156E306, 1.7976931348623156E306, 0.0, 3.595386269724631E306, 5.393079404586947E306, 5.393079404586947E306, 5.393079404586947E306, 1.7976931348623156E306, 5.393079404586947E306, 1.7976931348623156E306]
179	MoeSQLmosa	3	1	[33.0, 34.0, 34.0, 34.0, 34.0, 44.0, 86.0, 1.0, 0.0, 33.0, 0.0, 1.0, 66.0, 76.0, 33.0, 34.0, 43.0, 44.0, 75.0, 33.0, 42.0, 43.0, 36.31385281385281]
179	MoeSQLmosa	4	1	[2.3333333333333335, 0.0, 1.0, 3.3333333333333335, 3.3333333333333335, 59.333333333333336, 30.333333333333332, 86.33333333333333, 88.33333333333333, 113.33333333333333, 196.33333333333334, 31.333333333333332, 30.333333333333332, 2.3333333333333335, 30.333333333333332, 3.3333333333333335, 85.33333333333333, 3.3333333333333335, 140.33333333333334, 112.33333333333333, 58.333333333333336, 59.333333333333336, 5.647186147186147]
179	MoeSQLmosa	5	1	[1.0, 2.0, 2.0, 2.0, 2.0, 1.0, 2.0, 12.0, 0.0, 11.0, 22.0, 1.0, 0.0, 2.0, 0.0, 1.0, 13.0, 3.0, 11.0, 10.0, 1.0, 2.0, 4.313852813852813]
179	MoeSQLmosa	6	1	[1.7976931348623156E306, 1.7976931348623156E306, 1.7976931348623156E306, 1.7976931348623156E306, 1.7976931348623156E306, 1.7976931348623156E306, 1.7976931348623156E306, 5.393079404586947E306, 1.7976931348623156E306, 1.7976931348623156E306, 1.7976931348623156E306, 0.0, 1.7976931348623156E306, 3.595386269724631E306, 1.7976931348623156E306, 5.393079404586947E306, 3.595386269724631E306, 2.0, 3.595386269724631E306, 1.7976931348623156E306, 3.595386269724631E306, 1.0, 1.7976931348623156E306]
179	MoeSQLmosa	7	1	[1.0, 2.0, 2.0, 2.0, 2.0, 1.0, 114.0, 13.0, 115.0, 125.0, 136.0, 115.0, 114.0, 228.0, 114.0, 2.0, 239.0, 229.0, 237.0, 124.0, 227.0, 228.0, 0.0]
179	MoeSQLmosa	8	1	[0.0, 1.0, 1.0, 1.0, 1.0, 0.0, 56.0, 7.0, 57.0, 62.0, 68.0, 57.0, 56.0, 113.0, 56.0, 1.0, 119.0, 114.0, 117.0, 61.0, 112.0, 113.0, 3.313852813852814]
179	MoeSQLmosa	9	1	[0.0, 1.0, 1.0, 1.0, 1.0, 9.0, 10.0, 17.0, 8.0, 0.0, 8.0, 1.0, 9.0, 10.0, 8.0, 9.0, 18.0, 3.0, 18.0, 17.0, 9.0, 2.0, 3.313852813852814]
179	MoeSQLmosa	10	1	[1.7976931348623156E306, 1.7976931348623156E306, 0.0, 1.7976931348623156E306, 1.7976931348623156E306, 1.7976931348623156E306, 1.7976931348623156E306, 1.7976931348623156E306, 1.7976931348623156E306, 1.7976931348623156E306, 1.7976931348623156E306, 1.7976931348623156E306, 1.7976931348623156E306, 1.7976931348623156E306, 1.7976931348623156E306, 1.7976931348623156E306, 1.7976931348623156E306, 1.7976931348623156E306, 1.7976931348623156E306, 1.7976931348623156E306, 1.7976931348623156E306, 1.7976931348623156E306, 1.7976931348623156E306]
179	MoeSQLmosa	11	1	[1.7976931348623156E306, 1.7976931348623156E306, 1.7976931348623156E306, 1.7976931348623156E306, 1.7976931348623156E306, 3.595386269724631E306, 1.7976931348623156E306, 5.393079404586947E306, 3.595386269724631E306, 1.7976931348623156E306, 1.7976931348623156E306, 1.0, 1.7976931348623156E306, 1.7976931348623156E306, 3.595386269724631E306, 5.393079404586947E306, 1.7976931348623156E306, 0.0, 5.393079404586947E306, 1.7976931348623156E306, 5.393079404586947E306, 2.0, 1.7976931348623156E306]
179	MoeSQLmosa	12	1	[1.0, 2.0, 2.0, 2.0, 2.0, 1.0, 0.0, 5.0, 2.0, 4.0, 8.0, 2.0, 0.0, 1.0, 0.0, 1.0, 5.0, 3.0, 3.0, 4.0, 0.0, 1.0, 4.313852813852813]
179	MoeSQLmosa	13	1	[0.0, 1.0, 1.0, 1.0, 1.0, 3.0, 1.0, 9.0, 5.0, 9.0, 17.0, 2.0, 1.0, 0.0, 1.0, 1.0, 8.0, 1.0, 9.0, 8.0, 2.0, 3.0, 3.313852813852814]
179	MoeSQLmosa	14	1	[1.7976931348623156E306, 1.7976931348623156E306, 1.7976931348623156E306, 1.7976931348623156E306, 1.7976931348623156E306, 1.7976931348623156E306, 1.7976931348623156E306, 0.0, 1.7976931348623156E306, 1.7976931348623156E306, 1.7976931348623156E306, 5.393079404586947E306, 1.7976931348623156E306, 3.595386269724631E306, 3.595386269724631E306, 7.0, 1.7976931348623156E306, 5.393079404586947E306, 3.595386269724631E306, 3.595386269724631E306, 1.7976931348623156E306, 5.393079404586947E306, 1.7976931348623156E306]
179	MoeSQLmosa	15	1	[29.0, 30.0, 30.0, 30.0, 30.0, 29.0, 0.0, 1.0, 58.0, 33.0, 0.0, 29.0, 66.0, 33.0, 61.0, 34.0, 0.0, 1.0, 61.0, 33.0, 28.0, 57.0, 32.31385281385281]
179	MoeSQLmosa	16	1	[1.7976931348623156E306, 1.7976931348623156E306, 1.7976931348623156E306, 1.7976931348623156E306, 1.7976931348623156E306, 3.595386269724631E306, 1.7976931348623156E306, 5.393079404586947E306, 3.595386269724631E306, 1.7976931348623156E306, 1.7976931348623156E306, 1.0, 1.7976931348623156E306, 5.393079404586947E306, 1.7976931348623156E306, 5.393079404586947E306, 5.393079404586947E306, 2.0, 1.7976931348623156E306, 3.595386269724631E306, 1.7976931348623156E306, 0.0, 1.7976931348623156E306]
179	MoeSQLmosa	17	1	[1.0, 2.0, 2.0, 2.0, 2.0, 3.0, 6.0, 3.0, 0.0, 1.0, 2.0, 1.0, 0.0, 4.0, 0.0, 2.0, 5.0, 5.0, 3.0, 0.0, 4.0, 4.0, 4.313852813852813]
179	MoeSQLmosa	18	1	[0.0, 1.0, 1.0, 1.0, 1.0, 2.0, 1.0, 3.0, 3.0, 2.0, 3.0, 2.0, 1.0, 2.0, 1.0, 2.0, 3.0, 3.0, 0.0, 1.0, 1.0, 1.0, 3.3161084529505582]
179	MOTGA	0	17	[0.0, 0.0, 0.0, 0.0, 0.0, 0.0, 0.0, 0.0, 0.0, 0.0, 0.0, 0.0, 0.0, 0.0, 0.0, 0.0, 0.0, 0.0, 0.0, 0.0, 0.0, 0.0, 0.0]
180	MoeSQLmosa	0	1	[0.0, 15.78872418086876]
180	MoeSQLmosa	1	1	[1.0, 0.0]
180	MOTGA	0	2	[0.0, 0.0]
181	MoeSQLmosa	0	1	[0.0, 1.0, 1.0, 1.0, 1.0]
181	MoeSQLmosa	1	1	[5.919432419432419, 0.0, 1.0, 6.919432419432419, 6.919432419432419]
181	MoeSQLmosa	2	1	[5.919432419432419, 6.919432419432419, 6.919432419432419, 0.0, 1.0]
181	MoeSQLmosa	3	1	[1.7976931348623156E306, 1.7976931348623156E306, 0.0, 1.7976931348623156E306, 1.7976931348623156E306]
181	MoeSQLmosa	4	1	[1.7976931348623156E306, 1.7976931348623156E306, 1.7976931348623156E306, 1.7976931348623156E306, 0.0]
181	MOTGA	0	5	[0.0, 0.0, 0.0, 0.0, 0.0]
182	MoeSQLmosa	0	1	[0.0, 1.0, 1.0, 1.0, 1.0, 1.0, 1.0]
182	MoeSQLmosa	1	1	[23.666233766233766, 24.666233766233766, 24.666233766233766, 0.0, 1.0, 24.666233766233766, 24.666233766233766]
182	MoeSQLmosa	2	1	[9.964468401968402, 10.964468401968402, 10.964468401968402, 10.964468401968402, 10.964468401968402, 0.0, 1.0]
182	MoeSQLmosa	3	1	[27.74332062079559, 0.0, 1.0, 28.74332062079559, 28.74332062079559, 28.74332062079559, 28.74332062079559]
182	MoeSQLmosa	4	1	[1.7976931348623156E306, 1.7976931348623156E306, 0.0, 1.7976931348623156E306, 1.7976931348623156E306, 1.7976931348623156E306, 1.7976931348623156E306]
182	MoeSQLmosa	5	1	[1.7976931348623156E306, 1.7976931348623156E306, 1.7976931348623156E306, 1.7976931348623156E306, 0.0, 1.7976931348623156E306, 1.7976931348623156E306]
182	MoeSQLmosa	6	1	[1.7976931348623156E306, 1.7976931348623156E306, 1.7976931348623156E306, 1.7976931348623156E306, 1.7976931348623156E306, 1.7976931348623156E306, 0.0]
182	MOTGA	0	7	[0.0, 0.0, 0.0, 0.0, 0.0, 0.0, 0.0]
183	MoeSQLmosa	0	1	[1.0, 0.0]
183	MoeSQLmosa	1	1	[0.0, 30.744315372755796]
183	MOTGA	0	2	[0.0, 0.0]
184	MoeSQLmosa	0	1	[1.0, 0.0]
184	MoeSQLmosa	1	1	[0.0, 33.47190236297966]
184	MOTGA	0	2	[0.0, 0.0]
185	MoeSQLmosa	0	1	[1.0, 0.0, 1.0, 2.0, 2.0]
185	MoeSQLmosa	1	1	[0.0, 19.879601128982934, 1.0, 3.0, 3.0]
185	MoeSQLmosa	2	1	[1.7976931348623156E306, 1.7976931348623156E306, 0.0, 3.0, 3.0]
185	MoeSQLmosa	3	3	[1.0, 0.0, 1.0, 1.0, 0.0]
185	MoeSQLmosa	4	3	[1.0, 0.0, 1.0, 0.0, 0.0]
185	MOTGA	0	5	[0.0, 0.0, 0.0, 0.0, 0.0]
186	MoeSQLmosa	0	2	[0.0, 23.52379297432489, 0.0]
186	MoeSQLmosa	1	1	[1.0, 0.0, 1.0]
186	MOTGA	0	3	[0.0, 0.0, 0.0]
187	MoeSQLmosa	0	2	[0.0, 0.0, 1.0]
187	MoeSQLmosa	1	1	[1.7976931348623156E306, 1.7976931348623156E306, 0.0]
187	MOTGA	0	3	[0.0, 0.0, 0.0]
188	MoeSQLmosa	0	1	[13.056521739130435, 0.0, 1.0, 14.056521739130435, 14.056521739130435, 14.056521739130435, 14.056521739130435, 26.11304347826087]
188	MoeSQLmosa	1	1	[15.4, 16.4, 16.4, 16.4, 16.4, 0.0, 1.0, 25.602417027417026]
188	MoeSQLmosa	2	1	[22.59651177675371, 23.59651177675371, 23.59651177675371, 0.0, 1.0, 23.59651177675371, 23.59651177675371, 35.65303351588415]
188	MoeSQLmosa	3	1	[1.7976931348623156E306, 1.7976931348623156E306, 1.7976931348623156E306, 1.7976931348623156E306, 1.7976931348623156E306, 1.7976931348623156E306, 0.0, 1.7976931348623156E306]
188	MoeSQLmosa	4	1	[1.7976931348623156E306, 1.7976931348623156E306, 0.0, 1.7976931348623156E306, 1.7976931348623156E306, 1.7976931348623156E306, 1.7976931348623156E306, 1.7976931348623156E306]
188	MoeSQLmosa	5	1	[0.0, 1.0, 1.0, 1.0, 1.0, 1.0, 1.0, 0.8888888888888888]
188	MoeSQLmosa	6	1	[1.0, 2.0, 2.0, 2.0, 2.0, 2.0, 2.0, 0.0]
188	MoeSQLmosa	7	1	[1.7976931348623156E306, 1.7976931348623156E306, 1.7976931348623156E306, 1.7976931348623156E306, 0.0, 1.7976931348623156E306, 1.7976931348623156E306, 1.7976931348623156E306]
188	MOTGA	0	8	[0.0, 0.0, 0.0, 0.0, 0.0, 0.0, 0.0, 0.0]
189	MoeSQLmosa	0	1	[0.0, 30.385594055909408, 1.0]
189	MoeSQLmosa	1	1	[1.0, 0.0, 1.0]
189	MoeSQLmosa	2	1	[1.7976931348623156E306, 1.7976931348623156E306, 0.0]
189	MOTGA	0	3	[0.0, 0.0, 0.0]
190	MoeSQLmosa	0	1	[0.0, 1.0, 2.0]
190	MoeSQLmosa	1	1	[2.0, 1.0, 0.0]
190	MoeSQLmosa	2	1	[1.0, 0.0, 1.0]
190	MOTGA	0	3	[0.0, 0.0, 0.0]
191	MoeSQLmosa	0	1	[9.299874444214067, 10.299874444214067, 10.299874444214067, 10.299874444214067, 10.299874444214067, 0.0, 1.0, 18.599748888428135]
191	MoeSQLmosa	1	1	[27.58576963815765, 0.0, 1.0, 28.58576963815765, 28.58576963815765, 28.58576963815765, 28.58576963815765, 37.21539091212542]
191	MoeSQLmosa	2	1	[29.404029304029304, 30.404029304029304, 30.404029304029304, 0.0, 1.0, 30.404029304029304, 30.404029304029304, 32.40402930402931]
191	MoeSQLmosa	3	1	[0.0, 1.0, 1.0, 1.0, 1.0, 1.0, 1.0, 9.629621273967773]
191	MoeSQLmosa	4	1	[1.7976931348623156E306, 1.7976931348623156E306, 0.0, 1.7976931348623156E306, 1.7976931348623156E306, 1.7976931348623156E306, 1.7976931348623156E306, 1.7976931348623156E306]
191	MoeSQLmosa	5	1	[1.0, 2.0, 2.0, 2.0, 2.0, 2.0, 2.0, 0.0]
191	MoeSQLmosa	6	1	[1.7976931348623156E306, 1.7976931348623156E306, 1.7976931348623156E306, 1.7976931348623156E306, 0.0, 1.7976931348623156E306, 1.7976931348623156E306, 1.7976931348623156E306]
191	MoeSQLmosa	7	1	[1.7976931348623156E306, 1.7976931348623156E306, 1.7976931348623156E306, 1.7976931348623156E306, 1.7976931348623156E306, 1.7976931348623156E306, 0.0, 1.7976931348623156E306]
191	MOTGA	0	8	[0.0, 0.0, 0.0, 0.0, 0.0, 0.0, 0.0, 0.0]
193	MoeSQLmosa	0	2	[0.0, 0.0]
193	MOTGA	0	2	[0.0, 0.0]
194	MoeSQLmosa	0	1	[2.0, 1.0, 2.0, 2.0, 1.0, 0.0]
194	MoeSQLmosa	1	1	[280.0, 279.0, 278.0, 1.0, 0.0, 1.0]
194	MoeSQLmosa	2	1	[1.0, 0.0, 1.0, 1.0, 0.0, 1.0]
194	MoeSQLmosa	3	1	[0.0, 1.0, 2.0, 435.0, 436.0, 437.0]
194	MoeSQLmosa	4	1	[1.0, 0.0, 1.0, 0.0, 1.0, 2.0]
194	MoeSQLmosa	5	1	[2.0, 1.0, 0.0, 1.0, 0.0, 1.0]
194	MOTGA	0	4	[0.0, 0.0, 0.0, 0.0, 0.0, 0.0]
195	MoeSQLmosa	0	1	[8.823795418892871, 9.823795418892871, 9.823795418892871, 9.823795418892871, 9.823795418892871, 0.0, 1.0]
195	MoeSQLmosa	1	1	[18.0, 0.0, 1.0, 19.0, 19.0, 19.0, 19.0]
195	MoeSQLmosa	2	1	[19.716060708994497, 20.716060708994497, 20.716060708994497, 0.0, 1.0, 20.716060708994497, 20.716060708994497]
195	MoeSQLmosa	3	1	[0.0, 1.0, 1.0, 1.0, 1.0, 1.0, 1.0]
195	MoeSQLmosa	4	1	[1.7976931348623156E306, 1.7976931348623156E306, 1.7976931348623156E306, 1.7976931348623156E306, 0.0, 1.7976931348623156E306, 1.7976931348623156E306]
195	MoeSQLmosa	5	1	[1.7976931348623156E306, 1.7976931348623156E306, 0.0, 1.7976931348623156E306, 1.7976931348623156E306, 1.7976931348623156E306, 1.7976931348623156E306]
195	MoeSQLmosa	6	1	[1.7976931348623156E306, 1.7976931348623156E306, 1.7976931348623156E306, 1.7976931348623156E306, 1.7976931348623156E306, 1.7976931348623156E306, 0.0]
195	MOTGA	0	7	[0.0, 0.0, 0.0, 0.0, 0.0, 0.0, 0.0]
197	MoeSQLmosa	0	2	[0.0, 0.0]
197	MOTGA	0	2	[0.0, 0.0]
198	MoeSQLmosa	0	1	[1.7976931348623156E306, 1.7976931348623156E306, 1.7976931348623156E306, 1.7976931348623156E306, 0.0, 1.7976931348623156E306, 1.7976931348623156E306, 1.7976931348623156E306, 1.7976931348623156E306, 1.7976931348623156E306]
198	MoeSQLmosa	1	1	[66.0, 67.0, 67.0, 0.0, 1.0, 67.0, 67.0, 67.0, 66.0, 67.0]
198	MoeSQLmosa	2	1	[0.0, 1.0, 1.0, 2.0, 1.0, 1.0, 1.0, 1.0, 0.0, 1.0]
198	MoeSQLmosa	3	1	[1.5, 2.5, 2.5, 3.5, 2.5, 0.0, 1.0, 2.5, 1.5, 2.5]
198	MoeSQLmosa	4	1	[1.0, 0.0, 1.0, 3.0, 2.0, 2.0, 2.0, 2.0, 1.0, 2.0]
198	MoeSQLmosa	5	1	[1.0, 2.0, 2.0, 3.0, 2.0, 2.0, 2.0, 0.0, 1.0, 2.0]
198	MoeSQLmosa	6	1	[1.0, 2.0, 2.0, 3.0, 2.0, 2.0, 2.0, 2.0, 1.0, 0.0]
198	MoeSQLmosa	7	1	[1.7976931348623156E306, 1.7976931348623156E306, 1.7976931348623156E306, 1.7976931348623156E306, 1.7976931348623156E306, 1.7976931348623156E306, 0.0, 1.7976931348623156E306, 1.7976931348623156E306, 1.7976931348623156E306]
198	MoeSQLmosa	8	1	[1.7976931348623156E306, 1.7976931348623156E306, 0.0, 1.7976931348623156E306, 1.7976931348623156E306, 1.7976931348623156E306, 1.7976931348623156E306, 1.7976931348623156E306, 1.7976931348623156E306, 1.7976931348623156E306]
198	MOTGA	0	9	[0.0, 0.0, 0.0, 0.0, 0.0, 0.0, 0.0, 0.0, 0.0, 0.0]
199	MoeSQLmosa	0	1	[1.0, 0.0]
199	MoeSQLmosa	1	1	[0.0, 26.187957875457876]
199	MOTGA	0	2	[0.0, 0.0]
200	MoeSQLmosa	0	1	[1.0, 0.0]
200	MoeSQLmosa	1	1	[0.0, 20.85496145250748]
200	MOTGA	0	2	[0.0, 0.0]
201	MoeSQLmosa	0	1	[0.0, 30.19965600275198]
201	MoeSQLmosa	1	1	[1.0, 0.0]
201	MOTGA	0	2	[0.0, 0.0]
202	MoeSQLmosa	0	2	[0.0, 0.0, 1.0]
202	MoeSQLmosa	1	1	[1.7976931348623156E306, 1.7976931348623156E306, 0.0]
202	MOTGA	0	3	[0.0, 0.0, 0.0]
203	MoeSQLmosa	0	1	[0.0, 8.801658658801516]
203	MoeSQLmosa	1	1	[1.0, 0.0]
203	MOTGA	0	2	[0.0, 0.0]
204	MoeSQLmosa	0	2	[21.202368401302305, 20.202368401302305, 21.202368401302305, 0.0, 1.0, 0.0]
204	MoeSQLmosa	1	2	[1.0, 0.0, 1.0, 2.0, 3.0, 2.0]
204	MoeSQLmosa	2	2	[1.7976931348623156E306, 1.7976931348623156E306, 1.7976931348623156E306, 1.0, 0.0, 0.0]
204	MoeSQLmosa	3	2	[0.0, 40.593042873753454, 1.0, 2.0, 3.0, 40.593042873753454]
204	MoeSQLmosa	4	2	[1.7976931348623156E306, 1.7976931348623156E306, 0.0, 2.0, 3.0, 1.7976931348623156E306]
204	MOTGA	0	3	[21.202368401302305, 20.202368401302305, 21.202368401302305, 0.0, 0.0, 0.0]
204	MOTGA	1	4	[0.0, 0.0, 0.0, 2.0, 3.0, 2.0]
205	MoeSQLmosa	0	1	[0.0, 27.893333333333334]
205	MoeSQLmosa	1	1	[1.0, 0.0]
205	MOTGA	0	2	[0.0, 0.0]
206	MoeSQLmosa	0	1	[0.0, 19.615033577533577]
206	MoeSQLmosa	1	1	[1.0, 0.0]
206	MOTGA	0	2	[0.0, 0.0]
207	MoeSQLmosa	0	2	[0.0, 0.0, 1.0]
207	MoeSQLmosa	1	1	[1.7976931348623156E306, 1.7976931348623156E306, 0.0]
207	MOTGA	0	3	[0.0, 0.0, 0.0]
208	MoeSQLmosa	0	1	[1.0, 0.0]
208	MoeSQLmosa	1	1	[0.0, 38.59034766224693]
208	MOTGA	0	2	[0.0, 0.0]
209	MoeSQLmosa	0	1	[15.875, 14.875, 15.875, 15.875, 14.875, 15.875, 13.875, 0.0, 1.0, 14.875, 13.875, 14.875]
209	MoeSQLmosa	1	1	[0.0, 14.911133910609284, 1.0, 487.0, 488.0, 489.0, 14.911133910609284, 15.911133910609284, 15.911133910609284, 15.911133910609284, 14.911133910609284, 15.911133910609284]
209	MoeSQLmosa	2	1	[1.7976931348623156E306, 1.7976931348623156E306, 1.7976931348623156E306, 1.7976931348623156E306, 1.7976931348623156E306, 1.7976931348623156E306, 1.7976931348623156E306, 1.7976931348623156E306, 0.0, 1.7976931348623156E306, 1.7976931348623156E306, 1.7976931348623156E306]
209	MoeSQLmosa	3	1	[1.0, 22.664285389313275, 2.0, 1.0, 0.0, 1.0, 0.0, 1.0, 1.0, 1.0, 0.0, 1.0]
209	MoeSQLmosa	4	1	[1.0, 0.0, 1.0, 735.0, 734.0, 733.0, 0.0, 1.0, 1.0, 1.0, 0.0, 1.0]
209	MoeSQLmosa	5	1	[3.0, 2.0, 3.0, 3.0, 2.0, 3.0, 1.0, 2.0, 2.0, 2.0, 1.0, 0.0]
209	MoeSQLmosa	6	1	[0.0, 13.875, 1.0, 2.0, 1.0, 0.0, 1.0, 2.0, 2.0, 2.0, 1.0, 2.0]
209	MoeSQLmosa	7	1	[3.0, 2.0, 3.0, 3.0, 2.0, 3.0, 1.0, 2.0, 2.0, 0.0, 1.0, 2.0]
209	MoeSQLmosa	8	1	[1.7976931348623156E306, 1.7976931348623156E306, 0.0, 1.7976931348623156E306, 1.7976931348623156E306, 1.7976931348623156E306, 1.7976931348623156E306, 1.7976931348623156E306, 1.7976931348623156E306, 1.7976931348623156E306, 1.7976931348623156E306, 1.7976931348623156E306]
209	MoeSQLmosa	9	1	[0.0, 13.875, 1.0, 0.0, 1.0, 2.0, 1.0, 2.0, 2.0, 2.0, 1.0, 2.0]
209	MOTGA	0	9	[0.0, 0.0, 0.0, 0.0, 0.0, 0.0, 0.0, 0.0, 0.0, 0.0, 0.0, 0.0]
210	MoeSQLmosa	0	2	[0.0, 0.0]
210	MOTGA	0	2	[0.0, 0.0]
211	MoeSQLmosa	0	1	[0.0, 1.0, 2.0, 2.0, 1.0, 2.0]
211	MoeSQLmosa	1	1	[2.0, 1.0, 2.0, 2.0, 1.0, 0.0]
211	MoeSQLmosa	2	1	[73.0, 72.0, 71.0, 1.0, 0.0, 1.0]
211	MoeSQLmosa	3	1	[1.0, 0.0, 1.0, 1.0, 0.0, 1.0]
211	MoeSQLmosa	4	1	[2.0, 1.0, 0.0, 1.0, 0.0, 1.0]
211	MoeSQLmosa	5	1	[1.0, 0.0, 1.0, 0.0, 1.0, 2.0]
211	MOTGA	0	4	[0.0, 0.0, 0.0, 0.0, 0.0, 0.0]
212	MoeSQLmosa	0	2	[0.0, 0.0]
212	MOTGA	0	2	[0.0, 0.0]
213	MoeSQLmosa	0	1	[0.0, 1.0, 2.0]
213	MoeSQLmosa	1	1	[1.0, 0.0, 1.0]
213	MoeSQLmosa	2	1	[2.0, 1.0, 0.0]
213	MOTGA	0	3	[0.0, 0.0, 0.0]
214	MoeSQLmosa	0	1	[1.0, 2.0, 2.0, 0.0, 1.0]
214	MoeSQLmosa	1	1	[0.0, 1.0, 1.0, 1.0, 0.0]
214	MoeSQLmosa	2	1	[12.042045830522204, 0.0, 1.0, 13.042045830522204, 12.042045830522204]
214	MoeSQLmosa	3	1	[1.7976931348623156E306, 1.7976931348623156E306, 0.0, 1.7976931348623156E306, 1.7976931348623156E306]
214	MOTGA	0	4	[0.0, 0.0, 0.0, 0.0, 0.0]
215	MoeSQLmosa	0	1	[1.0, 0.0]
215	MoeSQLmosa	1	1	[0.0, 28.6981059550353]
215	MOTGA	0	2	[0.0, 0.0]
217	MoeSQLmosa	0	2	[0.0, 1.0, 1.0, 1.0, 0.0]
217	MoeSQLmosa	1	1	[9.734300099460711, 10.734300099460711, 10.734300099460711, 0.0, 1.0]
217	MoeSQLmosa	2	1	[10.19021822593434, 0.0, 1.0, 11.19021822593434, 11.19021822593434]
217	MoeSQLmosa	3	1	[1.7976931348623156E306, 1.7976931348623156E306, 0.0, 1.7976931348623156E306, 1.7976931348623156E306]
217	MOTGA	0	5	[0.0, 0.0, 0.0, 0.0, 0.0]
218	MoeSQLmosa	0	3	[0.0]
218	MOTGA	0	3	[0.0]
219	MoeSQLmosa	0	1	[1.0, 0.0, 1.0]
219	MoeSQLmosa	1	1	[0.0, 24.806547619047617, 1.0]
219	MoeSQLmosa	2	1	[1.7976931348623156E306, 1.7976931348623156E306, 0.0]
219	MOTGA	0	3	[0.0, 0.0, 0.0]
221	MoeSQLmosa	0	1	[1.0, 0.0]
221	MoeSQLmosa	1	1	[0.0, 27.326207304627278]
221	MOTGA	0	2	[0.0, 0.0]
222	MoeSQLmosa	0	3	[0.0]
222	MOTGA	0	3	[0.0]
223	MoeSQLmosa	0	1	[0.0, 26.93888888888889]
223	MoeSQLmosa	1	1	[1.0, 0.0]
223	MOTGA	0	2	[0.0, 0.0]
224	MoeSQLmosa	0	2	[0.0, 0.0]
224	MOTGA	0	2	[0.0, 0.0]
225	MoeSQLmosa	0	1	[0.0, 40.69736227824462]
225	MoeSQLmosa	1	1	[1.0, 0.0]
225	MOTGA	0	2	[0.0, 0.0]
226	MoeSQLmosa	0	2	[0.0, 0.0]
226	MOTGA	0	2	[0.0, 0.0]
227	MoeSQLmosa	0	1	[1.0, 0.0]
227	MoeSQLmosa	1	1	[0.0, 33.87177988576134]
227	MOTGA	0	2	[0.0, 0.0]
228	MoeSQLmosa	0	1	[0.0, 1.0, 2.0]
228	MoeSQLmosa	1	1	[2.0, 1.0, 0.0]
228	MoeSQLmosa	2	1	[1.0, 0.0, 1.0]
228	MOTGA	0	3	[0.0, 0.0, 0.0]
229	MoeSQLmosa	0	1	[0.0, 1.0, 1.0, 1.0, 1.0]
229	MoeSQLmosa	1	1	[37.416262165254096, 38.416262165254096, 38.416262165254096, 0.0, 1.0]
229	MoeSQLmosa	2	1	[13.954545454545455, 0.0, 1.0, 14.954545454545455, 14.954545454545455]
229	MoeSQLmosa	3	1	[1.7976931348623156E306, 1.7976931348623156E306, 0.0, 1.7976931348623156E306, 1.7976931348623156E306]
229	MoeSQLmosa	4	1	[1.7976931348623156E306, 1.7976931348623156E306, 1.7976931348623156E306, 1.7976931348623156E306, 0.0]
229	MOTGA	0	5	[0.0, 0.0, 0.0, 0.0, 0.0]
230	MoeSQLmosa	0	1	[8.187545847841353, 0.0, 1.0, 9.187545847841353, 9.187545847841353, 9.187545847841353, 9.187545847841353, 16.674450609746117]
230	MoeSQLmosa	1	1	[10.449497794035048, 11.449497794035048, 11.449497794035048, 0.0, 1.0, 11.449497794035048, 11.449497794035048, 33.61207089345025]
230	MoeSQLmosa	2	1	[9.357843137254902, 10.357843137254902, 10.357843137254902, 10.357843137254902, 10.357843137254902, 0.0, 1.0, 46.48562091503268]
230	MoeSQLmosa	3	1	[1.7976931348623156E306, 1.7976931348623156E306, 1.7976931348623156E306, 1.7976931348623156E306, 1.7976931348623156E306, 1.7976931348623156E306, 0.0, 1.7976931348623156E306]
230	MoeSQLmosa	4	1	[1.7976931348623156E306, 1.7976931348623156E306, 1.7976931348623156E306, 1.7976931348623156E306, 0.0, 1.7976931348623156E306, 1.7976931348623156E306, 1.7976931348623156E306]
230	MoeSQLmosa	5	1	[0.0, 1.0, 1.0, 1.0, 1.0, 1.0, 1.0, 8.486904761904762]
230	MoeSQLmosa	6	1	[1.0, 2.0, 2.0, 2.0, 2.0, 2.0, 2.0, 0.0]
230	MoeSQLmosa	7	1	[1.7976931348623156E306, 1.7976931348623156E306, 0.0, 1.7976931348623156E306, 1.7976931348623156E306, 1.7976931348623156E306, 1.7976931348623156E306, 1.7976931348623156E306]
230	MOTGA	0	8	[0.0, 0.0, 0.0, 0.0, 0.0, 0.0, 0.0, 0.0]
231	MoeSQLmosa	0	2	[0.0, 0.0]
231	MOTGA	0	2	[0.0, 0.0]
232	MoeSQLmosa	0	1	[0.0, 37.07575757575758]
232	MoeSQLmosa	1	1	[1.0, 0.0]
232	MOTGA	0	2	[0.0, 0.0]
233	MoeSQLmosa	0	2	[0.0, 0.0]
233	MOTGA	0	2	[0.0, 0.0]
234	MoeSQLmosa	0	1	[15.826905222437139, 0.0, 1.0, 16.82690522243714, 16.82690522243714, 16.82690522243714, 16.82690522243714]
234	MoeSQLmosa	1	1	[25.689711422405107, 26.689711422405107, 26.689711422405107, 26.689711422405107, 26.689711422405107, 0.0, 1.0]
234	MoeSQLmosa	2	1	[15.956521739130434, 16.956521739130434, 16.956521739130434, 0.0, 1.0, 16.956521739130434, 16.956521739130434]
234	MoeSQLmosa	3	1	[0.0, 1.0, 1.0, 1.0, 1.0, 1.0, 1.0]
234	MoeSQLmosa	4	1	[1.7976931348623156E306, 1.7976931348623156E306, 0.0, 1.7976931348623156E306, 1.7976931348623156E306, 1.7976931348623156E306, 1.7976931348623156E306]
234	MoeSQLmosa	5	1	[1.7976931348623156E306, 1.7976931348623156E306, 1.7976931348623156E306, 1.7976931348623156E306, 0.0, 1.7976931348623156E306, 1.7976931348623156E306]
234	MoeSQLmosa	6	1	[1.7976931348623156E306, 1.7976931348623156E306, 1.7976931348623156E306, 1.7976931348623156E306, 1.7976931348623156E306, 1.7976931348623156E306, 0.0]
234	MOTGA	0	7	[0.0, 0.0, 0.0, 0.0, 0.0, 0.0, 0.0]
235	MoeSQLmosa	0	1	[1.0, 0.0]
235	MoeSQLmosa	1	1	[0.0, 27.860871170173493]
235	MOTGA	0	2	[0.0, 0.0]
236	MoeSQLmosa	0	1	[1.0, 0.0]
236	MoeSQLmosa	1	1	[0.0, 7.802191970103789]
236	MOTGA	0	2	[0.0, 0.0]
239	MoeSQLmosa	0	2	[0.0, 0.0]
239	MOTGA	0	2	[0.0, 0.0]
240	MoeSQLmosa	0	1	[0.0, 7.195590245424484]
240	MoeSQLmosa	1	1	[1.0, 0.0]
240	MOTGA	0	2	[0.0, 0.0]
241	MoeSQLmosa	0	2	[0.0, 0.0]
241	MOTGA	0	2	[0.0, 0.0]
242	MoeSQLmosa	0	1	[0.0, 31.04652222777223]
242	MoeSQLmosa	1	1	[1.0, 0.0]
242	MOTGA	0	2	[0.0, 0.0]
243	MoeSQLmosa	0	2	[107.31433626380246, 96.47921721618341, 97.47921721618341, 79.78544610361939, 80.78544610361939, 99.49499232308756, 100.49499232308756, 65.71653535669923, 66.71653535669923, 108.31433626380246, 107.31433626380246, 108.31433626380246, 108.31433626380246, 108.31433626380246, 108.31433626380246, 108.31433626380246, 87.78115405562025, 0.0, 1.0]
243	MoeSQLmosa	1	2	[7.464860681114552, 8.464860681114551, 8.464860681114551, 8.464860681114551, 8.464860681114551, 0.0, 1.0, 8.464860681114551, 8.464860681114551, 8.464860681114551, 7.464860681114552, 8.464860681114551, 8.464860681114551, 8.464860681114551, 8.464860681114551, 8.464860681114551, 9.464860681114551, 2.0, 1.0]
243	MoeSQLmosa	2	2	[0.0, 1.0, 1.0, 1.0, 1.0, 1.0, 1.0, 1.0, 1.0, 1.0, 0.0, 1.0, 1.0, 1.0, 1.0, 1.0, 2.0, 2.0, 1.0]
243	MoeSQLmosa	3	2	[7.820812617632169, 8.820812617632168, 8.820812617632168, 8.820812617632168, 8.820812617632168, 8.820812617632168, 8.820812617632168, 8.820812617632168, 8.820812617632168, 8.820812617632168, 7.820812617632169, 8.820812617632168, 8.820812617632168, 8.820812617632168, 0.0, 1.0, 2.0, 7.820812617632169, 8.820812617632168]
243	MoeSQLmosa	4	2	[8.825177047528513, 9.825177047528513, 9.825177047528513, 9.825177047528513, 9.825177047528513, 9.825177047528513, 9.825177047528513, 9.825177047528513, 9.825177047528513, 9.825177047528513, 8.825177047528513, 9.825177047528513, 9.825177047528513, 9.825177047528513, 7.825177047528514, 8.825177047528513, 0.0, 1.0, 2.0]
243	MoeSQLmosa	5	2	[7.909090909090909, 8.90909090909091, 8.90909090909091, 8.90909090909091, 8.90909090909091, 8.90909090909091, 8.90909090909091, 8.90909090909091, 8.90909090909091, 8.90909090909091, 7.909090909090909, 8.90909090909091, 0.0, 1.0, 8.90909090909091, 8.90909090909091, 2.0, 7.909090909090909, 8.90909090909091]
243	MoeSQLmosa	6	2	[13.268633253090858, 14.268633253090858, 14.268633253090858, 14.268633253090858, 14.268633253090858, 14.268633253090858, 14.268633253090858, 0.0, 1.0, 14.268633253090858, 13.268633253090858, 14.268633253090858, 14.268633253090858, 14.268633253090858, 14.268633253090858, 14.268633253090858, 15.268633253090858, 2.0, 1.0]
243	MoeSQLmosa	7	2	[1.7976931348623156E306, 1.7976931348623156E306, 1.7976931348623156E306, 1.7976931348623156E306, 1.7976931348623156E306, 1.7976931348623156E306, 1.7976931348623156E306, 1.7976931348623156E306, 1.7976931348623156E306, 1.7976931348623156E306, 1.7976931348623156E306, 1.7976931348623156E306, 1.7976931348623156E306, 1.7976931348623156E306, 1.7976931348623156E306, 1.7976931348623156E306, 20.71995798319328, 1.0, 0.0]
243	MoeSQLmosa	8	2	[7.367446565028549, 8.36744656502855, 8.36744656502855, 0.0, 1.0, 8.36744656502855, 8.36744656502855, 8.36744656502855, 8.36744656502855, 8.36744656502855, 7.367446565028549, 8.36744656502855, 8.36744656502855, 8.36744656502855, 8.36744656502855, 8.36744656502855, 9.36744656502855, 2.0, 1.0]
243	MoeSQLmosa	9	2	[3.0, 0.0, 1.0, 4.0, 4.0, 4.0, 4.0, 4.0, 4.0, 4.0, 3.0, 4.0, 4.0, 4.0, 4.0, 4.0, 5.0, 2.0, 1.0]
243	MoeSQLmosa	10	2	[1.7976931348623156E306, 1.7976931348623156E306, 1.7976931348623156E306, 1.7976931348623156E306, 1.7976931348623156E306, 1.7976931348623156E306, 1.7976931348623156E306, 1.7976931348623156E306, 1.7976931348623156E306, 1.7976931348623156E306, 1.7976931348623156E306, 1.7976931348623156E306, 1.7976931348623156E306, 0.0, 1.7976931348623156E306, 1.7976931348623156E306, 2.0, 1.7976931348623156E306, 1.7976931348623156E306]
243	MoeSQLmosa	11	2	[1.7976931348623156E306, 1.7976931348623156E306, 1.7976931348623156E306, 1.7976931348623156E306, 1.7976931348623156E306, 1.7976931348623156E306, 1.7976931348623156E306, 1.7976931348623156E306, 1.7976931348623156E306, 1.7976931348623156E306, 1.7976931348623156E306, 1.7976931348623156E306, 1.7976931348623156E306, 1.7976931348623156E306, 1.7976931348623156E306, 0.0, 2.0, 1.7976931348623156E306, 1.7976931348623156E306]
243	MoeSQLmosa	12	2	[1.7976931348623156E306, 1.7976931348623156E306, 1.7976931348623156E306, 1.7976931348623156E306, 0.0, 1.7976931348623156E306, 1.7976931348623156E306, 1.7976931348623156E306, 1.7976931348623156E306, 1.7976931348623156E306, 1.7976931348623156E306, 1.7976931348623156E306, 1.7976931348623156E306, 1.7976931348623156E306, 1.7976931348623156E306, 1.7976931348623156E306, 1.7976931348623156E306, 2.0, 1.0]
243	MoeSQLmosa	13	2	[1.0, 2.0, 2.0, 2.0, 2.0, 2.0, 2.0, 2.0, 2.0, 2.0, 1.0, 0.0, 2.0, 2.0, 2.0, 2.0, 3.0, 2.0, 1.0]
243	MoeSQLmosa	14	2	[1.7976931348623156E306, 1.7976931348623156E306, 1.7976931348623156E306, 1.7976931348623156E306, 1.7976931348623156E306, 1.7976931348623156E306, 1.7976931348623156E306, 1.7976931348623156E306, 0.0, 1.7976931348623156E306, 1.7976931348623156E306, 1.7976931348623156E306, 1.7976931348623156E306, 1.7976931348623156E306, 1.7976931348623156E306, 1.7976931348623156E306, 1.7976931348623156E306, 2.0, 1.0]
243	MoeSQLmosa	15	2	[1.7976931348623156E306, 1.7976931348623156E306, 0.0, 1.7976931348623156E306, 1.7976931348623156E306, 1.7976931348623156E306, 1.7976931348623156E306, 1.7976931348623156E306, 1.7976931348623156E306, 1.7976931348623156E306, 1.7976931348623156E306, 1.7976931348623156E306, 1.7976931348623156E306, 1.7976931348623156E306, 1.7976931348623156E306, 1.7976931348623156E306, 1.7976931348623156E306, 2.0, 1.0]
243	MoeSQLmosa	16	2	[1.7976931348623156E306, 1.7976931348623156E306, 1.7976931348623156E306, 1.7976931348623156E306, 1.7976931348623156E306, 1.7976931348623156E306, 0.0, 1.7976931348623156E306, 1.7976931348623156E306, 1.7976931348623156E306, 1.7976931348623156E306, 1.7976931348623156E306, 1.7976931348623156E306, 1.7976931348623156E306, 1.7976931348623156E306, 1.7976931348623156E306, 1.7976931348623156E306, 2.0, 1.0]
243	MoeSQLmosa	17	2	[1.0, 2.0, 2.0, 2.0, 2.0, 2.0, 2.0, 2.0, 2.0, 0.0, 1.0, 2.0, 2.0, 2.0, 2.0, 2.0, 3.0, 2.0, 1.0]
243	MOTGA	0	18	[0.0, 0.0, 0.0, 0.0, 0.0, 0.0, 0.0, 0.0, 0.0, 0.0, 0.0, 0.0, 0.0, 0.0, 0.0, 0.0, 0.0, 0.0, 10.0]
244	MoeSQLmosa	0	1	[0.0, 1.0, 1.0, 1.0, 1.0]
244	MoeSQLmosa	1	1	[20.670429158945975, 0.0, 1.0, 21.670429158945975, 21.670429158945975]
244	MoeSQLmosa	2	1	[26.628517738929368, 27.628517738929368, 27.628517738929368, 0.0, 1.0]
244	MoeSQLmosa	3	1	[1.7976931348623156E306, 1.7976931348623156E306, 1.7976931348623156E306, 1.7976931348623156E306, 0.0]
244	MoeSQLmosa	4	1	[1.7976931348623156E306, 1.7976931348623156E306, 0.0, 1.7976931348623156E306, 1.7976931348623156E306]
244	MOTGA	0	5	[0.0, 0.0, 0.0, 0.0, 0.0]
245	MoeSQLmosa	0	1	[0.0, 1.0, 1.0, 1.0, 0.0, 1.0, 2.0]
245	MoeSQLmosa	1	1	[13.906669996669997, 0.0, 1.0, 14.906669996669997, 13.906669996669997, 14.906669996669997, 3.0]
245	MoeSQLmosa	2	1	[1.0, 2.0, 2.0, 2.0, 1.0, 0.0, 3.0]
245	MoeSQLmosa	3	1	[1.0, 2.0, 2.0, 0.0, 1.0, 2.0, 3.0]
245	MoeSQLmosa	4	1	[1.7976931348623156E306, 1.7976931348623156E306, 0.0, 1.7976931348623156E306, 1.7976931348623156E306, 1.7976931348623156E306, 3.0]
245	MoeSQLmosa	5	3	[0.0, 1.0, 1.0, 1.0, 0.0, 1.0, 0.0]
245	MOTGA	0	7	[0.0, 0.0, 0.0, 0.0, 0.0, 0.0, 0.0]
246	MoeSQLmosa	0	1	[1149.6365736731425, 1148.6365736731425, 1147.6365736731425, 34.72575757575757, 0.0, 35.72575757575757, 34.72575757575757, 35.72575757575757]
246	MoeSQLmosa	1	2	[0.0, 0.0, 1.0, 1.0, 2.0, 2.0, 1.0, 2.0]
246	MoeSQLmosa	2	1	[397.4986772153593, 396.4986772153593, 395.4986772153593, 0.0, 1.0, 1.0, 0.0, 1.0]
246	MoeSQLmosa	3	1	[2.0, 1.0, 0.0, 0.0, 1.0, 1.0, 0.0, 1.0]
246	MoeSQLmosa	4	1	[312.2354901013173, 311.2354901013173, 310.2354901013173, 1.0, 2.0, 2.0, 1.0, 0.0]
246	MoeSQLmosa	5	1	[988.5367656590356, 987.5367656590356, 986.5367656590356, 1.0, 2.0, 0.0, 1.0, 2.0]
246	MOTGA	0	6	[0.0, 0.0, 0.0, 0.0, 0.0, 0.0, 0.0, 0.0]
247	MoeSQLmosa	0	1	[6.0, 7.0, 7.0, 7.0, 7.0, 7.0, 7.0, 0.0, 1.0, 7.0, 7.0, 3.0, 3.0]
247	MoeSQLmosa	1	1	[9.594864456565983, 10.594864456565983, 10.594864456565983, 0.0, 1.0, 10.594864456565983, 10.594864456565983, 10.594864456565983, 10.594864456565983, 10.594864456565983, 10.594864456565983, 3.0, 3.0]
247	MoeSQLmosa	2	1	[0.0, 1.0, 1.0, 1.0, 1.0, 1.0, 1.0, 1.0, 1.0, 1.0, 1.0, 2.0, 2.0]
247	MoeSQLmosa	3	1	[12.226352813852813, 0.0, 1.0, 13.226352813852813, 13.226352813852813, 13.226352813852813, 13.226352813852813, 13.226352813852813, 13.226352813852813, 13.226352813852813, 13.226352813852813, 3.0, 3.0]
247	MoeSQLmosa	4	1	[13.437261625651187, 14.437261625651187, 14.437261625651187, 14.437261625651187, 14.437261625651187, 0.0, 1.0, 14.437261625651187, 14.437261625651187, 14.437261625651187, 14.437261625651187, 3.0, 3.0]
247	MoeSQLmosa	5	1	[1.7976931348623156E306, 1.7976931348623156E306, 1.7976931348623156E306, 1.7976931348623156E306, 1.7976931348623156E306, 1.7976931348623156E306, 1.7976931348623156E306, 1.7976931348623156E306, 0.0, 1.7976931348623156E306, 1.7976931348623156E306, 3.0, 3.0]
247	MoeSQLmosa	6	1	[1.0, 2.0, 2.0, 2.0, 2.0, 2.0, 2.0, 2.0, 2.0, 0.0, 1.0, 3.0, 3.0]
247	MoeSQLmosa	7	1	[1.7976931348623156E306, 1.7976931348623156E306, 0.0, 1.7976931348623156E306, 1.7976931348623156E306, 1.7976931348623156E306, 1.7976931348623156E306, 1.7976931348623156E306, 1.7976931348623156E306, 1.7976931348623156E306, 1.7976931348623156E306, 3.0, 3.0]
247	MoeSQLmosa	8	1	[1.7976931348623156E306, 1.7976931348623156E306, 1.7976931348623156E306, 1.7976931348623156E306, 1.7976931348623156E306, 1.7976931348623156E306, 0.0, 1.7976931348623156E306, 1.7976931348623156E306, 1.7976931348623156E306, 1.7976931348623156E306, 3.0, 3.0]
247	MoeSQLmosa	9	1	[1.7976931348623156E306, 1.7976931348623156E306, 1.7976931348623156E306, 1.7976931348623156E306, 0.0, 1.7976931348623156E306, 1.7976931348623156E306, 1.7976931348623156E306, 1.7976931348623156E306, 1.7976931348623156E306, 1.7976931348623156E306, 3.0, 3.0]
247	MoeSQLmosa	10	1	[1.7976931348623156E306, 1.7976931348623156E306, 1.7976931348623156E306, 1.7976931348623156E306, 1.7976931348623156E306, 1.7976931348623156E306, 1.7976931348623156E306, 1.7976931348623156E306, 1.7976931348623156E306, 1.7976931348623156E306, 0.0, 3.0, 3.0]
247	MoeSQLmosa	11	3	[0.0, 1.0, 1.0, 1.0, 1.0, 1.0, 1.0, 1.0, 1.0, 1.0, 1.0, 1.0, 0.0]
247	MOTGA	0	13	[0.0, 0.0, 0.0, 0.0, 0.0, 0.0, 0.0, 0.0, 0.0, 0.0, 0.0, 1.0, 0.0]
248	MoeSQLmosa	0	1	[1.0, 0.0, 2.0, 1.0, 2.0, 0.0, 1.0]
248	MoeSQLmosa	1	1	[0.0, 16.0, 1.0, 0.0, 1.0, 0.0, 1.0]
248	MoeSQLmosa	2	1	[1.0, 0.0, 2.0, 1.0, 2.0, 1.0, 0.0]
248	MoeSQLmosa	3	1	[1.0, 23.0, 0.0, 1.0, 2.0, 1.0, 2.0]
248	MoeSQLmosa	4	1	[1.0, 17.0, 2.0, 1.0, 0.0, 1.0, 2.0]
248	MOTGA	0	4	[0.0, 0.0, 0.0, 0.0, 0.0, 0.0, 0.0]
249	MoeSQLmosa	0	2	[1.7976931348623156E306, 1.7976931348623156E306, 1.7976931348623156E306, 1.7976931348623156E306, 1.7976931348623156E306, 1.7976931348623156E306, 1.7976931348623156E306, 1.7976931348623156E306, 1.7976931348623156E306, 1.7976931348623156E306, 0.0, 1.7976931348623156E306, 1.7976931348623156E306, 1.7976931348623156E306, 1.7976931348623156E306, 1.7976931348623156E306, 1.7976931348623156E306, 1.7976931348623156E306, 0.0, 1.7976931348623156E306, 3.0, 3.0]
249	MoeSQLmosa	1	2	[38.15160371236132, 0.0, 1.0, 39.15160371236132, 39.15160371236132, 39.15160371236132, 39.15160371236132, 39.15160371236132, 38.15160371236132, 39.15160371236132, 39.15160371236132, 1.7976931348623156E306, 1.7976931348623156E306, 1.7976931348623156E306, 1.7976931348623156E306, 1.7976931348623156E306, 1.7976931348623156E306, 38.15160371236132, 1.7976931348623156E306, 1.7976931348623156E306, 3.0, 3.0]
249	MoeSQLmosa	2	2	[39.76467658151284, 40.76467658151284, 40.76467658151284, 40.76467658151284, 40.76467658151284, 0.0, 1.0, 40.76467658151284, 39.76467658151284, 40.76467658151284, 40.76467658151284, 1.7976931348623156E306, 1.7976931348623156E306, 1.7976931348623156E306, 1.7976931348623156E306, 1.7976931348623156E306, 1.7976931348623156E306, 39.76467658151284, 1.7976931348623156E306, 1.7976931348623156E306, 3.0, 3.0]
249	MoeSQLmosa	3	2	[1.7976931348623156E306, 1.7976931348623156E306, 0.0, 1.7976931348623156E306, 1.7976931348623156E306, 1.7976931348623156E306, 1.7976931348623156E306, 1.7976931348623156E306, 1.7976931348623156E306, 1.7976931348623156E306, 1.7976931348623156E306, 3.595386269724631E306, 3.595386269724631E306, 3.595386269724631E306, 3.595386269724631E306, 3.595386269724631E306, 3.595386269724631E306, 1.7976931348623156E306, 3.595386269724631E306, 3.595386269724631E306, 3.0, 3.0]
249	MoeSQLmosa	4	2	[13.752582159624414, 14.752582159624414, 14.752582159624414, 0.0, 1.0, 14.752582159624414, 14.752582159624414, 14.752582159624414, 13.752582159624414, 14.752582159624414, 14.752582159624414, 1.7976931348623156E306, 1.7976931348623156E306, 1.7976931348623156E306, 1.7976931348623156E306, 1.7976931348623156E306, 1.7976931348623156E306, 13.752582159624414, 1.7976931348623156E306, 1.7976931348623156E306, 3.0, 3.0]
249	MoeSQLmosa	5	2	[1.7976931348623156E306, 1.7976931348623156E306, 1.7976931348623156E306, 1.7976931348623156E306, 1.7976931348623156E306, 1.7976931348623156E306, 0.0, 1.7976931348623156E306, 1.7976931348623156E306, 1.7976931348623156E306, 1.7976931348623156E306, 3.595386269724631E306, 3.595386269724631E306, 3.595386269724631E306, 3.595386269724631E306, 3.595386269724631E306, 3.595386269724631E306, 1.7976931348623156E306, 3.595386269724631E306, 3.595386269724631E306, 3.0, 3.0]
249	MoeSQLmosa	6	2	[0.0, 1.0, 1.0, 1.0, 1.0, 1.0, 1.0, 1.0, 0.0, 1.0, 1.0, 1.7976931348623156E306, 1.7976931348623156E306, 1.7976931348623156E306, 1.7976931348623156E306, 1.7976931348623156E306, 1.7976931348623156E306, 0.0, 1.7976931348623156E306, 1.7976931348623156E306, 2.0, 2.0]
249	MoeSQLmosa	7	2	[1.7976931348623156E306, 1.7976931348623156E306, 1.7976931348623156E306, 1.7976931348623156E306, 1.7976931348623156E306, 1.7976931348623156E306, 1.7976931348623156E306, 1.7976931348623156E306, 1.7976931348623156E306, 1.7976931348623156E306, 67.16960739638758, 1.7976931348623156E306, 1.7976931348623156E306, 1.7976931348623156E306, 1.7976931348623156E306, 1.7976931348623156E306, 1.7976931348623156E306, 1.7976931348623156E306, 1.7976931348623156E306, 1.7976931348623156E306, 3.0, 3.0]
249	MoeSQLmosa	8	2	[1.7976931348623156E306, 1.7976931348623156E306, 1.7976931348623156E306, 1.7976931348623156E306, 1.7976931348623156E306, 1.7976931348623156E306, 1.7976931348623156E306, 1.7976931348623156E306, 1.7976931348623156E306, 1.7976931348623156E306, 100.39901352665578, 1.7976931348623156E306, 1.7976931348623156E306, 1.7976931348623156E306, 1.7976931348623156E306, 1.7976931348623156E306, 1.7976931348623156E306, 1.7976931348623156E306, 100.39901352665578, 1.7976931348623156E306, 3.0, 3.0]
249	MoeSQLmosa	9	2	[1.7976931348623156E306, 1.7976931348623156E306, 1.7976931348623156E306, 1.7976931348623156E306, 0.0, 1.7976931348623156E306, 1.7976931348623156E306, 1.7976931348623156E306, 1.7976931348623156E306, 1.7976931348623156E306, 1.7976931348623156E306, 1.7976931348623156E306, 3.595386269724631E306, 3.595386269724631E306, 3.595386269724631E306, 1.7976931348623156E306, 3.595386269724631E306, 1.7976931348623156E306, 3.595386269724631E306, 3.595386269724631E306, 3.0, 3.0]
249	MoeSQLmosa	10	2	[1.7976931348623156E306, 1.7976931348623156E306, 1.7976931348623156E306, 1.7976931348623156E306, 1.7976931348623156E306, 1.7976931348623156E306, 1.7976931348623156E306, 1.7976931348623156E306, 1.7976931348623156E306, 1.7976931348623156E306, 100.39901352665578, 1.7976931348623156E306, 1.7976931348623156E306, 1.7976931348623156E306, 1.7976931348623156E306, 1.7976931348623156E306, 1.7976931348623156E306, 1.7976931348623156E306, 100.39901352665578, 1.7976931348623156E306, 3.0, 3.0]
249	MoeSQLmosa	11	2	[1.0, 2.0, 2.0, 2.0, 2.0, 2.0, 2.0, 0.0, 1.0, 2.0, 2.0, 1.7976931348623156E306, 1.0, 1.7976931348623156E306, 1.7976931348623156E306, 1.7976931348623156E306, 1.7976931348623156E306, 1.0, 1.7976931348623156E306, 1.7976931348623156E306, 3.0, 3.0]
249	MoeSQLmosa	12	2	[1.0, 2.0, 2.0, 2.0, 2.0, 2.0, 2.0, 2.0, 1.0, 0.0, 2.0, 1.7976931348623156E306, 1.7976931348623156E306, 1.7976931348623156E306, 1.7976931348623156E306, 1.7976931348623156E306, 1.7976931348623156E306, 1.0, 1.7976931348623156E306, 1.7976931348623156E306, 3.0, 3.0]
249	MoeSQLmosa	13	2	[1.7976931348623156E306, 1.7976931348623156E306, 1.7976931348623156E306, 1.7976931348623156E306, 1.7976931348623156E306, 1.7976931348623156E306, 1.7976931348623156E306, 1.7976931348623156E306, 1.7976931348623156E306, 1.7976931348623156E306, 64.45823222227342, 1.7976931348623156E306, 1.7976931348623156E306, 1.7976931348623156E306, 1.7976931348623156E306, 1.7976931348623156E306, 1.7976931348623156E306, 1.7976931348623156E306, 64.45823222227342, 1.7976931348623156E306, 3.0, 3.0]
249	MoeSQLmosa	14	2	[1.7976931348623156E306, 1.7976931348623156E306, 1.7976931348623156E306, 1.7976931348623156E306, 1.7976931348623156E306, 1.7976931348623156E306, 1.7976931348623156E306, 1.7976931348623156E306, 1.7976931348623156E306, 1.7976931348623156E306, 39.76467658151284, 1.7976931348623156E306, 1.7976931348623156E306, 1.7976931348623156E306, 1.7976931348623156E306, 1.7976931348623156E306, 1.7976931348623156E306, 1.7976931348623156E306, 39.76467658151284, 1.7976931348623156E306, 3.0, 3.0]
249	MoeSQLmosa	15	2	[1.7976931348623156E306, 1.7976931348623156E306, 1.7976931348623156E306, 1.7976931348623156E306, 1.7976931348623156E306, 1.7976931348623156E306, 1.7976931348623156E306, 1.7976931348623156E306, 1.7976931348623156E306, 1.7976931348623156E306, 70.14738735442961, 1.7976931348623156E306, 1.7976931348623156E306, 1.7976931348623156E306, 1.7976931348623156E306, 1.7976931348623156E306, 1.7976931348623156E306, 1.7976931348623156E306, 1.7976931348623156E306, 1.7976931348623156E306, 3.0, 3.0]
249	MoeSQLmosa	16	2	[1.7976931348623156E306, 1.7976931348623156E306, 1.7976931348623156E306, 1.7976931348623156E306, 1.7976931348623156E306, 1.7976931348623156E306, 1.7976931348623156E306, 1.7976931348623156E306, 1.7976931348623156E306, 1.7976931348623156E306, 0.0, 1.7976931348623156E306, 1.7976931348623156E306, 1.7976931348623156E306, 0.0, 1.7976931348623156E306, 1.7976931348623156E306, 1.7976931348623156E306, 1.7976931348623156E306, 1.7976931348623156E306, 3.0, 3.0]
249	MoeSQLmosa	17	4	[0.0, 1.0, 1.0, 1.0, 1.0, 1.0, 1.0, 1.0, 0.0, 1.0, 1.0, 1.7976931348623156E306, 1.7976931348623156E306, 1.7976931348623156E306, 1.7976931348623156E306, 1.7976931348623156E306, 1.7976931348623156E306, 0.0, 1.7976931348623156E306, 1.7976931348623156E306, 0.0, 0.0]
249	MOTGA	0	4	[0.0, 1.0, 1.0, 1.0, 1.0, 1.0, 1.0, 1.0, 0.0, 1.0, 1.0, 1.7976931348623156E306, 1.7976931348623156E306, 1.7976931348623156E306, 1.7976931348623156E306, 1.7976931348623156E306, 1.7976931348623156E306, 0.0, 1.7976931348623156E306, 1.7976931348623156E306, 0.0, 0.0]
249	MOTGA	1	10	[1.0, 0.0, 0.0, 0.0, 0.0, 0.0, 0.0, 0.0, 1.0, 0.0, 0.0, 1.7976931348623156E306, 1.0, 1.7976931348623156E306, 1.7976931348623156E306, 1.7976931348623156E306, 1.7976931348623156E306, 1.0, 0.0, 1.7976931348623156E306, 3.0, 3.0]
250	MoeSQLmosa	0	1	[11.246073785808147, 26.246073785808147, 12.246073785808147, 0.0, 1.0]
250	MoeSQLmosa	1	1	[54.0, 0.0, 1.0, 55.0, 55.0]
250	MoeSQLmosa	2	1	[0.0, 50.0, 1.0, 1.0, 1.0]
250	MoeSQLmosa	3	1	[1.7976931348623156E306, 1.7976931348623156E306, 1.7976931348623156E306, 1.7976931348623156E306, 0.0]
250	MoeSQLmosa	4	1	[1.7976931348623156E306, 1.7976931348623156E306, 0.0, 1.7976931348623156E306, 1.7976931348623156E306]
250	MOTGA	0	5	[0.0, 0.0, 0.0, 0.0, 0.0]
251	MoeSQLmosa	0	1	[1.0, 0.0]
251	MoeSQLmosa	1	1	[0.0, 15.050041050903118]
251	MOTGA	0	2	[0.0, 0.0]
252	MoeSQLmosa	0	1	[21.254225620522277, 20.254225620522277, 21.254225620522277, 20.254225620522277, 0.0]
252	MoeSQLmosa	1	1	[1.0, 0.0, 1.0, 0.0, 1.0]
252	MoeSQLmosa	2	1	[0.0, 1.0, 2.0, 1.0, 2.0]
252	MoeSQLmosa	3	1	[2.0, 1.0, 0.0, 1.0, 2.0]
252	MOTGA	0	4	[0.0, 0.0, 0.0, 0.0, 0.0]
253	MoeSQLmosa	0	3	[1.0, 0.0, 1.0, 0.0, 2.0, 1.0]
253	MoeSQLmosa	1	2	[0.0, 11.502888602888603, 1.0, 2.0, 11.502888602888603, 12.502888602888603]
253	MoeSQLmosa	2	2	[29.560603947988742, 28.560603947988742, 29.560603947988742, 0.0, 0.0, 1.0]
253	MoeSQLmosa	3	2	[1.7976931348623156E306, 1.7976931348623156E306, 0.0, 2.0, 1.7976931348623156E306, 1.7976931348623156E306]
253	MoeSQLmosa	4	2	[1.7976931348623156E306, 1.7976931348623156E306, 1.7976931348623156E306, 0.0, 1.0, 0.0]
253	MOTGA	0	2	[29.560603947988742, 28.560603947988742, 29.560603947988742, 0.0, 0.0, 1.0]
253	MOTGA	1	5	[0.0, 0.0, 0.0, 0.0, 2.0, 1.7976931348623156E306]
254	MoeSQLmosa	0	1	[0.0, 1.0, 2.0]
254	MoeSQLmosa	1	1	[2.0, 1.0, 0.0]
254	MoeSQLmosa	2	1	[1.0, 0.0, 1.0]
254	MOTGA	0	3	[0.0, 0.0, 0.0]
255	MoeSQLmosa	0	1	[1.0, 0.0]
255	MoeSQLmosa	1	1	[0.0, 43.08888888888889]
255	MOTGA	0	2	[0.0, 0.0]
256	MoeSQLmosa	0	2	[1.7976931348623156E306, 1.7976931348623156E306, 1.7976931348623156E306, 1.7976931348623156E306, 102.43379204129204, 1.7976931348623156E306, 1.7976931348623156E306, 1.7976931348623156E306, 1.7976931348623156E306, 1.7976931348623156E306, 1.7976931348623156E306, 1.7976931348623156E306, 1.7976931348623156E306, 1.7976931348623156E306, 1.7976931348623156E306, 1.7976931348623156E306, 1.7976931348623156E306, 1.7976931348623156E306, 1.7976931348623156E306, 1.7976931348623156E306, 1.7976931348623156E306, 0.0, 1.7976931348623156E306, 1.7976931348623156E306, 1.7976931348623156E306, 1.7976931348623156E306]
256	MoeSQLmosa	1	2	[7.464860681114552, 8.464860681114551, 8.464860681114551, 0.0, 1.0, 8.464860681114551, 8.464860681114551, 8.464860681114551, 8.464860681114551, 8.464860681114551, 7.464860681114552, 8.464860681114551, 7.464860681114552, 8.464860681114551, 9.464860681114551, 8.464860681114551, 7.464860681114552, 26.46486068111455, 27.46486068111455, 27.46486068111455, 8.464860681114551, 2.0, 7.464860681114552, 8.464860681114551, 8.464860681114551, 7.464860681114552]
256	MoeSQLmosa	2	2	[11.833333333333334, 12.833333333333334, 12.833333333333334, 12.833333333333334, 12.833333333333334, 0.0, 1.0, 12.833333333333334, 12.833333333333334, 12.833333333333334, 11.833333333333334, 12.833333333333334, 33.833333333333336, 34.833333333333336, 35.833333333333336, 12.833333333333334, 11.833333333333334, 1.7976931348623156E306, 1.7976931348623156E306, 30.833333333333336, 1.7976931348623156E306, 2.0, 11.833333333333334, 12.833333333333334, 1.7976931348623156E306, 1.7976931348623156E306]
256	MoeSQLmosa	3	2	[1.0, 2.0, 2.0, 2.0, 2.0, 2.0, 2.0, 2.0, 2.0, 2.0, 1.0, 0.0, 1.0, 2.0, 3.0, 2.0, 1.0, 20.0, 21.0, 21.0, 2.0, 3.0, 2.0, 1.0, 2.0, 1.0]
256	MoeSQLmosa	4	2	[34.371981748674315, 35.371981748674315, 35.371981748674315, 35.371981748674315, 35.371981748674315, 35.371981748674315, 35.371981748674315, 35.371981748674315, 35.371981748674315, 35.371981748674315, 34.371981748674315, 33.371981748674315, 126.82755909192059, 127.82755909192059, 128.8275590919206, 35.371981748674315, 34.371981748674315, 1.7976931348623156E306, 1.7976931348623156E306, 53.371981748674315, 1.7976931348623156E306, 1.0, 0.0, 1.0, 1.7976931348623156E306, 1.7976931348623156E306]
256	MoeSQLmosa	5	2	[1.0, 2.0, 2.0, 2.0, 2.0, 2.0, 2.0, 2.0, 2.0, 0.0, 1.0, 2.0, 1.0, 2.0, 3.0, 2.0, 1.0, 20.0, 21.0, 21.0, 2.0, 3.0, 2.0, 1.0, 2.0, 1.0]
256	MoeSQLmosa	6	2	[0.0, 1.0, 1.0, 1.0, 1.0, 1.0, 1.0, 1.0, 1.0, 1.0, 0.0, 1.0, 0.0, 1.0, 2.0, 1.0, 0.0, 19.0, 20.0, 20.0, 1.0, 2.0, 2.0, 1.0, 1.0, 0.0]
256	MoeSQLmosa	7	2	[8.857142857142858, 9.857142857142858, 9.857142857142858, 9.857142857142858, 9.857142857142858, 9.857142857142858, 9.857142857142858, 0.0, 1.0, 9.857142857142858, 8.857142857142858, 9.857142857142858, 8.857142857142858, 9.857142857142858, 10.857142857142858, 9.857142857142858, 8.857142857142858, 27.857142857142858, 28.857142857142858, 28.857142857142858, 9.857142857142858, 2.0, 8.857142857142858, 9.857142857142858, 9.857142857142858, 8.857142857142858]
256	MoeSQLmosa	8	2	[1.7976931348623156E306, 1.7976931348623156E306, 1.7976931348623156E306, 1.7976931348623156E306, 1.7976931348623156E306, 1.7976931348623156E306, 1.7976931348623156E306, 1.7976931348623156E306, 1.7976931348623156E306, 1.7976931348623156E306, 1.7976931348623156E306, 1.7976931348623156E306, 1.7976931348623156E306, 1.7976931348623156E306, 1.7976931348623156E306, 1.7976931348623156E306, 1.7976931348623156E306, 1.7976931348623156E306, 1.7976931348623156E306, 0.0, 1.7976931348623156E306, 2.0, 1.7976931348623156E306, 1.7976931348623156E306, 1.7976931348623156E306, 1.7976931348623156E306]
256	MoeSQLmosa	9	2	[1.7976931348623156E306, 1.7976931348623156E306, 1.7976931348623156E306, 1.7976931348623156E306, 0.0, 1.7976931348623156E306, 1.7976931348623156E306, 1.7976931348623156E306, 1.7976931348623156E306, 1.7976931348623156E306, 1.7976931348623156E306, 1.7976931348623156E306, 1.7976931348623156E306, 1.7976931348623156E306, 1.7976931348623156E306, 1.7976931348623156E306, 1.7976931348623156E306, 3.595386269724631E306, 3.595386269724631E306, 1.7976931348623156E306, 3.595386269724631E306, 2.0, 1.7976931348623156E306, 1.7976931348623156E306, 1.7976931348623156E306, 1.7976931348623156E306]
256	MoeSQLmosa	10	2	[1.0, 2.0, 2.0, 2.0, 2.0, 2.0, 2.0, 2.0, 2.0, 2.0, 1.0, 2.0, 1.0, 0.0, 1.0, 2.0, 1.0, 1.7976931348623156E306, 1.7976931348623156E306, 20.0, 1.7976931348623156E306, 2.0, 1.0, 2.0, 1.7976931348623156E306, 1.7976931348623156E306]
256	MoeSQLmosa	11	2	[11.0, 12.0, 12.0, 12.0, 12.0, 12.0, 12.0, 12.0, 12.0, 12.0, 11.0, 12.0, 11.0, 12.0, 13.0, 0.0, 11.0, 16.718513885894556, 15.818513885894555, 16.818513885894554, 0.9, 13.0, 11.0, 12.0, 0.9, 1.9]
256	MoeSQLmosa	12	2	[8.0, 9.0, 9.0, 9.0, 9.0, 9.0, 9.0, 9.0, 9.0, 9.0, 8.0, 9.0, 8.0, 9.0, 10.0, 0.0, 8.0, 13.8994301994302, 14.8994301994302, 14.8994301994302, 0.0, 10.0, 8.0, 9.0, 0.0, 1.0]
256	MoeSQLmosa	13	2	[1.7976931348623156E306, 1.7976931348623156E306, 0.0, 1.7976931348623156E306, 1.7976931348623156E306, 1.7976931348623156E306, 1.7976931348623156E306, 1.7976931348623156E306, 1.7976931348623156E306, 1.7976931348623156E306, 1.7976931348623156E306, 1.7976931348623156E306, 1.7976931348623156E306, 1.7976931348623156E306, 1.7976931348623156E306, 1.7976931348623156E306, 1.7976931348623156E306, 1.7976931348623156E306, 1.7976931348623156E306, 1.7976931348623156E306, 1.7976931348623156E306, 2.0, 1.7976931348623156E306, 1.7976931348623156E306, 1.7976931348623156E306, 1.7976931348623156E306]
256	MoeSQLmosa	14	2	[1.0, 0.0, 1.0, 2.0, 2.0, 2.0, 2.0, 2.0, 2.0, 2.0, 1.0, 2.0, 1.0, 2.0, 3.0, 2.0, 1.0, 20.0, 21.0, 21.0, 2.0, 2.0, 1.0, 2.0, 2.0, 1.0]
256	MoeSQLmosa	15	2	[18.0, 19.0, 19.0, 19.0, 19.0, 19.0, 19.0, 19.0, 19.0, 19.0, 18.0, 19.0, 39.5638, 40.5638, 41.5638, 0.0, 18.0, 43.849739632348324, 0.0, 1.0, 44.849739632348324, 2.0, 18.0, 19.0, 43.849739632348324, 44.849739632348324]
256	MoeSQLmosa	16	2	[1.7976931348623156E306, 1.7976931348623156E306, 1.7976931348623156E306, 1.7976931348623156E306, 1.7976931348623156E306, 1.7976931348623156E306, 1.7976931348623156E306, 1.7976931348623156E306, 1.7976931348623156E306, 1.7976931348623156E306, 1.7976931348623156E306, 1.7976931348623156E306, 1.7976931348623156E306, 1.7976931348623156E306, 1.7976931348623156E306, 1.7976931348623156E306, 1.7976931348623156E306, 1.7976931348623156E306, 1.7976931348623156E306, 1.7976931348623156E306, 1.7976931348623156E306, 0.0, 1.0, 0.0, 1.7976931348623156E306, 1.7976931348623156E306]
256	MoeSQLmosa	17	2	[1.7976931348623156E306, 1.7976931348623156E306, 1.7976931348623156E306, 1.7976931348623156E306, 1.7976931348623156E306, 1.7976931348623156E306, 1.7976931348623156E306, 1.7976931348623156E306, 0.0, 1.7976931348623156E306, 1.7976931348623156E306, 1.7976931348623156E306, 1.7976931348623156E306, 1.7976931348623156E306, 1.7976931348623156E306, 1.7976931348623156E306, 1.7976931348623156E306, 1.7976931348623156E306, 1.7976931348623156E306, 1.7976931348623156E306, 1.7976931348623156E306, 2.0, 1.7976931348623156E306, 1.7976931348623156E306, 1.7976931348623156E306, 1.7976931348623156E306]
256	MoeSQLmosa	18	2	[1.7976931348623156E306, 1.7976931348623156E306, 1.7976931348623156E306, 1.7976931348623156E306, 1.7976931348623156E306, 1.7976931348623156E306, 0.0, 1.7976931348623156E306, 1.7976931348623156E306, 1.7976931348623156E306, 1.7976931348623156E306, 1.7976931348623156E306, 1.7976931348623156E306, 1.7976931348623156E306, 1.7976931348623156E306, 1.7976931348623156E306, 1.7976931348623156E306, 1.7976931348623156E306, 1.7976931348623156E306, 1.7976931348623156E306, 1.7976931348623156E306, 2.0, 1.7976931348623156E306, 1.7976931348623156E306, 1.7976931348623156E306, 1.7976931348623156E306]
256	MoeSQLmosa	19	2	[0.0, 1.0, 1.0, 1.0, 1.0, 1.0, 1.0, 1.0, 1.0, 1.0, 0.0, 1.0, 0.0, 1.0, 2.0, 1.0, 19.0, 0.0, 1.0, 1.0, 1.0, 2.0, 2.0, 1.0, 0.0, 1.0]
256	MoeSQLmosa	20	2	[2.0, 3.0, 3.0, 3.0, 3.0, 3.0, 3.0, 3.0, 3.0, 3.0, 2.0, 3.0, 2.0, 1.0, 0.0, 3.0, 2.0, 21.0, 22.0, 22.0, 3.0, 2.0, 2.0, 3.0, 3.0, 2.0]
256	MOTGA	0	20	[0.0, 0.0, 0.0, 0.0, 0.0, 0.0, 0.0, 0.0, 0.0, 0.0, 0.0, 0.0, 0.0, 0.0, 0.0, 0.0, 0.0, 0.0, 0.0, 0.0, 0.0, 0.0, 2.0, 1.7976931348623156E306, 0.0, 0.0]
258	MoeSQLmosa	0	1	[0.0, 34.19318181818181]
258	MoeSQLmosa	1	1	[1.0, 0.0]
258	MOTGA	0	2	[0.0, 0.0]
259	MoeSQLmosa	0	1	[1.0, 0.0]
259	MoeSQLmosa	1	1	[0.0, 16.260985133246194]
259	MOTGA	0	2	[0.0, 0.0]
260	MoeSQLmosa	0	1	[0.0, 25.900729825729822]
260	MoeSQLmosa	1	1	[1.0, 0.0]
260	MOTGA	0	2	[0.0, 0.0]
261	MoeSQLmosa	0	1	[1.0, 0.0]
261	MoeSQLmosa	1	1	[0.0, 29.133333333333333]
261	MOTGA	0	2	[0.0, 0.0]
262	MoeSQLmosa	0	3	[0.0, 1.7976931348623156E306, 0.0, 0.0, 1.7976931348623156E306]
262	MoeSQLmosa	1	2	[1.0, 0.0, 1.7976931348623156E306, 0.0, 1.7976931348623156E306]
262	MoeSQLmosa	2	2	[0.0, 1.7976931348623156E306, 1.7976931348623156E306, 1.7976931348623156E306, 0.0]
262	MOTGA	0	2	[1.0, 0.0, 1.7976931348623156E306, 0.0, 1.7976931348623156E306]
262	MOTGA	1	4	[0.0, 0.0, 0.0, 0.0, 0.0]
263	MoeSQLmosa	0	1	[0.0, 27.822979797979798]
263	MoeSQLmosa	1	1	[1.0, 0.0]
263	MOTGA	0	2	[0.0, 0.0]
264	MoeSQLmosa	0	3	[0.0]
264	MOTGA	0	3	[0.0]
265	MoeSQLmosa	0	2	[4.0, 5.0, 6.0, 1.0, 0.0, 0.0]
265	MoeSQLmosa	1	2	[1.0, 0.0, 1.0, 0.0, 1.0, 2.0]
265	MoeSQLmosa	2	1	[2.0, 1.0, 0.0, 503.0, 502.0, 501.0]
265	MoeSQLmosa	3	1	[0.0, 1.0, 2.0, 6.0, 5.0, 4.0]
265	MOTGA	0	5	[0.0, 0.0, 0.0, 0.0, 0.0, 0.0]
266	MoeSQLmosa	0	3	[23.814102564102566, 0.0, 1.0, 25.814102564102566, 24.814102564102566, 23.814102564102566, 0.0, 1.0, 2.0]
266	MoeSQLmosa	1	2	[1.7976931348623156E306, 1.7976931348623156E306, 1.7976931348623156E306, 1.7976931348623156E306, 1.7976931348623156E306, 1.7976931348623156E306, 1.0, 0.0, 0.0]
266	MoeSQLmosa	2	2	[0.0, 1.0, 1.0, 0.0, 1.0, 2.0, 2.0, 3.0, 2.0]
266	MoeSQLmosa	3	3	[0.0, 1.0, 1.0, 1.0, 0.0, 0.0, 2.0, 3.0, 2.0]
266	MoeSQLmosa	4	2	[1.7976931348623156E306, 1.7976931348623156E306, 0.0, 1.7976931348623156E306, 1.7976931348623156E306, 1.7976931348623156E306, 1.7976931348623156E306, 1.7976931348623156E306, 2.0]
266	MOTGA	0	2	[1.7976931348623156E306, 1.7976931348623156E306, 1.7976931348623156E306, 1.7976931348623156E306, 1.7976931348623156E306, 1.7976931348623156E306, 1.0, 0.0, 0.0]
266	MOTGA	1	7	[0.0, 0.0, 0.0, 0.0, 0.0, 0.0, 0.0, 1.0, 2.0]
267	MoeSQLmosa	0	2	[0.0, 2.0, 2.0, 1.0]
267	MoeSQLmosa	1	2	[37.85185635425515, 0.0, 0.0, 1.0]
267	MoeSQLmosa	2	2	[1.7976931348623156E306, 0.0, 1.0, 0.0]
267	MoeSQLmosa	3	2	[32.66298251284687, 0.0, 0.0, 1.0]
267	MOTGA	0	4	[0.0, 0.0, 2.0, 0.0]
268	MoeSQLmosa	0	1	[1.0, 2.0, 2.0, 0.0, 1.0, 2.0, 2.0, 2.0, 0.0]
268	MoeSQLmosa	1	1	[0.0, 1.0, 1.0, 1.0, 0.0, 1.0, 1.0, 1.0, 0.0]
268	MoeSQLmosa	2	1	[13.35634284825387, 0.0, 1.0, 14.35634284825387, 13.35634284825387, 14.35634284825387, 14.35634284825387, 14.35634284825387, 13.35634284825387]
268	MoeSQLmosa	3	1	[12.094418308633994, 13.094418308633994, 13.094418308633994, 13.094418308633994, 12.094418308633994, 13.094418308633994, 0.0, 1.0, 12.094418308633994]
268	MoeSQLmosa	4	1	[1.7976931348623156E306, 1.7976931348623156E306, 0.0, 1.7976931348623156E306, 1.7976931348623156E306, 1.7976931348623156E306, 1.7976931348623156E306, 1.7976931348623156E306, 1.7976931348623156E306]
268	MoeSQLmosa	5	1	[1.7976931348623156E306, 1.7976931348623156E306, 1.7976931348623156E306, 1.7976931348623156E306, 1.7976931348623156E306, 1.7976931348623156E306, 1.7976931348623156E306, 0.0, 1.7976931348623156E306]
268	MoeSQLmosa	6	1	[1.0, 2.0, 2.0, 2.0, 1.0, 0.0, 2.0, 2.0, 0.0]
268	MOTGA	0	7	[0.0, 0.0, 0.0, 0.0, 0.0, 0.0, 0.0, 0.0, 0.0]
269	MoeSQLmosa	0	1	[0.0, 41.57142857142857]
269	MoeSQLmosa	1	1	[1.0, 0.0]
269	MOTGA	0	2	[0.0, 0.0]
270	MoeSQLmosa	0	1	[12.467307661221094, 13.467307661221094, 13.467307661221094, 0.0, 1.0]
270	MoeSQLmosa	1	1	[14.213545970787226, 0.0, 1.0, 15.213545970787226, 15.213545970787226]
270	MoeSQLmosa	2	1	[1.7976931348623156E306, 1.7976931348623156E306, 0.0, 1.7976931348623156E306, 1.7976931348623156E306]
270	MoeSQLmosa	3	1	[0.0, 1.0, 1.0, 1.0, 1.0]
270	MoeSQLmosa	4	1	[1.7976931348623156E306, 1.7976931348623156E306, 1.7976931348623156E306, 1.7976931348623156E306, 0.0]
270	MOTGA	0	5	[0.0, 0.0, 0.0, 0.0, 0.0]
271	MoeSQLmosa	0	2	[0.0, 0.0]
271	MOTGA	0	2	[0.0, 0.0]
272	MoeSQLmosa	0	2	[0.0, 0.0, 1.0]
272	MoeSQLmosa	1	1	[1.7976931348623156E306, 1.7976931348623156E306, 0.0]
272	MOTGA	0	3	[0.0, 0.0, 0.0]
273	MoeSQLmosa	0	1	[9.229049782145175, 10.229049782145175, 10.229049782145175, 10.229049782145175, 10.229049782145175, 0.0, 1.0, 11.229049782145175]
273	MoeSQLmosa	1	1	[0.8333333333333334, 1.8333333333333335, 1.8333333333333335, 0.0, 1.0, 1.8333333333333335, 1.8333333333333335, 2.3333333333333335]
273	MoeSQLmosa	2	1	[1.7976931348623156E306, 1.7976931348623156E306, 1.7976931348623156E306, 1.7976931348623156E306, 1.7976931348623156E306, 1.7976931348623156E306, 0.0, 1.7976931348623156E306]
273	MoeSQLmosa	3	1	[1.7976931348623156E306, 1.7976931348623156E306, 1.7976931348623156E306, 1.7976931348623156E306, 0.0, 1.7976931348623156E306, 1.7976931348623156E306, 1.7976931348623156E306]
273	MoeSQLmosa	4	1	[1.0, 2.0, 2.0, 2.0, 2.0, 2.0, 2.0, 0.0]
273	MoeSQLmosa	5	1	[0.0, 1.0, 1.0, 1.0, 1.0, 1.0, 1.0, 2.875]
273	MoeSQLmosa	6	1	[17.0, 0.0, 1.0, 18.0, 18.0, 18.0, 18.0, 22.317441599281224]
273	MoeSQLmosa	7	1	[1.7976931348623156E306, 1.7976931348623156E306, 0.0, 1.7976931348623156E306, 1.7976931348623156E306, 1.7976931348623156E306, 1.7976931348623156E306, 1.7976931348623156E306]
273	MOTGA	0	8	[0.0, 0.0, 0.0, 0.0, 0.0, 0.0, 0.0, 0.0]
274	MoeSQLmosa	0	1	[1.0, 0.0, 1.0]
274	MoeSQLmosa	1	1	[0.0, 19.33969646338067, 1.0]
274	MoeSQLmosa	2	1	[1.7976931348623156E306, 1.7976931348623156E306, 0.0]
274	MOTGA	0	3	[0.0, 0.0, 0.0]
275	MoeSQLmosa	0	2	[0.0, 29.972261584536263, 0.0]
275	MoeSQLmosa	1	1	[1.0, 0.0, 1.0]
275	MOTGA	0	3	[0.0, 0.0, 0.0]
276	MoeSQLmosa	0	1	[11.794737994496838, 0.0, 1.0, 12.794737994496838, 12.794737994496838, 12.794737994496838, 12.794737994496838, 3.0]
276	MoeSQLmosa	1	1	[16.76800655193584, 17.76800655193584, 17.76800655193584, 17.76800655193584, 17.76800655193584, 0.0, 1.0, 3.0]
276	MoeSQLmosa	2	1	[11.794737994496838, 12.794737994496838, 12.794737994496838, 0.0, 1.0, 12.794737994496838, 12.794737994496838, 3.0]
276	MoeSQLmosa	3	1	[0.0, 1.0, 1.0, 1.0, 1.0, 1.0, 1.0, 2.0]
276	MoeSQLmosa	4	1	[1.7976931348623156E306, 1.7976931348623156E306, 1.7976931348623156E306, 1.7976931348623156E306, 0.0, 1.7976931348623156E306, 1.7976931348623156E306, 3.0]
276	MoeSQLmosa	5	1	[1.7976931348623156E306, 1.7976931348623156E306, 1.7976931348623156E306, 1.7976931348623156E306, 1.7976931348623156E306, 1.7976931348623156E306, 0.0, 3.0]
276	MoeSQLmosa	6	1	[1.7976931348623156E306, 1.7976931348623156E306, 0.0, 1.7976931348623156E306, 1.7976931348623156E306, 1.7976931348623156E306, 1.7976931348623156E306, 3.0]
276	MoeSQLmosa	7	3	[0.0, 1.0, 1.0, 1.0, 1.0, 1.0, 1.0, 0.0]
276	MOTGA	0	9	[0.0, 0.0, 0.0, 0.0, 0.0, 0.0, 0.0, 0.0]
277	MoeSQLmosa	0	1	[29.56240754606897, 30.56240754606897, 30.56240754606897, 0.0, 1.0]
277	MoeSQLmosa	1	1	[20.166666666666664, 0.0, 1.0, 21.166666666666664, 21.166666666666664]
277	MoeSQLmosa	2	1	[1.7976931348623156E306, 1.7976931348623156E306, 1.7976931348623156E306, 1.7976931348623156E306, 0.0]
277	MoeSQLmosa	3	1	[1.7976931348623156E306, 1.7976931348623156E306, 0.0, 1.7976931348623156E306, 1.7976931348623156E306]
277	MoeSQLmosa	4	1	[0.0, 1.0, 1.0, 1.0, 1.0]
277	MOTGA	0	5	[0.0, 0.0, 0.0, 0.0, 0.0]
278	MoeSQLmosa	0	2	[0.0, 0.0]
278	MOTGA	0	2	[0.0, 0.0]
279	MoeSQLmosa	0	2	[27.448214285714286, 0.0, 1.0, 28.448214285714286, 0.0, 28.448214285714286, 27.448214285714286, 28.448214285714286, 3.0]
279	MoeSQLmosa	1	2	[0.0, 1.0, 1.0, 0.0, 1.0, 1.0, 0.0, 1.0, 2.0]
279	MoeSQLmosa	2	1	[1.0, 2.0, 2.0, 2.0, 2.0, 0.0, 1.0, 2.0, 3.0]
279	MoeSQLmosa	3	1	[1.0, 2.0, 2.0, 2.0, 2.0, 2.0, 1.0, 0.0, 3.0]
279	MoeSQLmosa	4	1	[1.7976931348623156E306, 1.7976931348623156E306, 0.0, 1.7976931348623156E306, 1.7976931348623156E306, 1.7976931348623156E306, 1.7976931348623156E306, 1.7976931348623156E306, 3.0]
279	MoeSQLmosa	5	3	[0.0, 1.0, 1.0, 1.0, 1.0, 1.0, 0.0, 1.0, 0.0]
279	MOTGA	0	10	[0.0, 0.0, 0.0, 0.0, 0.0, 0.0, 0.0, 0.0, 0.0]
280	MoeSQLmosa	0	1	[42.800000000000004, 43.800000000000004, 43.800000000000004, 0.0, 1.0, 43.800000000000004, 43.800000000000004, 51.96505791505792]
280	MoeSQLmosa	1	1	[10.157142857142858, 0.0, 1.0, 11.157142857142858, 11.157142857142858, 11.157142857142858, 11.157142857142858, 51.54199134199135]
280	MoeSQLmosa	2	1	[0.0, 1.0, 1.0, 1.0, 1.0, 1.0, 1.0, 9.165057915057915]
280	MoeSQLmosa	3	1	[1.7976931348623156E306, 1.7976931348623156E306, 1.7976931348623156E306, 1.7976931348623156E306, 0.0, 1.7976931348623156E306, 1.7976931348623156E306, 1.7976931348623156E306]
280	MoeSQLmosa	4	1	[4.458333333333334, 5.458333333333334, 5.458333333333334, 5.458333333333334, 5.458333333333334, 0.0, 1.0, 45.843181818181826]
280	MoeSQLmosa	5	1	[1.7976931348623156E306, 1.7976931348623156E306, 1.7976931348623156E306, 1.7976931348623156E306, 1.7976931348623156E306, 1.7976931348623156E306, 0.0, 1.7976931348623156E306]
280	MoeSQLmosa	6	1	[1.0, 2.0, 2.0, 2.0, 2.0, 2.0, 2.0, 0.0]
280	MoeSQLmosa	7	1	[1.7976931348623156E306, 1.7976931348623156E306, 0.0, 1.7976931348623156E306, 1.7976931348623156E306, 1.7976931348623156E306, 1.7976931348623156E306, 1.7976931348623156E306]
280	MOTGA	0	8	[0.0, 0.0, 0.0, 0.0, 0.0, 0.0, 0.0, 0.0]
282	MoeSQLmosa	0	1	[0.0, 33.89275822216999, 1.0]
282	MoeSQLmosa	1	1	[1.0, 0.0, 1.0]
282	MoeSQLmosa	2	1	[1.7976931348623156E306, 1.7976931348623156E306, 0.0]
282	MOTGA	0	3	[0.0, 0.0, 0.0]
283	MoeSQLmosa	0	1	[1.0, 0.0]
283	MoeSQLmosa	1	1	[0.0, 24.122306234867388]
283	MOTGA	0	2	[0.0, 0.0]
284	MoeSQLmosa	0	2	[0.0, 0.0]
284	MOTGA	0	2	[0.0, 0.0]
285	MoeSQLmosa	0	1	[25.868916753750995, 26.868916753750995, 26.868916753750995, 26.868916753750995, 26.868916753750995, 0.0, 1.0]
285	MoeSQLmosa	1	1	[14.867887667887668, 15.867887667887668, 15.867887667887668, 0.0, 1.0, 15.867887667887668, 15.867887667887668]
285	MoeSQLmosa	2	1	[32.55, 0.0, 1.0, 33.55, 33.55, 33.55, 33.55]
285	MoeSQLmosa	3	1	[1.7976931348623156E306, 1.7976931348623156E306, 0.0, 1.7976931348623156E306, 1.7976931348623156E306, 1.7976931348623156E306, 1.7976931348623156E306]
285	MoeSQLmosa	4	1	[1.7976931348623156E306, 1.7976931348623156E306, 1.7976931348623156E306, 1.7976931348623156E306, 0.0, 1.7976931348623156E306, 1.7976931348623156E306]
285	MoeSQLmosa	5	1	[1.7976931348623156E306, 1.7976931348623156E306, 1.7976931348623156E306, 1.7976931348623156E306, 1.7976931348623156E306, 1.7976931348623156E306, 0.0]
285	MoeSQLmosa	6	1	[0.0, 1.0, 1.0, 1.0, 1.0, 1.0, 1.0]
285	MOTGA	0	7	[0.0, 0.0, 0.0, 0.0, 0.0, 0.0, 0.0]
286	MoeSQLmosa	0	1	[1.0, 0.0]
286	MoeSQLmosa	1	1	[0.0, 17.07648104004508]
286	MOTGA	0	2	[0.0, 0.0]
287	MoeSQLmosa	0	1	[19.926746267688294, 20.926746267688294, 20.926746267688294, 0.0, 1.0]
287	MoeSQLmosa	1	1	[13.266666666666666, 0.0, 1.0, 14.266666666666666, 14.266666666666666]
287	MoeSQLmosa	2	1	[1.7976931348623156E306, 1.7976931348623156E306, 1.7976931348623156E306, 1.7976931348623156E306, 0.0]
287	MoeSQLmosa	3	1	[1.7976931348623156E306, 1.7976931348623156E306, 0.0, 1.7976931348623156E306, 1.7976931348623156E306]
287	MoeSQLmosa	4	1	[0.0, 1.0, 1.0, 1.0, 1.0]
287	MOTGA	0	5	[0.0, 0.0, 0.0, 0.0, 0.0]
288	MoeSQLmosa	0	1	[0.0, 29.36086748997125]
288	MoeSQLmosa	1	1	[1.0, 0.0]
288	MOTGA	0	2	[0.0, 0.0]
289	MoeSQLmosa	0	3	[0.0]
289	MOTGA	0	3	[0.0]
290	MoeSQLmosa	0	1	[1.0, 0.0, 1.0, 0.0, 43.976270053475936, 1.0]
290	MoeSQLmosa	1	1	[1.7976931348623156E306, 1.7976931348623156E306, 1.7976931348623156E306, 1.7976931348623156E306, 1.7976931348623156E306, 0.0]
290	MoeSQLmosa	2	1	[2.0, 1.0, 2.0, 1.0, 0.0, 1.0]
290	MoeSQLmosa	3	1	[2.0, 1.0, 0.0, 1.0, 10.6399186597716, 2.0]
290	MoeSQLmosa	4	1	[0.0, 1.0, 2.0, 1.0, 15.740036465036464, 2.0]
290	MOTGA	0	5	[0.0, 0.0, 0.0, 0.0, 0.0, 0.0]
291	MoeSQLmosa	0	2	[1.7976931348623156E306, 1.7976931348623156E306, 1.7976931348623156E306, 0.0, 1.7976931348623156E306, 1.7976931348623156E306, 1.7976931348623156E306, 1.7976931348623156E306, 1.7976931348623156E306, 1.7976931348623156E306, 1.7976931348623156E306, 1.7976931348623156E306, 1.7976931348623156E306]
291	MoeSQLmosa	1	4	[0.0, 0.0, 0.0, 1.0, 0.0, 1.7976931348623156E306, 1.7976931348623156E306, 1.7976931348623156E306, 1.7976931348623156E306, 1.7976931348623156E306, 1.7976931348623156E306, 1.7976931348623156E306, 1.7976931348623156E306]
291	MoeSQLmosa	2	2	[1.7976931348623156E306, 1.7976931348623156E306, 1.7976931348623156E306, 0.0, 1.7976931348623156E306, 0.0, 1.7976931348623156E306, 1.7976931348623156E306, 1.7976931348623156E306, 1.7976931348623156E306, 1.7976931348623156E306, 1.7976931348623156E306, 1.7976931348623156E306]
291	MoeSQLmosa	3	2	[0.0, 30.0, 1.0, 1.0, 0.0, 1.7976931348623156E306, 1.7976931348623156E306, 1.7976931348623156E306, 1.7976931348623156E306, 1.7976931348623156E306, 1.7976931348623156E306, 1.7976931348623156E306, 0.0]
291	MoeSQLmosa	4	2	[1.7976931348623156E306, 1.7976931348623156E306, 1.7976931348623156E306, 0.0, 1.7976931348623156E306, 1.7976931348623156E306, 0.0, 1.7976931348623156E306, 1.7976931348623156E306, 1.7976931348623156E306, 1.7976931348623156E306, 1.7976931348623156E306, 1.7976931348623156E306]
291	MoeSQLmosa	5	2	[0.0, 53.0, 1.0, 1.0, 0.0, 1.7976931348623156E306, 1.7976931348623156E306, 1.7976931348623156E306, 1.7976931348623156E306, 1.7976931348623156E306, 1.7976931348623156E306, 0.0, 1.7976931348623156E306]
291	MoeSQLmosa	6	3	[0.0, 44.0, 1.0, 1.0, 0.0, 1.7976931348623156E306, 1.7976931348623156E306, 0.0, 0.0, 1.7976931348623156E306, 1.7976931348623156E306, 1.7976931348623156E306, 1.7976931348623156E306]
291	MoeSQLmosa	7	2	[1.7976931348623156E306, 1.7976931348623156E306, 1.7976931348623156E306, 0.0, 1.7976931348623156E306, 1.7976931348623156E306, 1.7976931348623156E306, 1.7976931348623156E306, 1.7976931348623156E306, 1.7976931348623156E306, 0.0, 1.7976931348623156E306, 1.7976931348623156E306]
291	MoeSQLmosa	8	2	[1.7976931348623156E306, 1.7976931348623156E306, 1.7976931348623156E306, 0.0, 1.7976931348623156E306, 1.7976931348623156E306, 1.7976931348623156E306, 1.7976931348623156E306, 1.7976931348623156E306, 0.0, 1.7976931348623156E306, 1.7976931348623156E306, 1.7976931348623156E306]
291	MOTGA	0	11	[0.0, 0.0, 0.0, 0.0, 0.0, 0.0, 0.0, 0.0, 0.0, 0.0, 0.0, 0.0, 0.0]
292	MoeSQLmosa	0	2	[0.0, 0.0]
292	MOTGA	0	2	[0.0, 0.0]
293	MoeSQLmosa	0	1	[0.0, 35.041666666666664, 1.0]
293	MoeSQLmosa	1	1	[1.0, 0.0, 1.0]
293	MoeSQLmosa	2	1	[1.7976931348623156E306, 1.7976931348623156E306, 0.0]
293	MOTGA	0	3	[0.0, 0.0, 0.0]
295	MoeSQLmosa	0	1	[2.0, 1.0, 2.0, 1.0, 0.0]
295	MoeSQLmosa	1	1	[1.0, 0.0, 1.0, 0.0, 39.99401393724432]
295	MoeSQLmosa	2	1	[2.0, 1.0, 0.0, 1.0, 39.784195741804446]
295	MoeSQLmosa	3	1	[0.0, 1.0, 2.0, 1.0, 42.37923696822889]
295	MOTGA	0	4	[0.0, 0.0, 0.0, 0.0, 0.0]
296	MoeSQLmosa	0	1	[1.0, 0.0]
296	MoeSQLmosa	1	1	[0.0, 7.8254761904761905]
296	MOTGA	0	2	[0.0, 0.0]
297	MoeSQLmosa	0	1	[36.552977330309986, 37.552977330309986, 37.552977330309986, 37.552977330309986, 37.552977330309986, 0.0, 1.0, 43.74933452934196]
297	MoeSQLmosa	1	1	[9.733474843564121, 0.0, 1.0, 10.733474843564121, 10.733474843564121, 10.733474843564121, 10.733474843564121, 32.19464289091638]
297	MoeSQLmosa	2	1	[27.697547822547822, 28.697547822547822, 28.697547822547822, 0.0, 1.0, 28.697547822547822, 28.697547822547822, 58.10865893365893]
297	MoeSQLmosa	3	1	[1.7976931348623156E306, 1.7976931348623156E306, 1.7976931348623156E306, 1.7976931348623156E306, 0.0, 1.7976931348623156E306, 1.7976931348623156E306, 1.7976931348623156E306]
297	MoeSQLmosa	4	1	[1.0, 2.0, 2.0, 2.0, 2.0, 2.0, 2.0, 0.0]
297	MoeSQLmosa	5	1	[1.7976931348623156E306, 1.7976931348623156E306, 0.0, 1.7976931348623156E306, 1.7976931348623156E306, 1.7976931348623156E306, 1.7976931348623156E306, 1.7976931348623156E306]
297	MoeSQLmosa	6	1	[0.0, 1.0, 1.0, 1.0, 1.0, 1.0, 1.0, 7.196357199031971]
297	MoeSQLmosa	7	1	[1.7976931348623156E306, 1.7976931348623156E306, 1.7976931348623156E306, 1.7976931348623156E306, 1.7976931348623156E306, 1.7976931348623156E306, 0.0, 1.7976931348623156E306]
297	MOTGA	0	8	[0.0, 0.0, 0.0, 0.0, 0.0, 0.0, 0.0, 0.0]
299	MoeSQLmosa	0	1	[21.17809036658142, 22.17809036658142, 22.17809036658142, 22.17809036658142, 22.17809036658142, 0.0, 1.0]
299	MoeSQLmosa	1	1	[9.0, 0.0, 1.0, 10.0, 10.0, 10.0, 10.0]
299	MoeSQLmosa	2	1	[13.444063387785375, 14.444063387785375, 14.444063387785375, 0.0, 1.0, 14.444063387785375, 14.444063387785375]
299	MoeSQLmosa	3	1	[0.0, 1.0, 1.0, 1.0, 1.0, 1.0, 1.0]
299	MoeSQLmosa	4	1	[1.7976931348623156E306, 1.7976931348623156E306, 1.7976931348623156E306, 1.7976931348623156E306, 1.7976931348623156E306, 1.7976931348623156E306, 0.0]
299	MoeSQLmosa	5	1	[1.7976931348623156E306, 1.7976931348623156E306, 1.7976931348623156E306, 1.7976931348623156E306, 0.0, 1.7976931348623156E306, 1.7976931348623156E306]
299	MoeSQLmosa	6	1	[1.7976931348623156E306, 1.7976931348623156E306, 0.0, 1.7976931348623156E306, 1.7976931348623156E306, 1.7976931348623156E306, 1.7976931348623156E306]
299	MOTGA	0	7	[0.0, 0.0, 0.0, 0.0, 0.0, 0.0, 0.0]
300	MoeSQLmosa	0	1	[0.0, 33.48185353851686]
300	MoeSQLmosa	1	1	[1.0, 0.0]
300	MOTGA	0	2	[0.0, 0.0]
301	MoeSQLmosa	0	2	[0.0, 0.0]
301	MOTGA	0	2	[0.0, 0.0]
302	MoeSQLmosa	0	2	[1.0, 0.0, 0.0]
302	MoeSQLmosa	1	1	[0.0, 22.05509482798882, 1.0]
302	MOTGA	0	3	[0.0, 0.0, 0.0]
303	MoeSQLmosa	0	1	[0.0, 15.226570354932424]
303	MoeSQLmosa	1	1	[1.0, 0.0]
303	MOTGA	0	2	[0.0, 0.0]
304	MoeSQLmosa	0	2	[0.0, 46.322222222222216, 0.0]
304	MoeSQLmosa	1	1	[1.0, 0.0, 1.0]
304	MOTGA	0	3	[0.0, 0.0, 0.0]
305	MoeSQLmosa	0	1	[1.0, 0.0]
305	MoeSQLmosa	1	1	[0.0, 9.480145524899845]
305	MOTGA	0	2	[0.0, 0.0]
307	MoeSQLmosa	0	1	[0.0, 14.878073825815761, 1.0]
307	MoeSQLmosa	1	1	[1.0, 0.0, 1.0]
307	MoeSQLmosa	2	1	[1.7976931348623156E306, 1.7976931348623156E306, 0.0]
307	MOTGA	0	3	[0.0, 0.0, 0.0]
308	MoeSQLmosa	0	2	[0.0, 0.0]
308	MOTGA	0	2	[0.0, 0.0]
309	MoeSQLmosa	0	1	[22.386079545454546, 23.386079545454546, 23.386079545454546, 0.0, 1.0]
309	MoeSQLmosa	1	1	[12.28355948902081, 0.0, 1.0, 13.28355948902081, 13.28355948902081]
309	MoeSQLmosa	2	1	[0.0, 1.0, 1.0, 1.0, 1.0]
309	MoeSQLmosa	3	1	[1.7976931348623156E306, 1.7976931348623156E306, 0.0, 1.7976931348623156E306, 1.7976931348623156E306]
309	MoeSQLmosa	4	1	[1.7976931348623156E306, 1.7976931348623156E306, 1.7976931348623156E306, 1.7976931348623156E306, 0.0]
309	MOTGA	0	5	[0.0, 0.0, 0.0, 0.0, 0.0]
310	MoeSQLmosa	0	3	[0.0]
310	MOTGA	0	3	[0.0]
311	MoeSQLmosa	0	2	[67.0, 68.0, 68.0, 72.0, 71.0, 70.0, 68.0, 68.0, 0.0, 1.0, 69.0, 70.0, 2.0, 3.0, 3.0]
311	MoeSQLmosa	1	2	[95.22638888888889, 96.22638888888889, 96.22638888888889, 100.22638888888889, 99.22638888888889, 98.22638888888889, 96.22638888888889, 96.22638888888889, 44.226388888888884, 45.226388888888884, 51.0, 52.0, 0.0, 3.0, 3.0]
311	MoeSQLmosa	2	2	[1.7976931348623156E306, 1.7976931348623156E306, 1.7976931348623156E306, 1.7976931348623156E306, 1.7976931348623156E306, 1.7976931348623156E306, 1.7976931348623156E306, 1.7976931348623156E306, 1.7976931348623156E306, 0.0, 1.7976931348623156E306, 1.7976931348623156E306, 2.0, 3.0, 3.0]
311	MoeSQLmosa	3	2	[14.174589873129804, 15.174589873129804, 15.174589873129804, 14.174589873129804, 13.174589873129804, 14.174589873129804, 15.174589873129804, 15.174589873129804, 15.174589873129804, 15.174589873129804, 0.0, 1.0, 1.0, 3.0, 3.0]
311	MoeSQLmosa	4	2	[1.7976931348623156E306, 1.7976931348623156E306, 1.7976931348623156E306, 1.7976931348623156E306, 1.7976931348623156E306, 1.7976931348623156E306, 1.7976931348623156E306, 1.7976931348623156E306, 1.7976931348623156E306, 1.7976931348623156E306, 1.0, 0.0, 4.0, 3.0, 3.0]
311	MoeSQLmosa	5	2	[18.342586413227025, 19.342586413227025, 19.342586413227025, 20.342586413227025, 19.342586413227025, 18.342586413227025, 0.0, 1.0, 19.342586413227025, 19.342586413227025, 2.0, 3.0, 18.342586413227025, 3.0, 3.0]
311	MoeSQLmosa	6	3	[1.0, 2.0, 2.0, 1.0, 0.0, 1.0, 2.0, 0.0, 2.0, 2.0, 2.0, 3.0, 1.7976931348623156E306, 3.0, 3.0]
311	MoeSQLmosa	7	2	[1.7976931348623156E306, 1.7976931348623156E306, 0.0, 1.7976931348623156E306, 1.7976931348623156E306, 1.7976931348623156E306, 1.7976931348623156E306, 1.7976931348623156E306, 1.7976931348623156E306, 1.7976931348623156E306, 2.0, 3.0, 1.7976931348623156E306, 3.0, 3.0]
311	MoeSQLmosa	8	3	[0.0, 0.0, 1.0, 3.0, 2.0, 1.0, 1.0, 1.0, 24.0, 1.0, 2.0, 3.0, 2.0, 2.0, 2.0]
311	MoeSQLmosa	9	2	[0.0, 1.0, 1.0, 2.0, 1.0, 0.0, 1.0, 1.0, 24.0, 1.0, 2.0, 3.0, 2.0, 2.0, 2.0]
311	MoeSQLmosa	10	2	[2.0, 3.0, 3.0, 0.0, 1.0, 2.0, 3.0, 3.0, 26.0, 3.0, 2.0, 3.0, 2.0, 3.0, 3.0]
311	MoeSQLmosa	11	4	[0.0, 1.0, 1.0, 3.0, 2.0, 1.0, 1.0, 1.0, 12.0, 1.0, 2.0, 3.0, 2.0, 0.0, 1.0]
311	MoeSQLmosa	12	4	[0.0, 1.0, 1.0, 3.0, 2.0, 1.0, 1.0, 1.0, 3.0, 1.0, 2.0, 3.0, 2.0, 0.0, 0.0]
311	MOTGA	0	2	[95.22638888888889, 96.22638888888889, 96.22638888888889, 100.22638888888889, 99.22638888888889, 98.22638888888889, 96.22638888888889, 96.22638888888889, 44.226388888888884, 45.226388888888884, 51.0, 52.0, 0.0, 3.0, 3.0]
311	MOTGA	1	14	[0.0, 0.0, 0.0, 0.0, 0.0, 0.0, 0.0, 0.0, 0.0, 0.0, 0.0, 0.0, 2.0, 0.0, 0.0]
312	MoeSQLmosa	0	2	[47.9297443057349, 33.82440743414416, 34.82440743414416, 48.9297443057349, 48.9297443057349, 40.30402261218825, 41.30402261218825, 36.33606298705358, 37.33606298705358, 48.9297443057349, 47.9297443057349, 48.9297443057349, 48.9297443057349, 48.9297443057349, 48.9297443057349, 48.9297443057349, 33.324739883818715, 0.0, 1.0]
312	MoeSQLmosa	1	2	[3.595386269724631E306, 3.595386269724631E306, 3.595386269724631E306, 3.595386269724631E306, 3.595386269724631E306, 3.595386269724631E306, 1.7976931348623156E306, 3.595386269724631E306, 3.595386269724631E306, 3.595386269724631E306, 3.595386269724631E306, 3.595386269724631E306, 3.595386269724631E306, 3.595386269724631E306, 3.595386269724631E306, 3.595386269724631E306, 1.7976931348623156E306, 1.0, 0.0]
312	MoeSQLmosa	2	2	[12.076035681404392, 0.0, 1.0, 13.076035681404392, 13.076035681404392, 13.076035681404392, 13.076035681404392, 13.076035681404392, 13.076035681404392, 13.076035681404392, 12.076035681404392, 13.076035681404392, 13.076035681404392, 13.076035681404392, 13.076035681404392, 13.076035681404392, 14.076035681404392, 2.0, 1.0]
312	MoeSQLmosa	3	2	[1.0, 2.0, 2.0, 2.0, 2.0, 2.0, 2.0, 2.0, 2.0, 2.0, 1.0, 2.0, 2.0, 2.0, 2.0, 2.0, 0.0, 0.0, 1.0]
312	MoeSQLmosa	4	2	[0.875, 1.875, 1.875, 1.875, 1.875, 1.875, 1.875, 1.875, 1.875, 1.875, 0.875, 1.875, 0.0, 1.0, 1.875, 1.875, 2.0, 0.875, 1.875]
312	MoeSQLmosa	5	2	[0.0, 1.0, 1.0, 1.0, 1.0, 1.0, 1.0, 1.0, 1.0, 1.0, 0.0, 1.0, 1.0, 1.0, 1.0, 1.0, 2.0, 2.0, 1.0]
312	MoeSQLmosa	6	2	[0.8, 1.8, 1.8, 1.8, 1.8, 1.8, 1.8, 1.8, 1.8, 1.8, 0.8, 1.8, 1.8, 1.8, 0.0, 1.0, 2.0, 0.8, 1.8]
312	MoeSQLmosa	7	2	[13.106677636089401, 14.106677636089401, 14.106677636089401, 14.106677636089401, 14.106677636089401, 0.0, 1.0, 14.106677636089401, 14.106677636089401, 14.106677636089401, 13.106677636089401, 14.106677636089401, 14.106677636089401, 14.106677636089401, 14.106677636089401, 14.106677636089401, 15.106677636089401, 2.0, 1.0]
312	MoeSQLmosa	8	2	[0.6666666666666666, 1.6666666666666665, 1.6666666666666665, 0.0, 1.0, 1.6666666666666665, 1.6666666666666665, 1.6666666666666665, 1.6666666666666665, 1.6666666666666665, 0.6666666666666666, 1.6666666666666665, 1.6666666666666665, 1.6666666666666665, 1.6666666666666665, 1.6666666666666665, 2.6666666666666665, 2.0, 1.0]
312	MoeSQLmosa	9	2	[1.7976931348623156E306, 1.7976931348623156E306, 1.7976931348623156E306, 1.7976931348623156E306, 1.7976931348623156E306, 1.7976931348623156E306, 1.7976931348623156E306, 1.7976931348623156E306, 1.7976931348623156E306, 1.7976931348623156E306, 1.7976931348623156E306, 1.7976931348623156E306, 1.7976931348623156E306, 1.7976931348623156E306, 1.7976931348623156E306, 0.0, 2.0, 1.7976931348623156E306, 1.7976931348623156E306]
312	MoeSQLmosa	10	2	[1.7976931348623156E306, 1.7976931348623156E306, 1.7976931348623156E306, 1.7976931348623156E306, 1.7976931348623156E306, 1.7976931348623156E306, 1.7976931348623156E306, 1.7976931348623156E306, 1.7976931348623156E306, 1.7976931348623156E306, 1.7976931348623156E306, 1.7976931348623156E306, 1.7976931348623156E306, 0.0, 1.7976931348623156E306, 1.7976931348623156E306, 2.0, 1.7976931348623156E306, 1.7976931348623156E306]
312	MoeSQLmosa	11	2	[1.7976931348623156E306, 1.7976931348623156E306, 1.7976931348623156E306, 1.7976931348623156E306, 0.0, 1.7976931348623156E306, 1.7976931348623156E306, 1.7976931348623156E306, 1.7976931348623156E306, 1.7976931348623156E306, 1.7976931348623156E306, 1.7976931348623156E306, 1.7976931348623156E306, 1.7976931348623156E306, 1.7976931348623156E306, 1.7976931348623156E306, 1.7976931348623156E306, 2.0, 1.0]
312	MoeSQLmosa	12	2	[1.5, 2.5, 2.5, 2.5, 2.5, 2.5, 2.5, 0.0, 1.0, 2.5, 1.5, 2.5, 2.5, 2.5, 2.5, 2.5, 3.5, 2.0, 1.0]
312	MoeSQLmosa	13	2	[1.7976931348623156E306, 1.7976931348623156E306, 0.0, 1.7976931348623156E306, 1.7976931348623156E306, 1.7976931348623156E306, 1.7976931348623156E306, 1.7976931348623156E306, 1.7976931348623156E306, 1.7976931348623156E306, 1.7976931348623156E306, 1.7976931348623156E306, 1.7976931348623156E306, 1.7976931348623156E306, 1.7976931348623156E306, 1.7976931348623156E306, 1.7976931348623156E306, 2.0, 1.0]
312	MoeSQLmosa	14	2	[1.7976931348623156E306, 1.7976931348623156E306, 1.7976931348623156E306, 1.7976931348623156E306, 1.7976931348623156E306, 1.7976931348623156E306, 1.7976931348623156E306, 1.7976931348623156E306, 0.0, 1.7976931348623156E306, 1.7976931348623156E306, 1.7976931348623156E306, 1.7976931348623156E306, 1.7976931348623156E306, 1.7976931348623156E306, 1.7976931348623156E306, 1.7976931348623156E306, 2.0, 1.0]
312	MoeSQLmosa	15	2	[1.0, 2.0, 2.0, 2.0, 2.0, 2.0, 2.0, 2.0, 2.0, 2.0, 1.0, 0.0, 2.0, 2.0, 2.0, 2.0, 3.0, 2.0, 1.0]
312	MoeSQLmosa	16	2	[1.7976931348623156E306, 1.7976931348623156E306, 1.7976931348623156E306, 1.7976931348623156E306, 1.7976931348623156E306, 1.7976931348623156E306, 0.0, 1.7976931348623156E306, 1.7976931348623156E306, 1.7976931348623156E306, 1.7976931348623156E306, 1.7976931348623156E306, 1.7976931348623156E306, 1.7976931348623156E306, 1.7976931348623156E306, 1.7976931348623156E306, 1.7976931348623156E306, 2.0, 1.0]
312	MoeSQLmosa	17	2	[1.0, 2.0, 2.0, 2.0, 2.0, 2.0, 2.0, 2.0, 2.0, 0.0, 1.0, 2.0, 2.0, 2.0, 2.0, 2.0, 3.0, 2.0, 1.0]
312	MOTGA	0	18	[0.0, 0.0, 0.0, 0.0, 0.0, 0.0, 0.0, 0.0, 0.0, 0.0, 0.0, 0.0, 0.0, 0.0, 0.0, 0.0, 0.0, 2.0, 0.0]
313	MoeSQLmosa	0	2	[0.0, 0.0, 1.0]
313	MoeSQLmosa	1	1	[1.7976931348623156E306, 1.7976931348623156E306, 0.0]
313	MOTGA	0	3	[0.0, 0.0, 0.0]
314	MoeSQLmosa	0	1	[1.0, 0.0, 1.0, 900.0, 901.0, 902.0]
314	MoeSQLmosa	1	1	[2.0, 1.0, 0.0, 782.0, 783.0, 784.0]
314	MoeSQLmosa	2	1	[754.0, 753.0, 752.0, 1.0, 0.0, 1.0]
314	MoeSQLmosa	3	1	[0.0, 1.0, 2.0, 770.0, 771.0, 772.0]
314	MoeSQLmosa	4	1	[2.0, 1.0, 2.0, 2.0, 1.0, 0.0]
314	MoeSQLmosa	5	1	[563.0, 562.0, 561.0, 0.0, 1.0, 2.0]
314	MOTGA	0	4	[0.0, 0.0, 0.0, 0.0, 0.0, 0.0]
315	MoeSQLmosa	0	2	[0.0, 0.0]
315	MOTGA	0	2	[0.0, 0.0]
316	MoeSQLmosa	0	1	[0.0, 20.46193953105718]
316	MoeSQLmosa	1	1	[1.0, 0.0]
316	MOTGA	0	2	[0.0, 0.0]
318	MoeSQLmosa	0	1	[0.0, 17.94264268419232, 1.0, 3.0]
318	MoeSQLmosa	1	1	[1.0, 0.0, 1.0, 2.0]
318	MoeSQLmosa	2	1	[1.7976931348623156E306, 1.7976931348623156E306, 0.0, 3.0]
318	MoeSQLmosa	3	3	[1.0, 0.0, 1.0, 0.0]
318	MOTGA	0	5	[0.0, 0.0, 0.0, 0.0]
319	MoeSQLmosa	0	1	[16.847901009152395, 28.64553680988417, 17.847901009152395, 17.847901009152395, 16.847901009152395, 17.847901009152395, 0.0, 1.0]
319	MoeSQLmosa	1	1	[1.0, 0.0, 1.0, 2.0, 1.0, 2.0, 2.0, 2.0]
319	MoeSQLmosa	2	1	[0.0, 11.797635800731776, 1.0, 1.0, 0.0, 1.0, 1.0, 1.0]
319	MoeSQLmosa	3	1	[1.0, 12.797635800731776, 2.0, 0.0, 1.0, 2.0, 2.0, 2.0]
319	MoeSQLmosa	4	1	[1.7976931348623156E306, 1.7976931348623156E306, 1.7976931348623156E306, 1.7976931348623156E306, 1.7976931348623156E306, 1.7976931348623156E306, 1.7976931348623156E306, 0.0]
319	MoeSQLmosa	5	1	[1.0, 15.982142857142858, 2.0, 2.0, 1.0, 0.0, 2.0, 2.0]
319	MoeSQLmosa	6	1	[1.7976931348623156E306, 1.7976931348623156E306, 0.0, 1.7976931348623156E306, 1.7976931348623156E306, 1.7976931348623156E306, 1.7976931348623156E306, 1.7976931348623156E306]
319	MOTGA	0	7	[0.0, 0.0, 0.0, 0.0, 0.0, 0.0, 0.0, 0.0]
320	MoeSQLmosa	0	2	[0.0, 0.0]
320	MOTGA	0	2	[0.0, 0.0]
321	MoeSQLmosa	0	1	[14.607843137254902, 0.0, 1.0, 15.607843137254902, 15.607843137254902, 15.607843137254902, 15.607843137254902, 35.38915365787463]
321	MoeSQLmosa	1	1	[20.74738038277512, 21.74738038277512, 21.74738038277512, 21.74738038277512, 21.74738038277512, 0.0, 1.0, 29.906738156866446]
321	MoeSQLmosa	2	1	[0.0, 1.0, 1.0, 1.0, 1.0, 1.0, 1.0, 14.286922036224443]
321	MoeSQLmosa	3	1	[6.96969696969697, 7.96969696969697, 7.96969696969697, 0.0, 1.0, 7.96969696969697, 7.96969696969697, 8.969696969696969]
321	MoeSQLmosa	4	1	[1.7976931348623156E306, 1.7976931348623156E306, 1.7976931348623156E306, 1.7976931348623156E306, 1.7976931348623156E306, 1.7976931348623156E306, 0.0, 1.7976931348623156E306]
321	MoeSQLmosa	5	1	[1.0, 2.0, 2.0, 2.0, 2.0, 2.0, 2.0, 0.0]
321	MoeSQLmosa	6	1	[1.7976931348623156E306, 1.7976931348623156E306, 0.0, 1.7976931348623156E306, 1.7976931348623156E306, 1.7976931348623156E306, 1.7976931348623156E306, 1.7976931348623156E306]
321	MoeSQLmosa	7	1	[1.7976931348623156E306, 1.7976931348623156E306, 1.7976931348623156E306, 1.7976931348623156E306, 0.0, 1.7976931348623156E306, 1.7976931348623156E306, 1.7976931348623156E306]
321	MOTGA	0	8	[0.0, 0.0, 0.0, 0.0, 0.0, 0.0, 0.0, 0.0]
322	MoeSQLmosa	0	2	[0.0, 1.0, 1.0, 0.0, 0.0, 1.0]
322	MoeSQLmosa	1	1	[1.7976931348623156E306, 1.7976931348623156E306, 0.0, 1.7976931348623156E306, 1.7976931348623156E306, 1.7976931348623156E306]
322	MoeSQLmosa	2	1	[27.434675785207702, 0.0, 1.0, 28.434675785207702, 27.434675785207702, 28.434675785207702]
322	MoeSQLmosa	3	1	[1.0, 2.0, 2.0, 2.0, 1.0, 0.0]
322	MOTGA	0	5	[0.0, 0.0, 0.0, 0.0, 0.0, 0.0]
323	MoeSQLmosa	0	1	[0.0, 37.6451307951308]
323	MoeSQLmosa	1	1	[1.0, 0.0]
323	MOTGA	0	2	[0.0, 0.0]
324	MoeSQLmosa	0	1	[0.0, 20.51655644173236]
324	MoeSQLmosa	1	1	[1.0, 0.0]
324	MOTGA	0	2	[0.0, 0.0]
325	MoeSQLmosa	0	1	[0.0, 11.170908144678638, 1.0]
325	MoeSQLmosa	1	1	[1.0, 0.0, 1.0]
325	MoeSQLmosa	2	1	[1.7976931348623156E306, 1.7976931348623156E306, 0.0]
325	MOTGA	0	3	[0.0, 0.0, 0.0]
326	MoeSQLmosa	0	3	[0.0]
326	MOTGA	0	3	[0.0]
327	MoeSQLmosa	0	1	[1.0, 0.0, 1.0]
327	MoeSQLmosa	1	1	[0.0, 38.029430247172186, 1.0]
327	MoeSQLmosa	2	1	[1.7976931348623156E306, 1.7976931348623156E306, 0.0]
327	MOTGA	0	3	[0.0, 0.0, 0.0]
328	MoeSQLmosa	0	1	[0.0, 13.457684547091327]
328	MoeSQLmosa	1	1	[1.0, 0.0]
328	MOTGA	0	2	[0.0, 0.0]
329	MoeSQLmosa	0	1	[20.36226113068218, 21.36226113068218, 21.36226113068218, 0.0, 1.0, 21.36226113068218, 21.36226113068218]
329	MoeSQLmosa	1	1	[3.617142857142857, 0.0, 1.0, 4.617142857142857, 4.617142857142857, 4.617142857142857, 4.617142857142857]
329	MoeSQLmosa	2	1	[9.02835497835498, 10.02835497835498, 10.02835497835498, 10.02835497835498, 10.02835497835498, 0.0, 1.0]
329	MoeSQLmosa	3	1	[0.0, 1.0, 1.0, 1.0, 1.0, 1.0, 1.0]
329	MoeSQLmosa	4	1	[1.7976931348623156E306, 1.7976931348623156E306, 1.7976931348623156E306, 1.7976931348623156E306, 0.0, 1.7976931348623156E306, 1.7976931348623156E306]
329	MoeSQLmosa	5	1	[1.7976931348623156E306, 1.7976931348623156E306, 0.0, 1.7976931348623156E306, 1.7976931348623156E306, 1.7976931348623156E306, 1.7976931348623156E306]
329	MoeSQLmosa	6	1	[1.7976931348623156E306, 1.7976931348623156E306, 1.7976931348623156E306, 1.7976931348623156E306, 1.7976931348623156E306, 1.7976931348623156E306, 0.0]
329	MOTGA	0	7	[0.0, 0.0, 0.0, 0.0, 0.0, 0.0, 0.0]
330	MoeSQLmosa	0	2	[0.0, 0.0]
330	MOTGA	0	2	[0.0, 0.0]
331	MoeSQLmosa	0	1	[0.0, 15.50272074265428]
331	MoeSQLmosa	1	1	[1.0, 0.0]
331	MOTGA	0	2	[0.0, 0.0]
332	MoeSQLmosa	0	1	[0.0, 10.968284493284493]
332	MoeSQLmosa	1	1	[1.0, 0.0]
332	MOTGA	0	2	[0.0, 0.0]
333	MoeSQLmosa	0	2	[1.7976931348623156E306, 1.7976931348623156E306, 1.7976931348623156E306, 1.7976931348623156E306, 1.7976931348623156E306, 1.7976931348623156E306, 1.7976931348623156E306, 0.0, 10.392603577527764, 9.392603577527764]
333	MoeSQLmosa	1	2	[12.392603577527764, 11.392603577527764, 10.392603577527764, 11.392603577527764, 12.392603577527764, 12.392603577527764, 10.392603577527764, 2.0, 0.0, 1.0]
333	MoeSQLmosa	2	2	[1.0, 0.0, 1.0, 0.0, 1.0, 1.0, 9.392603577527764, 2.0, 2.0, 1.0]
333	MoeSQLmosa	3	2	[10.392603577527764, 9.392603577527764, 10.392603577527764, 9.392603577527764, 0.0, 1.0, 18.785207155055527, 2.0, 9.392603577527764, 10.392603577527764]
333	MoeSQLmosa	4	2	[2.0, 1.0, 0.0, 1.0, 2.0, 2.0, 10.392603577527764, 3.0, 2.0, 1.0]
333	MoeSQLmosa	5	2	[2.0, 1.0, 2.0, 1.0, 2.0, 2.0, 0.0, 3.0, 2.0, 1.0]
333	MoeSQLmosa	6	2	[1.7976931348623156E306, 1.7976931348623156E306, 1.7976931348623156E306, 1.7976931348623156E306, 1.7976931348623156E306, 1.7976931348623156E306, 1.7976931348623156E306, 24.0, 1.0, 0.0]
333	MoeSQLmosa	7	2	[0.0, 1.0, 2.0, 1.0, 2.0, 2.0, 10.392603577527764, 3.0, 2.0, 1.0]
333	MoeSQLmosa	8	2	[1.7976931348623156E306, 1.7976931348623156E306, 1.7976931348623156E306, 1.7976931348623156E306, 1.7976931348623156E306, 0.0, 1.7976931348623156E306, 2.0, 1.7976931348623156E306, 1.7976931348623156E306]
333	MOTGA	0	3	[2.0, 1.0, 2.0, 1.0, 2.0, 2.0, 0.0, 3.0, 0.0, 2.0]
333	MOTGA	1	8	[0.0, 0.0, 0.0, 0.0, 0.0, 0.0, 9.392603577527764, 0.0, 2.0, 0.0]
334	MoeSQLmosa	0	1	[22.11706349206349, 23.11706349206349, 23.11706349206349, 0.0, 1.0, 23.11706349206349, 23.11706349206349]
334	MoeSQLmosa	1	1	[10.192576058201059, 11.192576058201059, 11.192576058201059, 11.192576058201059, 11.192576058201059, 0.0, 1.0]
334	MoeSQLmosa	2	1	[10.192576058201059, 0.0, 1.0, 11.192576058201059, 11.192576058201059, 11.192576058201059, 11.192576058201059]
334	MoeSQLmosa	3	1	[0.0, 1.0, 1.0, 1.0, 1.0, 1.0, 1.0]
334	MoeSQLmosa	4	1	[1.7976931348623156E306, 1.7976931348623156E306, 1.7976931348623156E306, 1.7976931348623156E306, 0.0, 1.7976931348623156E306, 1.7976931348623156E306]
334	MoeSQLmosa	5	1	[1.7976931348623156E306, 1.7976931348623156E306, 1.7976931348623156E306, 1.7976931348623156E306, 1.7976931348623156E306, 1.7976931348623156E306, 0.0]
334	MoeSQLmosa	6	1	[1.7976931348623156E306, 1.7976931348623156E306, 0.0, 1.7976931348623156E306, 1.7976931348623156E306, 1.7976931348623156E306, 1.7976931348623156E306]
334	MOTGA	0	7	[0.0, 0.0, 0.0, 0.0, 0.0, 0.0, 0.0]
335	MoeSQLmosa	0	2	[0.0, 0.0, 1.0]
335	MoeSQLmosa	1	1	[1.7976931348623156E306, 1.7976931348623156E306, 0.0]
335	MOTGA	0	3	[0.0, 0.0, 0.0]
336	MoeSQLmosa	0	1	[11.483333333333334, 0.0, 1.0, 12.483333333333334, 11.483333333333334, 12.483333333333334, 25.018876367676967, 13.483333333333334]
336	MoeSQLmosa	1	1	[1.7976931348623156E306, 1.7976931348623156E306, 1.7976931348623156E306, 1.7976931348623156E306, 1.7976931348623156E306, 0.0, 1.7976931348623156E306, 1.7976931348623156E306]
336	MoeSQLmosa	2	1	[1.7976931348623156E306, 1.7976931348623156E306, 0.0, 1.7976931348623156E306, 1.7976931348623156E306, 1.7976931348623156E306, 1.7976931348623156E306, 1.7976931348623156E306]
336	MoeSQLmosa	3	1	[0.0, 1.0, 1.0, 1.0, 13.052109974424551, 2.0, 0.0, 1.0]
336	MoeSQLmosa	4	1	[0.0, 1.0, 1.0, 1.0, 0.0, 1.0, 47.003544189728395, 2.0]
336	MoeSQLmosa	5	1	[19.882139714860305, 20.882139714860305, 20.882139714860305, 0.0, 19.882139714860305, 1.0, 33.6478360244015, 1.0]
336	MoeSQLmosa	6	1	[1.7976931348623156E306, 1.7976931348623156E306, 1.7976931348623156E306, 1.7976931348623156E306, 1.7976931348623156E306, 1.7976931348623156E306, 1.7976931348623156E306, 0.0]
336	MOTGA	0	7	[0.0, 0.0, 0.0, 0.0, 0.0, 0.0, 0.0, 0.0]
337	MoeSQLmosa	0	2	[1.0, 0.0, 1.0, 2.0, 1.0, 0.0]
337	MoeSQLmosa	1	1	[2.0, 1.0, 0.0, 1.0, 0.0, 1.0]
337	MoeSQLmosa	2	2	[0.0, 1.0, 2.0, 0.0, 1.0, 2.0]
337	MOTGA	0	4	[0.0, 0.0, 0.0, 0.0, 0.0, 0.0]
338	MoeSQLmosa	0	1	[9.41128364389234, 10.41128364389234, 10.41128364389234, 10.41128364389234, 10.41128364389234, 0.0, 1.0, 21.645775281020892]
338	MoeSQLmosa	1	1	[9.0, 10.0, 10.0, 0.0, 1.0, 10.0, 10.0, 17.84928229665072]
338	MoeSQLmosa	2	1	[18.93211132426299, 0.0, 1.0, 19.93211132426299, 19.93211132426299, 19.93211132426299, 19.93211132426299, 28.66003086848688]
338	MoeSQLmosa	3	1	[0.0, 1.0, 1.0, 1.0, 1.0, 1.0, 1.0, 39.763827794069734]
338	MoeSQLmosa	4	1	[1.0, 2.0, 2.0, 2.0, 2.0, 2.0, 2.0, 0.0]
338	MoeSQLmosa	5	1	[1.7976931348623156E306, 1.7976931348623156E306, 1.7976931348623156E306, 1.7976931348623156E306, 0.0, 1.7976931348623156E306, 1.7976931348623156E306, 1.7976931348623156E306]
338	MoeSQLmosa	6	1	[1.7976931348623156E306, 1.7976931348623156E306, 0.0, 1.7976931348623156E306, 1.7976931348623156E306, 1.7976931348623156E306, 1.7976931348623156E306, 1.7976931348623156E306]
338	MoeSQLmosa	7	1	[1.7976931348623156E306, 1.7976931348623156E306, 1.7976931348623156E306, 1.7976931348623156E306, 1.7976931348623156E306, 1.7976931348623156E306, 0.0, 1.7976931348623156E306]
338	MOTGA	0	8	[0.0, 0.0, 0.0, 0.0, 0.0, 0.0, 0.0, 0.0]
339	MoeSQLmosa	0	1	[0.0, 1.0, 2.0]
339	MoeSQLmosa	1	1	[1.0, 0.0, 1.0]
339	MoeSQLmosa	2	1	[2.0, 1.0, 0.0]
339	MOTGA	0	3	[0.0, 0.0, 0.0]
340	MoeSQLmosa	0	2	[0.0, 0.0]
340	MOTGA	0	2	[0.0, 0.0]
341	MoeSQLmosa	0	1	[11.68302174413589, 12.68302174413589, 12.68302174413589, 0.0, 1.0, 12.68302174413589, 12.68302174413589, 33.235131718560446]
341	MoeSQLmosa	1	1	[9.363653686694732, 0.0, 1.0, 10.363653686694732, 10.363653686694732, 10.363653686694732, 10.363653686694732, 18.886262988821564]
341	MoeSQLmosa	2	1	[34.42857142857143, 35.42857142857143, 35.42857142857143, 35.42857142857143, 35.42857142857143, 0.0, 1.0, 42.62304811378954]
341	MoeSQLmosa	3	1	[1.7976931348623156E306, 1.7976931348623156E306, 1.7976931348623156E306, 1.7976931348623156E306, 1.7976931348623156E306, 1.7976931348623156E306, 0.0, 1.7976931348623156E306]
341	MoeSQLmosa	4	1	[1.0, 2.0, 2.0, 2.0, 2.0, 2.0, 2.0, 0.0]
341	MoeSQLmosa	5	1	[0.0, 1.0, 1.0, 1.0, 1.0, 1.0, 1.0, 8.194476685218106]
341	MoeSQLmosa	6	1	[1.7976931348623156E306, 1.7976931348623156E306, 1.7976931348623156E306, 1.7976931348623156E306, 0.0, 1.7976931348623156E306, 1.7976931348623156E306, 1.7976931348623156E306]
341	MoeSQLmosa	7	1	[1.7976931348623156E306, 1.7976931348623156E306, 0.0, 1.7976931348623156E306, 1.7976931348623156E306, 1.7976931348623156E306, 1.7976931348623156E306, 1.7976931348623156E306]
341	MOTGA	0	8	[0.0, 0.0, 0.0, 0.0, 0.0, 0.0, 0.0, 0.0]
342	MoeSQLmosa	0	2	[0.0, 0.0]
342	MOTGA	0	2	[0.0, 0.0]
343	MoeSQLmosa	0	1	[26.252431214400417, 27.252431214400417, 27.252431214400417, 0.0, 1.0, 27.252431214400417, 27.252431214400417]
343	MoeSQLmosa	1	1	[0.0, 1.0, 1.0, 1.0, 1.0, 1.0, 1.0]
343	MoeSQLmosa	2	1	[31.1765873015873, 32.176587301587304, 32.176587301587304, 32.176587301587304, 32.176587301587304, 0.0, 1.0]
343	MoeSQLmosa	3	1	[5.986363636363636, 0.0, 1.0, 6.986363636363636, 6.986363636363636, 6.986363636363636, 6.986363636363636]
343	MoeSQLmosa	4	1	[1.7976931348623156E306, 1.7976931348623156E306, 0.0, 1.7976931348623156E306, 1.7976931348623156E306, 1.7976931348623156E306, 1.7976931348623156E306]
343	MoeSQLmosa	5	1	[1.7976931348623156E306, 1.7976931348623156E306, 1.7976931348623156E306, 1.7976931348623156E306, 0.0, 1.7976931348623156E306, 1.7976931348623156E306]
343	MoeSQLmosa	6	1	[1.7976931348623156E306, 1.7976931348623156E306, 1.7976931348623156E306, 1.7976931348623156E306, 1.7976931348623156E306, 1.7976931348623156E306, 0.0]
343	MOTGA	0	7	[0.0, 0.0, 0.0, 0.0, 0.0, 0.0, 0.0]
344	MoeSQLmosa	0	2	[0.0, 0.0]
344	MOTGA	0	2	[0.0, 0.0]
345	MoeSQLmosa	0	1	[9.0, 8.0, 9.0, 8.0, 9.0, 9.0, 9.0, 9.0, 0.0, 1.0]
345	MoeSQLmosa	1	1	[36.96641604010025, 35.96641604010025, 36.96641604010025, 35.96641604010025, 36.96641604010025, 36.96641604010025, 0.0, 1.0, 36.96641604010025, 36.96641604010025]
345	MoeSQLmosa	2	1	[33.66064335366718, 32.66064335366718, 33.66064335366718, 32.66064335366718, 0.0, 1.0, 33.66064335366718, 33.66064335366718, 33.66064335366718, 33.66064335366718]
345	MoeSQLmosa	3	1	[1.7976931348623156E306, 1.7976931348623156E306, 1.7976931348623156E306, 1.7976931348623156E306, 1.7976931348623156E306, 1.7976931348623156E306, 1.7976931348623156E306, 0.0, 1.7976931348623156E306, 1.7976931348623156E306]
345	MoeSQLmosa	4	1	[1.0, 0.0, 1.0, 0.0, 1.0, 1.0, 1.0, 1.0, 1.0, 1.0]
345	MoeSQLmosa	5	1	[1.7976931348623156E306, 1.7976931348623156E306, 1.7976931348623156E306, 1.7976931348623156E306, 1.7976931348623156E306, 1.7976931348623156E306, 1.7976931348623156E306, 1.7976931348623156E306, 1.7976931348623156E306, 0.0]
345	MoeSQLmosa	6	1	[0.0, 1.0, 2.0, 1.0, 2.0, 2.0, 2.0, 2.0, 2.0, 2.0]
345	MoeSQLmosa	7	1	[2.0, 1.0, 0.0, 1.0, 2.0, 2.0, 2.0, 2.0, 2.0, 2.0]
345	MoeSQLmosa	8	1	[1.7976931348623156E306, 1.7976931348623156E306, 1.7976931348623156E306, 1.7976931348623156E306, 1.7976931348623156E306, 0.0, 1.7976931348623156E306, 1.7976931348623156E306, 1.7976931348623156E306, 1.7976931348623156E306]
345	MOTGA	0	9	[0.0, 0.0, 0.0, 0.0, 0.0, 0.0, 0.0, 0.0, 0.0, 0.0]
346	MoeSQLmosa	0	1	[1.7976931348623156E306, 1.7976931348623156E306, 0.0, 1.7976931348623156E306, 1.7976931348623156E306, 1.7976931348623156E306, 1.7976931348623156E306, 3.0, 3.0]
346	MoeSQLmosa	1	1	[29.921886446886447, 30.921886446886447, 30.921886446886447, 0.0, 1.0, 30.921886446886447, 30.921886446886447, 3.0, 3.0]
346	MoeSQLmosa	2	1	[29.921886446886447, 30.921886446886447, 30.921886446886447, 30.921886446886447, 30.921886446886447, 0.0, 1.0, 3.0, 3.0]
346	MoeSQLmosa	3	1	[43.71666666666667, 0.0, 1.0, 44.71666666666667, 44.71666666666667, 44.71666666666667, 44.71666666666667, 3.0, 3.0]
346	MoeSQLmosa	4	1	[1.7976931348623156E306, 1.7976931348623156E306, 1.7976931348623156E306, 1.7976931348623156E306, 0.0, 1.7976931348623156E306, 1.7976931348623156E306, 3.0, 3.0]
346	MoeSQLmosa	5	1	[0.0, 1.0, 1.0, 1.0, 1.0, 1.0, 1.0, 2.0, 2.0]
346	MoeSQLmosa	6	1	[1.7976931348623156E306, 1.7976931348623156E306, 1.7976931348623156E306, 1.7976931348623156E306, 1.7976931348623156E306, 1.7976931348623156E306, 0.0, 3.0, 3.0]
346	MoeSQLmosa	7	3	[0.0, 1.0, 1.0, 1.0, 1.0, 1.0, 1.0, 1.0, 0.0]
346	MoeSQLmosa	8	3	[0.0, 1.0, 1.0, 1.0, 1.0, 1.0, 1.0, 0.0, 1.0]
346	MOTGA	0	12	[0.0, 0.0, 0.0, 0.0, 0.0, 0.0, 0.0, 0.0, 0.0]
348	MoeSQLmosa	0	1	[8.180322017164123, 0.0, 1.0, 9.180322017164123, 9.180322017164123]
348	MoeSQLmosa	1	1	[0.0, 1.0, 1.0, 1.0, 1.0]
348	MoeSQLmosa	2	1	[11.73956038278289, 12.73956038278289, 12.73956038278289, 0.0, 1.0]
348	MoeSQLmosa	3	1	[1.7976931348623156E306, 1.7976931348623156E306, 1.7976931348623156E306, 1.7976931348623156E306, 0.0]
348	MoeSQLmosa	4	1	[1.7976931348623156E306, 1.7976931348623156E306, 0.0, 1.7976931348623156E306, 1.7976931348623156E306]
348	MOTGA	0	5	[0.0, 0.0, 0.0, 0.0, 0.0]
349	MoeSQLmosa	0	1	[0.0, 40.309398496240604]
349	MoeSQLmosa	1	1	[1.0, 0.0]
349	MOTGA	0	2	[0.0, 0.0]
350	MoeSQLmosa	0	3	[0.0]
350	MOTGA	0	3	[0.0]
351	MoeSQLmosa	0	1	[0.0, 1.0, 1.0, 1.0, 0.0, 1.0]
351	MoeSQLmosa	1	1	[33.166666666666664, 0.0, 1.0, 34.166666666666664, 33.166666666666664, 34.166666666666664]
351	MoeSQLmosa	2	1	[1.7976931348623156E306, 1.7976931348623156E306, 0.0, 1.7976931348623156E306, 1.7976931348623156E306, 1.7976931348623156E306]
351	MoeSQLmosa	3	1	[1.0, 2.0, 2.0, 2.0, 1.0, 0.0]
351	MoeSQLmosa	4	1	[1.0, 2.0, 2.0, 0.0, 1.0, 2.0]
351	MOTGA	0	5	[0.0, 0.0, 0.0, 0.0, 0.0, 0.0]
355	MoeSQLmosa	0	1	[1.7976931348623156E306, 1.7976931348623156E306, 1.7976931348623156E306, 1.7976931348623156E306, 1.7976931348623156E306, 1.7976931348623156E306, 0.0, 1.7976931348623156E306]
355	MoeSQLmosa	1	1	[30.553970718722272, 31.553970718722272, 31.553970718722272, 31.553970718722272, 31.553970718722272, 0.0, 1.0, 55.29005669157295]
355	MoeSQLmosa	2	1	[0.0, 1.0, 1.0, 1.0, 1.0, 1.0, 1.0, 14.751753393665158]
355	MoeSQLmosa	3	1	[24.736085972850677, 0.0, 1.0, 25.736085972850677, 25.736085972850677, 25.736085972850677, 25.736085972850677, 42.76243044098619]
355	MoeSQLmosa	4	1	[24.736085972850677, 25.736085972850677, 25.736085972850677, 0.0, 1.0, 25.736085972850677, 25.736085972850677, 32.662059031094394]
355	MoeSQLmosa	5	1	[1.0, 2.0, 2.0, 2.0, 2.0, 2.0, 2.0, 0.0]
355	MoeSQLmosa	6	1	[1.7976931348623156E306, 1.7976931348623156E306, 1.7976931348623156E306, 1.7976931348623156E306, 0.0, 1.7976931348623156E306, 1.7976931348623156E306, 1.7976931348623156E306]
355	MoeSQLmosa	7	1	[1.7976931348623156E306, 1.7976931348623156E306, 0.0, 1.7976931348623156E306, 1.7976931348623156E306, 1.7976931348623156E306, 1.7976931348623156E306, 1.7976931348623156E306]
355	MOTGA	0	8	[0.0, 0.0, 0.0, 0.0, 0.0, 0.0, 0.0, 0.0]
356	MoeSQLmosa	0	1	[2.0, 1.0, 0.0]
356	MoeSQLmosa	1	1	[1.0, 0.0, 1.0]
356	MoeSQLmosa	2	1	[0.0, 1.0, 2.0]
356	MOTGA	0	3	[0.0, 0.0, 0.0]
357	MoeSQLmosa	0	1	[0.0, 39.69736842105263]
357	MoeSQLmosa	1	1	[1.0, 0.0]
357	MOTGA	0	2	[0.0, 0.0]
358	MoeSQLmosa	0	2	[0.0, 0.0]
358	MOTGA	0	2	[0.0, 0.0]
359	MoeSQLmosa	0	2	[0.0, 0.0]
359	MOTGA	0	2	[0.0, 0.0]
360	MoeSQLmosa	0	1	[13.516233766233768, 14.516233766233768, 14.516233766233768, 0.0, 1.0, 14.516233766233768, 14.516233766233768]
360	MoeSQLmosa	1	1	[14.090736782207816, 0.0, 1.0, 15.090736782207816, 15.090736782207816, 15.090736782207816, 15.090736782207816]
360	MoeSQLmosa	2	1	[7.051075268817205, 8.051075268817204, 8.051075268817204, 8.051075268817204, 8.051075268817204, 0.0, 1.0]
360	MoeSQLmosa	3	1	[1.7976931348623156E306, 1.7976931348623156E306, 1.7976931348623156E306, 1.7976931348623156E306, 1.7976931348623156E306, 1.7976931348623156E306, 0.0]
360	MoeSQLmosa	4	1	[1.7976931348623156E306, 1.7976931348623156E306, 0.0, 1.7976931348623156E306, 1.7976931348623156E306, 1.7976931348623156E306, 1.7976931348623156E306]
360	MoeSQLmosa	5	1	[0.0, 1.0, 1.0, 1.0, 1.0, 1.0, 1.0]
360	MoeSQLmosa	6	1	[1.7976931348623156E306, 1.7976931348623156E306, 1.7976931348623156E306, 1.7976931348623156E306, 0.0, 1.7976931348623156E306, 1.7976931348623156E306]
360	MOTGA	0	7	[0.0, 0.0, 0.0, 0.0, 0.0, 0.0, 0.0]
361	MoeSQLmosa	0	2	[0.0, 0.0, 1.0]
361	MoeSQLmosa	1	1	[1.7976931348623156E306, 1.7976931348623156E306, 0.0]
361	MOTGA	0	3	[0.0, 0.0, 0.0]
363	MoeSQLmosa	0	1	[17.31356944655598, 18.31356944655598, 18.31356944655598, 18.31356944655598, 18.31356944655598, 0.0, 1.0, 26.762253589328083]
363	MoeSQLmosa	1	1	[44.091832806506964, 0.0, 1.0, 45.091832806506964, 45.091832806506964, 45.091832806506964, 45.091832806506964, 53.540516949279066]
363	MoeSQLmosa	2	1	[15.272847207303256, 16.272847207303258, 16.272847207303258, 0.0, 1.0, 16.272847207303258, 16.272847207303258, 42.22959603359433]
363	MoeSQLmosa	3	1	[0.0, 1.0, 1.0, 1.0, 1.0, 1.0, 1.0, 26.95674882629108]
363	MoeSQLmosa	4	1	[1.0, 2.0, 2.0, 2.0, 2.0, 2.0, 2.0, 0.0]
363	MoeSQLmosa	5	1	[1.7976931348623156E306, 1.7976931348623156E306, 0.0, 1.7976931348623156E306, 1.7976931348623156E306, 1.7976931348623156E306, 1.7976931348623156E306, 1.7976931348623156E306]
363	MoeSQLmosa	6	1	[1.7976931348623156E306, 1.7976931348623156E306, 1.7976931348623156E306, 1.7976931348623156E306, 0.0, 1.7976931348623156E306, 1.7976931348623156E306, 1.7976931348623156E306]
363	MoeSQLmosa	7	1	[1.7976931348623156E306, 1.7976931348623156E306, 1.7976931348623156E306, 1.7976931348623156E306, 1.7976931348623156E306, 1.7976931348623156E306, 0.0, 1.7976931348623156E306]
363	MOTGA	0	8	[0.0, 0.0, 0.0, 0.0, 0.0, 0.0, 0.0, 0.0]
364	MoeSQLmosa	0	1	[19.540903540903543, 20.540903540903543, 20.540903540903543, 0.0, 1.0]
364	MoeSQLmosa	1	1	[1.7976931348623156E306, 1.7976931348623156E306, 1.7976931348623156E306, 1.7976931348623156E306, 0.0]
364	MoeSQLmosa	2	1	[12.63444641320975, 0.0, 1.0, 13.63444641320975, 13.63444641320975]
364	MoeSQLmosa	3	1	[0.0, 1.0, 1.0, 1.0, 1.0]
364	MoeSQLmosa	4	1	[1.7976931348623156E306, 1.7976931348623156E306, 0.0, 1.7976931348623156E306, 1.7976931348623156E306]
364	MOTGA	0	5	[0.0, 0.0, 0.0, 0.0, 0.0]
365	MoeSQLmosa	0	1	[0.0, 18.670464939708005, 1.0]
365	MoeSQLmosa	1	1	[1.0, 0.0, 1.0]
365	MoeSQLmosa	2	1	[1.7976931348623156E306, 1.7976931348623156E306, 0.0]
365	MOTGA	0	3	[0.0, 0.0, 0.0]
366	MoeSQLmosa	0	1	[1.0, 2.0, 2.0, 2.0, 2.0, 1.0, 0.0, 1.0]
366	MoeSQLmosa	1	1	[40.259438972721696, 0.0, 1.0, 41.259438972721696, 41.259438972721696, 131.25943897272168, 130.25943897272168, 129.25943897272168]
366	MoeSQLmosa	2	1	[11.739747450617017, 12.739747450617017, 12.739747450617017, 0.0, 1.0, 24.739747450617017, 23.739747450617017, 22.739747450617017]
366	MoeSQLmosa	3	1	[2.0, 3.0, 3.0, 3.0, 3.0, 0.0, 1.0, 2.0]
366	MoeSQLmosa	4	1	[0.0, 1.0, 1.0, 1.0, 1.0, 618.0, 617.0, 616.0]
366	MoeSQLmosa	5	1	[0.0, 1.0, 1.0, 1.0, 1.0, 2.0, 1.0, 0.0]
366	MoeSQLmosa	6	1	[1.7976931348623156E306, 1.7976931348623156E306, 1.7976931348623156E306, 1.7976931348623156E306, 0.0, 1.7976931348623156E306, 1.7976931348623156E306, 1.7976931348623156E306]
366	MoeSQLmosa	7	1	[1.7976931348623156E306, 1.7976931348623156E306, 0.0, 1.7976931348623156E306, 1.7976931348623156E306, 1.7976931348623156E306, 1.7976931348623156E306, 1.7976931348623156E306]
366	MOTGA	0	7	[0.0, 0.0, 0.0, 0.0, 0.0, 0.0, 0.0, 0.0]
367	MoeSQLmosa	0	2	[0.0, 0.0]
367	MOTGA	0	2	[0.0, 0.0]
368	MoeSQLmosa	0	1	[0.0, 24.333333333333336, 1.0]
368	MoeSQLmosa	1	1	[1.0, 0.0, 1.0]
368	MoeSQLmosa	2	1	[1.7976931348623156E306, 1.7976931348623156E306, 0.0]
368	MOTGA	0	3	[0.0, 0.0, 0.0]
369	MoeSQLmosa	0	1	[1.0, 0.0, 1.0]
369	MoeSQLmosa	1	1	[0.0, 28.75525448280655, 1.0]
369	MoeSQLmosa	2	1	[1.7976931348623156E306, 1.7976931348623156E306, 0.0]
369	MOTGA	0	3	[0.0, 0.0, 0.0]
370	MoeSQLmosa	0	2	[43.67751023131458, 44.67751023131458, 44.67751023131458, 796.6775102313146, 795.6775102313146, 794.6775102313146, 44.67751023131458, 43.67751023131458, 44.67751023131458, 85.35963318675752, 0.0, 1.0, 0.0]
370	MoeSQLmosa	1	2	[1.0, 2.0, 2.0, 3.0, 2.0, 1.0, 0.0, 1.0, 2.0, 16.715993714890775, 2.0, 3.0, 1.0]
370	MoeSQLmosa	2	2	[35.805484899059906, 0.0, 1.0, 37.805484899059906, 36.805484899059906, 35.805484899059906, 36.805484899059906, 35.805484899059906, 36.805484899059906, 46.41304943030865, 37.805484899059906, 38.805484899059906, 2.0]
370	MoeSQLmosa	3	2	[1.7976931348623156E306, 3.595386269724631E306, 3.595386269724631E306, 3.595386269724631E306, 3.595386269724631E306, 3.595386269724631E306, 3.595386269724631E306, 1.7976931348623156E306, 3.595386269724631E306, 1.7976931348623156E306, 1.7976931348623156E306, 0.0, 0.0]
370	MoeSQLmosa	4	2	[1.0, 2.0, 2.0, 3.0, 2.0, 1.0, 2.0, 1.0, 2.0, 0.0, 3.0, 3.0, 2.0]
370	MoeSQLmosa	5	2	[1.0, 2.0, 2.0, 1.0, 0.0, 1.0, 2.0, 1.0, 2.0, 11.607564531248743, 2.0, 3.0, 1.0]
370	MoeSQLmosa	6	2	[0.0, 1.0, 1.0, 2.0, 1.0, 0.0, 1.0, 0.0, 1.0, 10.607564531248743, 2.0, 3.0, 2.0]
370	MoeSQLmosa	7	2	[1.0, 2.0, 2.0, 3.0, 2.0, 1.0, 2.0, 1.0, 0.0, 11.607564531248743, 2.0, 3.0, 1.0]
370	MoeSQLmosa	8	2	[1.7976931348623156E306, 1.7976931348623156E306, 0.0, 1.7976931348623156E306, 1.7976931348623156E306, 1.7976931348623156E306, 1.7976931348623156E306, 1.7976931348623156E306, 1.7976931348623156E306, 1.7976931348623156E306, 1.7976931348623156E306, 1.7976931348623156E306, 2.0]
370	MoeSQLmosa	9	2	[2.0, 3.0, 3.0, 0.0, 1.0, 2.0, 3.0, 2.0, 3.0, 12.607564531248743, 2.0, 3.0, 2.0]
370	MOTGA	0	13	[0.0, 0.0, 0.0, 0.0, 0.0, 0.0, 0.0, 0.0, 0.0, 0.0, 0.0, 0.0, 2.0]
371	MoeSQLmosa	0	1	[1.0, 0.0, 1.0]
371	MoeSQLmosa	1	1	[0.0, 44.95652173913044, 1.0]
371	MoeSQLmosa	2	1	[1.7976931348623156E306, 1.7976931348623156E306, 0.0]
371	MOTGA	0	3	[0.0, 0.0, 0.0]
372	MoeSQLmosa	0	2	[44.22380952380952, 45.22380952380952, 45.22380952380952, 480.2238095238095, 479.2238095238095, 478.2238095238095, 45.22380952380952, 45.22380952380952, 11.223809523809525, 12.223809523809525, 44.22380952380952, 44.22380952380952, 44.22380952380952, 33.0, 34.0, 0.0, 44.22380952380952, 1.7976931348623156E306, 44.22380952380952, 44.22380952380952, 44.22380952380952, 44.22380952380952]
372	MoeSQLmosa	1	2	[29.0, 30.0, 30.0, 149.0, 148.0, 147.0, 30.0, 30.0, 0.0, 1.0, 29.0, 29.0, 29.0, 31.0, 32.0, 2.0, 29.0, 1.7976931348623156E306, 29.0, 29.0, 29.0, 29.0]
372	MoeSQLmosa	2	2	[1.7976931348623156E306, 1.7976931348623156E306, 1.7976931348623156E306, 1.7976931348623156E306, 1.7976931348623156E306, 1.7976931348623156E306, 1.7976931348623156E306, 1.7976931348623156E306, 1.7976931348623156E306, 0.0, 1.7976931348623156E306, 1.7976931348623156E306, 1.7976931348623156E306, 1.7976931348623156E306, 1.7976931348623156E306, 2.0, 1.7976931348623156E306, 1.7976931348623156E306, 1.7976931348623156E306, 1.7976931348623156E306, 1.7976931348623156E306, 1.7976931348623156E306]
372	MoeSQLmosa	3	2	[1.0, 1.0, 1.0, 120.0, 119.0, 118.0, 1.0, 1.0, 2.0, 1.0, 1.0, 0.0, 1.0, 2.0, 3.0, 2.0, 2.0, 2.0, 3.0, 3.0, 3.0, 3.0]
372	MoeSQLmosa	4	2	[1.9, 0.0, 1.0, 138.9, 137.9, 136.9, 2.9, 2.9, 3.9, 2.9, 1.9, 1.9, 1.9, 2.0, 3.0, 1.9, 1.9, 1.7976931348623156E306, 1.9, 1.9, 1.9, 1.9]
372	MoeSQLmosa	5	2	[1.0, 2.0, 2.0, 1.0, 0.0, 1.0, 2.0, 2.0, 3.0, 2.0, 1.0, 1.0, 1.0, 2.0, 3.0, 1.0, 1.0, 1.7976931348623156E306, 1.0, 1.0, 1.0, 1.0]
372	MoeSQLmosa	6	2	[2.388888888888889, 3.388888888888889, 3.388888888888889, 2.388888888888889, 1.3888888888888888, 2.388888888888889, 3.388888888888889, 3.388888888888889, 4.388888888888889, 3.388888888888889, 2.388888888888889, 2.388888888888889, 2.388888888888889, 0.0, 1.0, 1.0, 2.388888888888889, 1.7976931348623156E306, 2.388888888888889, 2.388888888888889, 2.388888888888889, 2.388888888888889]
372	MoeSQLmosa	7	2	[0.0, 1.0, 1.0, 2.0, 1.0, 0.0, 1.0, 1.0, 2.0, 1.0, 122.5734389, 123.5734389, 124.5734389, 2.0, 3.0, 2.0, 1.0, 1.0, 2.0, 2.0, 2.0, 2.0]
372	MoeSQLmosa	8	2	[0.0, 1.0, 1.0, 2.0, 1.0, 0.0, 1.0, 1.0, 2.0, 1.0, 0.0, 1.0, 2.0, 2.0, 3.0, 2.0, 1.0, 1.0, 2.0, 2.0, 2.0, 2.0]
372	MoeSQLmosa	9	2	[1.0, 2.0, 2.0, 129.0, 128.0, 127.0, 0.0, 1.0, 3.0, 2.0, 1.0, 1.0, 1.0, 2.0, 3.0, 1.0, 1.0, 1.7976931348623156E306, 1.0, 1.0, 1.0, 1.0]
372	MoeSQLmosa	10	3	[0.0, 1.0, 1.0, 120.0, 119.0, 118.0, 1.0, 1.0, 2.0, 1.0, 87.0, 88.0, 89.0, 2.0, 3.0, 2.0, 0.0, 1.0, 1.0, 1.0, 1.0, 1.0]
372	MoeSQLmosa	11	2	[1.7976931348623156E306, 1.7976931348623156E306, 0.0, 1.7976931348623156E306, 1.7976931348623156E306, 1.7976931348623156E306, 1.7976931348623156E306, 1.7976931348623156E306, 1.7976931348623156E306, 1.7976931348623156E306, 1.7976931348623156E306, 1.7976931348623156E306, 1.7976931348623156E306, 2.0, 3.0, 1.7976931348623156E306, 1.7976931348623156E306, 1.7976931348623156E306, 1.7976931348623156E306, 1.7976931348623156E306, 1.7976931348623156E306, 1.7976931348623156E306]
372	MoeSQLmosa	12	2	[1.7976931348623156E306, 1.7976931348623156E306, 1.7976931348623156E306, 1.7976931348623156E306, 1.7976931348623156E306, 1.7976931348623156E306, 1.7976931348623156E306, 1.7976931348623156E306, 1.7976931348623156E306, 1.7976931348623156E306, 1.7976931348623156E306, 1.7976931348623156E306, 1.7976931348623156E306, 1.0, 0.0, 0.0, 1.7976931348623156E306, 1.7976931348623156E306, 1.7976931348623156E306, 1.7976931348623156E306, 1.7976931348623156E306, 1.7976931348623156E306]
372	MoeSQLmosa	13	2	[1.7976931348623156E306, 1.7976931348623156E306, 1.7976931348623156E306, 1.7976931348623156E306, 1.7976931348623156E306, 1.7976931348623156E306, 1.7976931348623156E306, 0.0, 1.7976931348623156E306, 1.7976931348623156E306, 1.7976931348623156E306, 1.7976931348623156E306, 1.7976931348623156E306, 2.0, 3.0, 1.7976931348623156E306, 1.7976931348623156E306, 1.7976931348623156E306, 1.7976931348623156E306, 1.7976931348623156E306, 1.7976931348623156E306, 1.7976931348623156E306]
372	MoeSQLmosa	14	2	[2.0, 1.0, 1.0, 2.0, 1.0, 2.0, 1.0, 1.0, 7.0, 1.0, 2.0, 1.0, 0.0, 2.0, 3.0, 2.0, 3.0, 3.0, 4.0, 4.0, 4.0, 4.0]
372	MoeSQLmosa	15	4	[0.0, 1.0, 1.0, 120.0, 119.0, 118.0, 1.0, 1.0, 2.0, 1.0, 90.2162544686758, 91.2162544686758, 92.2162544686758, 2.0, 3.0, 2.0, 0.0, 1.0, 0.0, 0.0, 1.0, 1.0]
372	MoeSQLmosa	16	2	[2.0, 3.0, 3.0, 0.0, 1.0, 2.0, 3.0, 3.0, 4.0, 3.0, 2.0, 2.0, 2.0, 2.0, 3.0, 2.0, 2.0, 1.7976931348623156E306, 2.0, 2.0, 2.0, 2.0]
372	MoeSQLmosa	17	4	[0.0, 1.0, 1.0, 120.0, 119.0, 118.0, 1.0, 1.0, 2.0, 1.0, 1.0, 0.0, 1.0, 2.0, 3.0, 2.0, 1.0, 0.0, 2.0, 2.0, 2.0, 2.0]
372	MoeSQLmosa	18	4	[0.0, 1.0, 1.0, 120.0, 119.0, 118.0, 1.0, 1.0, 1.0, 1.0, 1307.08392735862, 1308.08392735862, 1309.08392735862, 2.0, 3.0, 2.0, 0.0, 1.0, 0.0, 0.0, 0.0, 0.0]
372	MOTGA	0	2	[2.0, 1.0, 1.0, 2.0, 1.0, 2.0, 1.0, 1.0, 7.0, 1.0, 2.0, 1.0, 0.0, 2.0, 3.0, 2.0, 3.0, 3.0, 4.0, 4.0, 4.0, 4.0]
372	MOTGA	1	2	[1.7976931348623156E306, 1.7976931348623156E306, 1.7976931348623156E306, 1.7976931348623156E306, 1.7976931348623156E306, 1.7976931348623156E306, 1.7976931348623156E306, 1.7976931348623156E306, 1.7976931348623156E306, 1.7976931348623156E306, 1.7976931348623156E306, 1.7976931348623156E306, 1.7976931348623156E306, 1.0, 0.0, 0.0, 1.7976931348623156E306, 1.7976931348623156E306, 1.7976931348623156E306, 1.7976931348623156E306, 1.7976931348623156E306, 1.7976931348623156E306]
372	MOTGA	2	2	[0.0, 1.0, 1.0, 2.0, 1.0, 0.0, 1.0, 1.0, 2.0, 1.0, 0.0, 1.0, 2.0, 2.0, 3.0, 2.0, 1.0, 1.0, 2.0, 2.0, 2.0, 2.0]
372	MOTGA	3	3	[1.3888888888888888, 2.388888888888889, 2.388888888888889, 4.388888888888889, 3.388888888888889, 2.388888888888889, 2.388888888888889, 2.388888888888889, 3.388888888888889, 0.0, 1.3888888888888888, 1.3888888888888888, 1.3888888888888888, 0.0, 1.0, 2.0, 1.3888888888888888, 1.7976931348623156E306, 1.3888888888888888, 1.3888888888888888, 1.3888888888888888, 1.3888888888888888]
372	MOTGA	4	15	[0.0, 0.0, 0.0, 0.0, 0.0, 1.0, 0.0, 0.0, 0.0, 1.0, 1.0, 0.0, 1.0, 2.0, 3.0, 2.0, 0.0, 0.0, 0.0, 0.0, 0.0, 0.0]
373	MoeSQLmosa	0	2	[1.0, 0.0, 1.0, 0.0, 0.0]
373	MoeSQLmosa	1	1	[2.0, 1.0, 0.0, 1.0, 2.0]
373	MoeSQLmosa	2	1	[0.0, 1.0, 2.0, 1.0, 2.0]
373	MOTGA	0	4	[0.0, 0.0, 0.0, 0.0, 0.0]
374	MoeSQLmosa	0	1	[11.073809523809524, 12.073809523809524, 12.073809523809524, 0.0, 1.0]
374	MoeSQLmosa	1	2	[11.073809523809524, 0.0, 0.0, 12.073809523809524, 12.073809523809524]
374	MoeSQLmosa	2	1	[0.0, 1.0, 1.0, 1.0, 1.0]
374	MoeSQLmosa	3	1	[1.7976931348623156E306, 1.7976931348623156E306, 1.7976931348623156E306, 1.7976931348623156E306, 0.0]
374	MOTGA	0	5	[0.0, 0.0, 0.0, 0.0, 0.0]
375	MoeSQLmosa	0	1	[1.0, 0.0]
375	MoeSQLmosa	1	1	[0.0, 19.016828191370447]
375	MOTGA	0	2	[0.0, 0.0]
376	MoeSQLmosa	0	1	[1.0, 0.0, 1.0]
376	MoeSQLmosa	1	1	[0.0, 6.652200903671492, 1.0]
376	MoeSQLmosa	2	1	[1.7976931348623156E306, 1.7976931348623156E306, 0.0]
376	MOTGA	0	3	[0.0, 0.0, 0.0]
377	MoeSQLmosa	0	2	[0.0, 0.0, 1.0]
377	MoeSQLmosa	1	1	[1.7976931348623156E306, 1.7976931348623156E306, 0.0]
377	MOTGA	0	3	[0.0, 0.0, 0.0]
378	MoeSQLmosa	0	2	[0.0, 0.0]
378	MOTGA	0	2	[0.0, 0.0]
379	MoeSQLmosa	0	1	[0.0, 16.296688034188037]
379	MoeSQLmosa	1	1	[1.0, 0.0]
379	MOTGA	0	2	[0.0, 0.0]
381	MoeSQLmosa	0	1	[1.0, 0.0]
381	MoeSQLmosa	1	1	[0.0, 20.81385281385281]
381	MOTGA	0	2	[0.0, 0.0]
382	MoeSQLmosa	0	1	[0.0, 41.739553093964865]
382	MoeSQLmosa	1	1	[1.0, 0.0]
382	MOTGA	0	2	[0.0, 0.0]
383	MoeSQLmosa	0	1	[1.0, 0.0, 1.0]
383	MoeSQLmosa	1	1	[0.0, 29.163278253839792, 1.0]
383	MoeSQLmosa	2	1	[1.7976931348623156E306, 1.7976931348623156E306, 0.0]
383	MOTGA	0	3	[0.0, 0.0, 0.0]
384	MoeSQLmosa	0	1	[17.318627450980394, 0.0, 1.0, 17.318627450980394, 18.318627450980394, 43.318627450980394, 18.318627450980394, 17.318627450980394, 18.318627450980394, 18.318627450980394]
384	MoeSQLmosa	1	2	[1.0, 2.0, 2.0, 1.0, 1.0, 0.0, 2.0, 1.0, 2.0, 0.0]
384	MoeSQLmosa	2	1	[0.0, 1.0, 1.0, 0.0, 1.0, 5.0, 1.0, 0.0, 1.0, 1.0]
384	MoeSQLmosa	3	1	[1.7976931348623156E306, 1.7976931348623156E306, 0.0, 1.7976931348623156E306, 1.7976931348623156E306, 1.7976931348623156E306, 1.7976931348623156E306, 1.7976931348623156E306, 1.7976931348623156E306, 1.7976931348623156E306]
384	MoeSQLmosa	4	1	[1.7976931348623156E306, 1.7976931348623156E306, 1.7976931348623156E306, 1.7976931348623156E306, 0.0, 1.7976931348623156E306, 1.7976931348623156E306, 1.7976931348623156E306, 1.7976931348623156E306, 1.7976931348623156E306]
384	MoeSQLmosa	5	1	[1.0, 2.0, 2.0, 1.0, 2.0, 17.0, 0.0, 1.0, 2.0, 2.0]
384	MoeSQLmosa	6	1	[1.0, 2.0, 2.0, 1.0, 2.0, 6.0, 2.0, 1.0, 0.0, 2.0]
384	MOTGA	0	8	[0.0, 0.0, 0.0, 0.0, 0.0, 0.0, 0.0, 0.0, 0.0, 0.0]
385	MoeSQLmosa	0	1	[1.0, 2.0, 2.0, 1.0, 0.0, 1.0, 2.0, 1.0, 2.0]
385	MoeSQLmosa	1	1	[25.219593787335725, 0.0, 1.0, 28.219593787335725, 27.219593787335725, 26.219593787335725, 26.219593787335725, 25.219593787335725, 26.219593787335725]
385	MoeSQLmosa	2	1	[0.0, 1.0, 1.0, 2.0, 1.0, 0.0, 1.0, 0.0, 1.0]
385	MoeSQLmosa	3	1	[1.0, 2.0, 2.0, 3.0, 2.0, 1.0, 0.0, 1.0, 2.0]
385	MoeSQLmosa	4	1	[1.7976931348623156E306, 1.7976931348623156E306, 0.0, 1.7976931348623156E306, 1.7976931348623156E306, 1.7976931348623156E306, 1.7976931348623156E306, 1.7976931348623156E306, 1.7976931348623156E306]
385	MoeSQLmosa	5	1	[2.0, 3.0, 3.0, 0.0, 1.0, 2.0, 3.0, 2.0, 3.0]
385	MoeSQLmosa	6	1	[1.0, 2.0, 2.0, 4.0, 3.0, 2.0, 2.0, 1.0, 0.0]
385	MOTGA	0	7	[0.0, 0.0, 0.0, 0.0, 0.0, 0.0, 0.0, 0.0, 0.0]
387	MoeSQLmosa	0	1	[13.03915722654202, 0.0, 1.0, 14.03915722654202, 13.03915722654202, 14.03915722654202, 14.03915722654202, 14.03915722654202]
387	MoeSQLmosa	1	1	[0.0, 1.0, 1.0, 1.0, 0.0, 1.0, 1.0, 1.0]
387	MoeSQLmosa	2	1	[13.03915722654202, 14.03915722654202, 14.03915722654202, 14.03915722654202, 13.03915722654202, 14.03915722654202, 0.0, 1.0]
387	MoeSQLmosa	3	1	[1.0, 2.0, 2.0, 2.0, 1.0, 0.0, 2.0, 2.0]
387	MoeSQLmosa	4	1	[1.7976931348623156E306, 1.7976931348623156E306, 0.0, 1.7976931348623156E306, 1.7976931348623156E306, 1.7976931348623156E306, 1.7976931348623156E306, 1.7976931348623156E306]
387	MoeSQLmosa	5	1	[1.7976931348623156E306, 1.7976931348623156E306, 1.7976931348623156E306, 1.7976931348623156E306, 1.7976931348623156E306, 1.7976931348623156E306, 1.7976931348623156E306, 0.0]
387	MoeSQLmosa	6	1	[1.0, 2.0, 2.0, 0.0, 1.0, 2.0, 2.0, 2.0]
387	MOTGA	0	7	[0.0, 0.0, 0.0, 0.0, 0.0, 0.0, 0.0, 0.0]
388	MoeSQLmosa	0	1	[1.0, 0.0]
388	MoeSQLmosa	1	1	[0.0, 43.96742424242424]
388	MOTGA	0	2	[0.0, 0.0]
389	MoeSQLmosa	0	2	[0.0, 0.0, 1.0]
389	MoeSQLmosa	1	1	[1.7976931348623156E306, 1.7976931348623156E306, 0.0]
389	MOTGA	0	3	[0.0, 0.0, 0.0]
390	MoeSQLmosa	0	1	[0.0, 43.74321523455981]
390	MoeSQLmosa	1	1	[1.0, 0.0]
390	MOTGA	0	2	[0.0, 0.0]
391	MoeSQLmosa	0	1	[1.0, 0.0]
391	MoeSQLmosa	1	1	[0.0, 32.26226058865457]
391	MOTGA	0	2	[0.0, 0.0]
392	MoeSQLmosa	0	2	[0.0, 0.0]
392	MOTGA	0	2	[0.0, 0.0]
393	MoeSQLmosa	0	1	[27.17460781971651, 0.0, 1.0, 28.17460781971651, 28.17460781971651, 28.17460781971651, 28.17460781971651]
393	MoeSQLmosa	1	1	[33.52338469831203, 34.52338469831203, 34.52338469831203, 34.52338469831203, 34.52338469831203, 0.0, 1.0]
393	MoeSQLmosa	2	1	[28.181318422589772, 29.181318422589772, 29.181318422589772, 0.0, 1.0, 29.181318422589772, 29.181318422589772]
393	MoeSQLmosa	3	1	[0.0, 1.0, 1.0, 1.0, 1.0, 1.0, 1.0]
393	MoeSQLmosa	4	1	[1.7976931348623156E306, 1.7976931348623156E306, 1.7976931348623156E306, 1.7976931348623156E306, 1.7976931348623156E306, 1.7976931348623156E306, 0.0]
393	MoeSQLmosa	5	1	[1.7976931348623156E306, 1.7976931348623156E306, 1.7976931348623156E306, 1.7976931348623156E306, 0.0, 1.7976931348623156E306, 1.7976931348623156E306]
393	MoeSQLmosa	6	1	[1.7976931348623156E306, 1.7976931348623156E306, 0.0, 1.7976931348623156E306, 1.7976931348623156E306, 1.7976931348623156E306, 1.7976931348623156E306]
393	MOTGA	0	7	[0.0, 0.0, 0.0, 0.0, 0.0, 0.0, 0.0]
394	MoeSQLmosa	0	1	[31.287355533071647, 32.28735553307165, 32.28735553307165, 0.0, 1.0, 32.28735553307165, 32.28735553307165]
394	MoeSQLmosa	1	1	[10.559058588470354, 0.0, 1.0, 11.559058588470354, 11.559058588470354, 11.559058588470354, 11.559058588470354]
394	MoeSQLmosa	2	1	[17.142857142857146, 18.142857142857146, 18.142857142857146, 18.142857142857146, 18.142857142857146, 0.0, 1.0]
394	MoeSQLmosa	3	1	[0.0, 1.0, 1.0, 1.0, 1.0, 1.0, 1.0]
394	MoeSQLmosa	4	1	[1.7976931348623156E306, 1.7976931348623156E306, 1.7976931348623156E306, 1.7976931348623156E306, 1.7976931348623156E306, 1.7976931348623156E306, 0.0]
394	MoeSQLmosa	5	1	[1.7976931348623156E306, 1.7976931348623156E306, 1.7976931348623156E306, 1.7976931348623156E306, 0.0, 1.7976931348623156E306, 1.7976931348623156E306]
394	MoeSQLmosa	6	1	[1.7976931348623156E306, 1.7976931348623156E306, 0.0, 1.7976931348623156E306, 1.7976931348623156E306, 1.7976931348623156E306, 1.7976931348623156E306]
394	MOTGA	0	7	[0.0, 0.0, 0.0, 0.0, 0.0, 0.0, 0.0]
395	MoeSQLmosa	0	2	[0.0, 0.0, 1.0, 1.0, 0.0, 1.0]
395	MoeSQLmosa	1	1	[1.7976931348623156E306, 1.7976931348623156E306, 0.0, 1.7976931348623156E306, 1.7976931348623156E306, 1.7976931348623156E306]
395	MoeSQLmosa	2	1	[1.0, 2.0, 2.0, 2.0, 1.0, 0.0]
395	MoeSQLmosa	3	1	[1.0, 2.0, 2.0, 0.0, 1.0, 2.0]
395	MOTGA	0	5	[0.0, 0.0, 0.0, 0.0, 0.0, 0.0]
396	MoeSQLmosa	0	2	[2.595238095238095, 0.0, 1.0, 0.0, 1.0]
396	MoeSQLmosa	1	1	[1.7976931348623156E306, 1.7976931348623156E306, 1.7976931348623156E306, 1.7976931348623156E306, 0.0]
396	MoeSQLmosa	2	1	[0.0, 1.0, 1.0, 1.0, 1.0]
396	MoeSQLmosa	3	1	[1.7976931348623156E306, 1.7976931348623156E306, 0.0, 1.7976931348623156E306, 1.7976931348623156E306]
396	MOTGA	0	5	[0.0, 0.0, 0.0, 0.0, 0.0]
397	MoeSQLmosa	0	2	[0.0, 0.0]
397	MOTGA	0	2	[0.0, 0.0]
398	MoeSQLmosa	0	1	[34.41296827352487, 0.0, 1.0, 35.41296827352487, 35.41296827352487, 35.41296827352487, 35.41296827352487, 43.84729516502219]
398	MoeSQLmosa	1	1	[35.08888888888889, 36.08888888888889, 36.08888888888889, 0.0, 1.0, 36.08888888888889, 36.08888888888889, 43.326356919579425]
398	MoeSQLmosa	2	1	[1.0, 2.0, 2.0, 2.0, 2.0, 2.0, 2.0, 0.0]
398	MoeSQLmosa	3	1	[7.432730860723244, 8.432730860723243, 8.432730860723243, 8.432730860723243, 8.432730860723243, 0.0, 1.0, 16.867057752220564]
398	MoeSQLmosa	4	1	[0.0, 1.0, 1.0, 1.0, 1.0, 1.0, 1.0, 9.434326891497319]
398	MoeSQLmosa	5	1	[1.7976931348623156E306, 1.7976931348623156E306, 0.0, 1.7976931348623156E306, 1.7976931348623156E306, 1.7976931348623156E306, 1.7976931348623156E306, 1.7976931348623156E306]
398	MoeSQLmosa	6	1	[1.7976931348623156E306, 1.7976931348623156E306, 1.7976931348623156E306, 1.7976931348623156E306, 1.7976931348623156E306, 1.7976931348623156E306, 0.0, 1.7976931348623156E306]
398	MoeSQLmosa	7	1	[1.7976931348623156E306, 1.7976931348623156E306, 1.7976931348623156E306, 1.7976931348623156E306, 0.0, 1.7976931348623156E306, 1.7976931348623156E306, 1.7976931348623156E306]
398	MOTGA	0	8	[0.0, 0.0, 0.0, 0.0, 0.0, 0.0, 0.0, 0.0]
399	MoeSQLmosa	0	1	[1.0, 0.0, 1.0]
399	MoeSQLmosa	1	1	[0.0, 40.74417808753459, 1.0]
399	MoeSQLmosa	2	1	[1.7976931348623156E306, 1.7976931348623156E306, 0.0]
399	MOTGA	0	3	[0.0, 0.0, 0.0]
400	MoeSQLmosa	0	1	[41.33499359209826, 40.33499359209826, 41.33499359209826, 40.33499359209826, 0.0, 1.0, 41.33499359209826, 40.33499359209826, 41.33499359209826]
400	MoeSQLmosa	1	1	[1.0, 0.0, 1.0, 0.0, 1.0, 1.0, 1.0, 0.0, 1.0]
400	MoeSQLmosa	2	1	[2.0, 1.0, 2.0, 1.0, 2.0, 2.0, 0.0, 1.0, 2.0]
400	MoeSQLmosa	3	1	[2.0, 1.0, 0.0, 1.0, 2.0, 2.0, 2.0, 1.0, 2.0]
400	MoeSQLmosa	4	1	[2.0, 1.0, 2.0, 1.0, 2.0, 2.0, 2.0, 1.0, 0.0]
400	MoeSQLmosa	5	1	[0.0, 1.0, 2.0, 1.0, 2.0, 2.0, 2.0, 1.0, 2.0]
400	MoeSQLmosa	6	1	[1.7976931348623156E306, 1.7976931348623156E306, 1.7976931348623156E306, 1.7976931348623156E306, 1.7976931348623156E306, 0.0, 1.7976931348623156E306, 1.7976931348623156E306, 1.7976931348623156E306]
400	MOTGA	0	7	[0.0, 0.0, 0.0, 0.0, 0.0, 0.0, 0.0, 0.0, 0.0]
401	MoeSQLmosa	0	2	[0.0, 0.0]
401	MOTGA	0	2	[0.0, 0.0]
402	MoeSQLmosa	0	1	[0.0, 38.01102948983384]
402	MoeSQLmosa	1	1	[1.0, 0.0]
402	MOTGA	0	2	[0.0, 0.0]
403	MoeSQLmosa	0	1	[22.0, 388.0, 1.0, 0.0, 64.58773827884178, 23.0, 23.0, 23.0, 3.0, 3.0]
403	MoeSQLmosa	1	1	[375.0, 0.0, 1.0, 400.0, 405.83373932357307, 376.0, 376.0, 376.0, 3.0, 3.0]
403	MoeSQLmosa	2	1	[1.7976931348623156E306, 1.7976931348623156E306, 0.0, 1.7976931348623156E306, 3.595386269724631E306, 3.595386269724631E306, 3.595386269724631E306, 3.595386269724631E306, 3.0, 3.0]
403	MoeSQLmosa	3	1	[2.0, 362.0, 3.0, 5.0, 23.648669740777922, 3.0, 0.0, 1.0, 3.0, 3.0]
403	MoeSQLmosa	4	1	[1.0, 361.0, 2.0, 4.0, 0.0, 1.0, 2.0, 2.0, 3.0, 3.0]
403	MoeSQLmosa	5	1	[0.0, 360.0, 1.0, 3.0, 21.683227820082518, 1.0, 1.0, 1.0, 2.0, 2.0]
403	MoeSQLmosa	6	1	[1.7976931348623156E306, 1.7976931348623156E306, 1.7976931348623156E306, 1.7976931348623156E306, 1.7976931348623156E306, 0.0, 1.7976931348623156E306, 1.7976931348623156E306, 3.0, 3.0]
403	MoeSQLmosa	7	1	[1.7976931348623156E306, 1.7976931348623156E306, 1.7976931348623156E306, 1.7976931348623156E306, 1.7976931348623156E306, 1.7976931348623156E306, 1.7976931348623156E306, 0.0, 3.0, 3.0]
403	MoeSQLmosa	8	3	[0.0, 360.0, 1.0, 3.0, 21.648669740777922, 1.0, 1.0, 1.0, 0.0, 1.0]
403	MoeSQLmosa	9	3	[0.0, 360.0, 1.0, 2.0, 19.285003989124842, 1.0, 1.0, 1.0, 0.0, 0.0]
403	MOTGA	0	10	[0.0, 0.0, 0.0, 0.0, 0.0, 0.0, 0.0, 0.0, 0.0, 0.0]
404	MoeSQLmosa	0	2	[1.7976931348623156E306, 1.7976931348623156E306, 1.7976931348623156E306, 0.0, 1.7976931348623156E306, 1.7976931348623156E306, 1.7976931348623156E306, 1.7976931348623156E306, 1.7976931348623156E306, 1.7976931348623156E306, 1.7976931348623156E306, 1.7976931348623156E306, 1.7976931348623156E306, 1.7976931348623156E306, 1.7976931348623156E306, 1.7976931348623156E306, 1.7976931348623156E306, 1.7976931348623156E306, 1.7976931348623156E306]
404	MoeSQLmosa	1	2	[1.7976931348623156E306, 1.7976931348623156E306, 1.7976931348623156E306, 0.0, 1.7976931348623156E306, 1.7976931348623156E306, 1.7976931348623156E306, 1.7976931348623156E306, 1.7976931348623156E306, 0.0, 1.7976931348623156E306, 1.7976931348623156E306, 1.7976931348623156E306, 1.7976931348623156E306, 1.7976931348623156E306, 1.7976931348623156E306, 1.7976931348623156E306, 1.7976931348623156E306, 1.7976931348623156E306]
404	MoeSQLmosa	2	2	[1.7976931348623156E306, 1.7976931348623156E306, 1.7976931348623156E306, 0.0, 1.7976931348623156E306, 1.7976931348623156E306, 1.7976931348623156E306, 1.7976931348623156E306, 0.0, 1.7976931348623156E306, 1.7976931348623156E306, 1.7976931348623156E306, 1.7976931348623156E306, 1.7976931348623156E306, 1.7976931348623156E306, 1.7976931348623156E306, 1.7976931348623156E306, 1.7976931348623156E306, 1.7976931348623156E306]
404	MoeSQLmosa	3	2	[1.7976931348623156E306, 1.7976931348623156E306, 1.7976931348623156E306, 0.0, 1.7976931348623156E306, 1.7976931348623156E306, 1.7976931348623156E306, 1.7976931348623156E306, 1.7976931348623156E306, 1.7976931348623156E306, 1.7976931348623156E306, 1.7976931348623156E306, 1.7976931348623156E306, 0.0, 1.7976931348623156E306, 1.7976931348623156E306, 1.7976931348623156E306, 1.7976931348623156E306, 1.7976931348623156E306]
404	MoeSQLmosa	4	2	[1.7976931348623156E306, 1.7976931348623156E306, 1.7976931348623156E306, 0.0, 1.7976931348623156E306, 1.7976931348623156E306, 1.7976931348623156E306, 1.7976931348623156E306, 1.7976931348623156E306, 1.7976931348623156E306, 1.7976931348623156E306, 1.7976931348623156E306, 1.7976931348623156E306, 1.7976931348623156E306, 0.0, 1.7976931348623156E306, 1.7976931348623156E306, 1.7976931348623156E306, 1.7976931348623156E306]
404	MOTGA	0	8	[1.7976931348623156E306, 1.7976931348623156E306, 1.7976931348623156E306, 0.0, 1.7976931348623156E306, 1.7976931348623156E306, 1.7976931348623156E306, 1.7976931348623156E306, 0.0, 0.0, 1.7976931348623156E306, 1.7976931348623156E306, 1.7976931348623156E306, 0.0, 0.0, 1.7976931348623156E306, 1.7976931348623156E306, 1.7976931348623156E306, 1.7976931348623156E306]
405	MoeSQLmosa	0	2	[0.0, 0.0, 1.0]
405	MoeSQLmosa	1	1	[1.7976931348623156E306, 1.7976931348623156E306, 0.0]
405	MOTGA	0	3	[0.0, 0.0, 0.0]
406	MoeSQLmosa	0	3	[0.0, 0.0, 1.0, 2.0, 1.0, 0.0]
406	MoeSQLmosa	1	1	[459.0, 458.0, 457.0, 1.0, 0.0, 1.0]
406	MoeSQLmosa	2	1	[2.0, 1.0, 0.0, 2.0, 1.0, 0.0]
406	MoeSQLmosa	3	1	[860.0, 861.0, 862.0, 0.0, 1.0, 2.0]
406	MOTGA	0	4	[0.0, 0.0, 0.0, 0.0, 0.0, 0.0]
407	MoeSQLmosa	0	2	[0.0, 0.0]
407	MOTGA	0	2	[0.0, 0.0]
408	MoeSQLmosa	0	1	[20.725, 21.725, 21.725, 21.725, 21.725, 0.0, 1.0]
408	MoeSQLmosa	1	1	[0.0, 1.0, 1.0, 1.0, 1.0, 1.0, 1.0]
408	MoeSQLmosa	2	1	[14.100319517439084, 0.0, 1.0, 15.100319517439084, 15.100319517439084, 15.100319517439084, 15.100319517439084]
408	MoeSQLmosa	3	1	[9.846277332547825, 10.846277332547825, 10.846277332547825, 0.0, 1.0, 10.846277332547825, 10.846277332547825]
408	MoeSQLmosa	4	1	[1.7976931348623156E306, 1.7976931348623156E306, 1.7976931348623156E306, 1.7976931348623156E306, 0.0, 1.7976931348623156E306, 1.7976931348623156E306]
408	MoeSQLmosa	5	1	[1.7976931348623156E306, 1.7976931348623156E306, 0.0, 1.7976931348623156E306, 1.7976931348623156E306, 1.7976931348623156E306, 1.7976931348623156E306]
408	MoeSQLmosa	6	1	[1.7976931348623156E306, 1.7976931348623156E306, 1.7976931348623156E306, 1.7976931348623156E306, 1.7976931348623156E306, 1.7976931348623156E306, 0.0]
408	MOTGA	0	7	[0.0, 0.0, 0.0, 0.0, 0.0, 0.0, 0.0]
409	MoeSQLmosa	0	2	[0.0, 0.0]
409	MOTGA	0	2	[0.0, 0.0]
410	MoeSQLmosa	0	1	[0.0, 34.445638705096506]
410	MoeSQLmosa	1	1	[1.0, 0.0]
410	MOTGA	0	2	[0.0, 0.0]
411	MoeSQLmosa	0	1	[1.0, 0.0]
411	MoeSQLmosa	1	1	[0.0, 42.56984189258384]
411	MOTGA	0	2	[0.0, 0.0]
412	MoeSQLmosa	0	1	[1.0, 0.0]
412	MoeSQLmosa	1	1	[0.0, 23.009090909090908]
412	MOTGA	0	2	[0.0, 0.0]
413	MoeSQLmosa	0	2	[0.0, 0.0]
413	MOTGA	0	2	[0.0, 0.0]
414	MoeSQLmosa	0	1	[1.0, 0.0]
414	MoeSQLmosa	1	1	[0.0, 36.06666666666666]
414	MOTGA	0	2	[0.0, 0.0]
415	MoeSQLmosa	0	2	[0.0, 0.0, 1.0]
415	MoeSQLmosa	1	1	[1.7976931348623156E306, 1.7976931348623156E306, 0.0]
415	MOTGA	0	3	[0.0, 0.0, 0.0]
417	MoeSQLmosa	0	2	[0.0, 0.0]
417	MOTGA	0	2	[0.0, 0.0]
418	MoeSQLmosa	0	1	[0.0, 40.210173160173156]
418	MoeSQLmosa	1	1	[1.0, 0.0]
418	MOTGA	0	2	[0.0, 0.0]
420	MoeSQLmosa	0	1	[0.0, 1.0, 2.0, 136.0, 135.0, 134.0]
420	MoeSQLmosa	1	1	[245.0, 244.0, 243.0, 1.0, 0.0, 1.0]
420	MoeSQLmosa	2	1	[1.0, 0.0, 1.0, 35.0, 34.0, 33.0]
420	MoeSQLmosa	3	1	[0.0, 1.0, 2.0, 2.0, 1.0, 0.0]
420	MoeSQLmosa	4	1	[0.0, 1.0, 2.0, 0.0, 1.0, 2.0]
420	MoeSQLmosa	5	1	[2.0, 1.0, 0.0, 2.0, 1.0, 0.0]
420	MOTGA	0	4	[0.0, 0.0, 0.0, 0.0, 0.0, 0.0]
421	MoeSQLmosa	0	1	[18.896085926009203, 0.0, 1.0, 19.896085926009203, 19.896085926009203]
421	MoeSQLmosa	1	1	[1.7976931348623156E306, 1.7976931348623156E306, 0.0, 1.7976931348623156E306, 1.7976931348623156E306]
421	MoeSQLmosa	2	1	[18.453237259816206, 19.453237259816206, 19.453237259816206, 0.0, 1.0]
421	MoeSQLmosa	3	1	[0.0, 1.0, 1.0, 1.0, 1.0]
421	MoeSQLmosa	4	1	[1.7976931348623156E306, 1.7976931348623156E306, 1.7976931348623156E306, 1.7976931348623156E306, 0.0]
421	MOTGA	0	5	[0.0, 0.0, 0.0, 0.0, 0.0]
422	MoeSQLmosa	0	2	[0.0, 0.0, 1.0, 18.0, 19.0, 20.0]
422	MoeSQLmosa	1	1	[1.0, 2.0, 2.0, 1.0, 0.0, 1.0]
422	MoeSQLmosa	2	1	[1.7976931348623156E306, 1.7976931348623156E306, 0.0, 1.7976931348623156E306, 1.7976931348623156E306, 1.7976931348623156E306]
422	MoeSQLmosa	3	1	[0.0, 1.0, 1.0, 0.0, 1.0, 2.0]
422	MoeSQLmosa	4	1	[0.0, 1.0, 1.0, 2.0, 1.0, 0.0]
422	MOTGA	0	5	[0.0, 0.0, 0.0, 0.0, 0.0, 0.0]
423	MoeSQLmosa	0	2	[0.0, 1.0, 1.0, 42.0, 55.0, 0.0, 35.07610919567647]
423	MoeSQLmosa	1	1	[1.7976931348623156E306, 0.0, 1.7976931348623156E306, 1.7976931348623156E306, 5.393079404586947E306, 1.7976931348623156E306, 1.7976931348623156E306]
423	MoeSQLmosa	2	1	[74.0, 2.0, 2.0, 146.0, 100.0, 1.0, 0.0]
423	MoeSQLmosa	3	1	[1.7976931348623156E306, 1.7976931348623156E306, 0.0, 1.7976931348623156E306, 1.7976931348623156E306, 1.7976931348623156E306, 1.7976931348623156E306]
423	MoeSQLmosa	4	1	[21.0, 1.0, 22.0, 0.0, 58.0, 0.0, 19.527117513672135]
423	MoeSQLmosa	5	1	[12.0, 13.0, 1.0, 50.0, 0.0, 0.0, 23.708062533415273]
423	MOTGA	0	6	[0.0, 0.0, 0.0, 0.0, 0.0, 0.0, 0.0]
424	MoeSQLmosa	0	1	[0.0, 45.06115977046209]
424	MoeSQLmosa	1	1	[1.0, 0.0]
424	MOTGA	0	2	[0.0, 0.0]
425	MoeSQLmosa	0	2	[1.0, 0.0, 1.0, 0.0, 3.0]
425	MoeSQLmosa	1	1	[0.0, 1.0, 1.0, 43.13932273866484, 2.0]
425	MoeSQLmosa	2	1	[1.7976931348623156E306, 1.7976931348623156E306, 0.0, 1.7976931348623156E306, 3.0]
425	MoeSQLmosa	3	3	[0.0, 1.0, 1.0, 6.08974358974359, 0.0]
425	MOTGA	0	6	[0.0, 0.0, 0.0, 0.0, 0.0]
426	MoeSQLmosa	0	1	[0.0, 14.850000000000001, 1.0]
426	MoeSQLmosa	1	1	[1.0, 0.0, 1.0]
426	MoeSQLmosa	2	1	[1.7976931348623156E306, 1.7976931348623156E306, 0.0]
426	MOTGA	0	3	[0.0, 0.0, 0.0]
427	MoeSQLmosa	0	1	[17.887597288991273, 0.0, 1.0, 18.887597288991273, 18.887597288991273]
427	MoeSQLmosa	1	1	[17.887597288991273, 18.887597288991273, 18.887597288991273, 0.0, 1.0]
427	MoeSQLmosa	2	1	[0.0, 1.0, 1.0, 1.0, 1.0]
427	MoeSQLmosa	3	1	[1.7976931348623156E306, 1.7976931348623156E306, 0.0, 1.7976931348623156E306, 1.7976931348623156E306]
427	MoeSQLmosa	4	1	[1.7976931348623156E306, 1.7976931348623156E306, 1.7976931348623156E306, 1.7976931348623156E306, 0.0]
427	MOTGA	0	5	[0.0, 0.0, 0.0, 0.0, 0.0]
428	MoeSQLmosa	0	2	[0.0, 0.0]
428	MOTGA	0	2	[0.0, 0.0]
429	MoeSQLmosa	0	1	[0.0, 6.430588235294118]
429	MoeSQLmosa	1	1	[1.0, 0.0]
429	MOTGA	0	2	[0.0, 0.0]
431	MoeSQLmosa	0	1	[1.0, 0.0]
431	MoeSQLmosa	1	1	[0.0, 28.442182965524704]
431	MOTGA	0	2	[0.0, 0.0]
432	MoeSQLmosa	0	1	[0.0, 1.0, 1.0, 1.0, 1.0, 1.0, 0.0, 1.0, 26.0, 1.0, 1.0]
432	MoeSQLmosa	1	1	[29.00275109619313, 0.0, 1.0, 30.00275109619313, 30.00275109619313, 30.00275109619313, 29.00275109619313, 30.00275109619313, 50.00275109619313, 30.00275109619313, 30.00275109619313]
432	MoeSQLmosa	2	1	[12.460481692241677, 13.460481692241677, 13.460481692241677, 0.0, 1.0, 13.460481692241677, 12.460481692241677, 13.460481692241677, 18.46048169224168, 13.460481692241677, 13.460481692241677]
432	MoeSQLmosa	3	1	[1.7976931348623156E306, 1.7976931348623156E306, 1.7976931348623156E306, 1.7976931348623156E306, 1.7976931348623156E306, 1.7976931348623156E306, 1.7976931348623156E306, 1.7976931348623156E306, 0.0, 0.0, 1.0]
432	MoeSQLmosa	4	1	[1.7976931348623156E306, 1.7976931348623156E306, 0.0, 1.7976931348623156E306, 1.7976931348623156E306, 1.7976931348623156E306, 1.7976931348623156E306, 1.7976931348623156E306, 1.7976931348623156E306, 1.7976931348623156E306, 1.7976931348623156E306]
432	MoeSQLmosa	5	1	[1.7976931348623156E306, 1.7976931348623156E306, 1.7976931348623156E306, 1.7976931348623156E306, 1.7976931348623156E306, 1.7976931348623156E306, 1.7976931348623156E306, 1.7976931348623156E306, 1.7976931348623156E306, 1.0, 0.0]
432	MoeSQLmosa	6	1	[1.0, 2.0, 2.0, 2.0, 2.0, 0.0, 1.0, 2.0, 27.0, 2.0, 2.0]
432	MoeSQLmosa	7	1	[1.0, 2.0, 2.0, 2.0, 2.0, 2.0, 1.0, 0.0, 77.0, 2.0, 2.0]
432	MoeSQLmosa	8	1	[1.7976931348623156E306, 1.7976931348623156E306, 1.7976931348623156E306, 1.7976931348623156E306, 0.0, 1.7976931348623156E306, 1.7976931348623156E306, 1.7976931348623156E306, 1.7976931348623156E306, 1.7976931348623156E306, 1.7976931348623156E306]
432	MOTGA	0	9	[0.0, 0.0, 0.0, 0.0, 0.0, 0.0, 0.0, 0.0, 0.0, 0.0, 0.0]
433	MoeSQLmosa	0	1	[0.0, 7.280015886365759]
433	MoeSQLmosa	1	1	[1.0, 0.0]
433	MOTGA	0	2	[0.0, 0.0]
434	MoeSQLmosa	0	1	[11.792989245945021, 12.792989245945021, 12.792989245945021, 0.0, 1.0]
434	MoeSQLmosa	1	1	[28.235824409508623, 0.0, 1.0, 29.235824409508623, 29.235824409508623]
434	MoeSQLmosa	2	1	[0.0, 1.0, 1.0, 1.0, 1.0]
434	MoeSQLmosa	3	1	[1.7976931348623156E306, 1.7976931348623156E306, 0.0, 1.7976931348623156E306, 1.7976931348623156E306]
434	MoeSQLmosa	4	1	[1.7976931348623156E306, 1.7976931348623156E306, 1.7976931348623156E306, 1.7976931348623156E306, 0.0]
434	MOTGA	0	5	[0.0, 0.0, 0.0, 0.0, 0.0]
435	MoeSQLmosa	0	1	[0.0, 24.266666666666666]
435	MoeSQLmosa	1	1	[1.0, 0.0]
435	MOTGA	0	2	[0.0, 0.0]
436	MoeSQLmosa	0	1	[18.17540820896985, 19.17540820896985, 19.17540820896985, 0.0, 1.0]
436	MoeSQLmosa	1	1	[18.17540820896985, 0.0, 1.0, 19.17540820896985, 19.17540820896985]
436	MoeSQLmosa	2	1	[1.7976931348623156E306, 1.7976931348623156E306, 1.7976931348623156E306, 1.7976931348623156E306, 0.0]
436	MoeSQLmosa	3	2	[0.0, 1.0, 0.0, 1.0, 1.0]
436	MOTGA	0	5	[0.0, 0.0, 0.0, 0.0, 0.0]
437	MoeSQLmosa	0	1	[0.0, 37.3038961038961]
437	MoeSQLmosa	1	1	[1.0, 0.0]
437	MOTGA	0	2	[0.0, 0.0]
438	MoeSQLmosa	0	1	[0.0, 1.0, 1.0, 0.0, 1.0, 0.0, 1.0]
438	MoeSQLmosa	1	1	[15.13673469387755, 0.0, 16.13673469387755, 15.13673469387755, 16.13673469387755, 0.0, 1.0]
438	MoeSQLmosa	2	1	[5.0, 0.0, 6.0, 5.0, 6.0, 1.0, 0.0]
438	MoeSQLmosa	3	1	[1.0, 2.0, 2.0, 1.0, 0.0, 1.0, 2.0]
438	MoeSQLmosa	4	1	[1.0, 2.0, 0.0, 1.0, 2.0, 1.0, 2.0]
438	MOTGA	0	5	[0.0, 0.0, 0.0, 0.0, 0.0, 0.0, 0.0]
440	MoeSQLmosa	0	1	[0.0, 39.71676076535587, 1.0]
440	MoeSQLmosa	1	1	[1.0, 0.0, 1.0]
440	MoeSQLmosa	2	1	[1.7976931348623156E306, 1.7976931348623156E306, 0.0]
440	MOTGA	0	3	[0.0, 0.0, 0.0]
441	MoeSQLmosa	0	3	[0.0]
441	MOTGA	0	3	[0.0]
442	MoeSQLmosa	0	2	[0.0, 0.0]
442	MOTGA	0	2	[0.0, 0.0]
443	MoeSQLmosa	0	2	[0.0, 0.0, 1.0]
443	MoeSQLmosa	1	1	[1.7976931348623156E306, 1.7976931348623156E306, 0.0]
443	MOTGA	0	3	[0.0, 0.0, 0.0]
444	MoeSQLmosa	0	2	[44.525, 45.525, 0.0, 1.0, 2.0, 44.525, 45.525]
444	MoeSQLmosa	1	2	[77.61791536363147, 39.259358288770045, 78.61791536363147, 78.61791536363147, 38.35855707486142, 0.0, 1.0]
444	MoeSQLmosa	2	2	[1.7976931348623156E306, 1.7976931348623156E306, 1.7976931348623156E306, 1.7976931348623156E306, 33.7712215320911, 1.0, 0.0]
444	MoeSQLmosa	3	2	[0.0, 1.0, 1.0, 1.0, 2.0, 2.0, 1.0]
444	MoeSQLmosa	4	2	[1.7976931348623156E306, 1.7976931348623156E306, 1.7976931348623156E306, 37.521212121212116, 0.0, 1.7976931348623156E306, 1.7976931348623156E306]
444	MoeSQLmosa	5	2	[7.915476190476191, 0.0, 8.915476190476191, 8.915476190476191, 9.915476190476191, 2.0, 1.0]
444	MoeSQLmosa	6	2	[1.7976931348623156E306, 1.7976931348623156E306, 1.7976931348623156E306, 0.0, 2.0, 1.7976931348623156E306, 1.7976931348623156E306]
444	MOTGA	0	4	[0.0, 1.0, 0.0, 0.0, 2.0, 2.0, 1.7976931348623156E306]
444	MOTGA	1	4	[7.915476190476191, 0.0, 8.915476190476191, 8.915476190476191, 0.0, 2.0, 0.0]
445	MoeSQLmosa	0	2	[9.734300099460711, 0.0, 1.0, 0.0, 1.0]
445	MoeSQLmosa	1	1	[0.0, 1.0, 1.0, 1.0, 1.0]
445	MoeSQLmosa	2	1	[1.7976931348623156E306, 1.7976931348623156E306, 0.0, 1.7976931348623156E306, 1.7976931348623156E306]
445	MoeSQLmosa	3	1	[1.7976931348623156E306, 1.7976931348623156E306, 1.7976931348623156E306, 1.7976931348623156E306, 0.0]
445	MOTGA	0	5	[0.0, 0.0, 0.0, 0.0, 0.0]
446	MoeSQLmosa	0	1	[0.0, 23.107129094585776]
446	MoeSQLmosa	1	1	[1.0, 0.0]
446	MOTGA	0	2	[0.0, 0.0]
447	MoeSQLmosa	0	2	[0.0, 0.0]
447	MOTGA	0	2	[0.0, 0.0]
448	MoeSQLmosa	0	1	[13.25, 14.25, 14.25, 0.0, 1.0, 14.25, 14.25, 39.71829501915709]
448	MoeSQLmosa	1	1	[19.503685578889755, 0.0, 1.0, 20.503685578889755, 20.503685578889755, 20.503685578889755, 20.503685578889755, 28.575683746843804]
448	MoeSQLmosa	2	1	[8.752654176424668, 9.752654176424668, 9.752654176424668, 9.752654176424668, 9.752654176424668, 0.0, 1.0, 44.49105795101264]
448	MoeSQLmosa	3	1	[0.0, 1.0, 1.0, 1.0, 1.0, 1.0, 1.0, 35.57892809409249]
448	MoeSQLmosa	4	1	[1.0, 2.0, 2.0, 2.0, 2.0, 2.0, 2.0, 0.0]
448	MoeSQLmosa	5	1	[1.7976931348623156E306, 1.7976931348623156E306, 1.7976931348623156E306, 1.7976931348623156E306, 1.7976931348623156E306, 1.7976931348623156E306, 0.0, 1.7976931348623156E306]
448	MoeSQLmosa	6	1	[1.7976931348623156E306, 1.7976931348623156E306, 0.0, 1.7976931348623156E306, 1.7976931348623156E306, 1.7976931348623156E306, 1.7976931348623156E306, 1.7976931348623156E306]
448	MoeSQLmosa	7	1	[1.7976931348623156E306, 1.7976931348623156E306, 1.7976931348623156E306, 1.7976931348623156E306, 0.0, 1.7976931348623156E306, 1.7976931348623156E306, 1.7976931348623156E306]
448	MOTGA	0	8	[0.0, 0.0, 0.0, 0.0, 0.0, 0.0, 0.0, 0.0]
449	MoeSQLmosa	0	2	[0.0, 0.0]
449	MOTGA	0	2	[0.0, 0.0]
450	MoeSQLmosa	0	3	[0.0]
450	MOTGA	0	3	[0.0]
451	MoeSQLmosa	0	1	[1.0, 0.0]
451	MoeSQLmosa	1	1	[0.0, 20.40399967198843]
451	MOTGA	0	2	[0.0, 0.0]
452	MoeSQLmosa	0	1	[19.1910795929217, 20.1910795929217, 20.1910795929217, 20.1910795929217, 20.1910795929217, 0.0, 1.0, 55.74107959292169]
452	MoeSQLmosa	1	1	[11.673076923076923, 12.673076923076923, 12.673076923076923, 0.0, 1.0, 12.673076923076923, 12.673076923076923, 46.37420126170126]
452	MoeSQLmosa	2	1	[34.902251602879254, 0.0, 1.0, 35.902251602879254, 35.902251602879254, 35.902251602879254, 35.902251602879254, 43.22446964610019]
452	MoeSQLmosa	3	1	[0.0, 1.0, 1.0, 1.0, 1.0, 1.0, 1.0, 11.754191480562447]
452	MoeSQLmosa	4	1	[1.0, 2.0, 2.0, 2.0, 2.0, 2.0, 2.0, 0.0]
452	MoeSQLmosa	5	1	[1.7976931348623156E306, 1.7976931348623156E306, 1.7976931348623156E306, 1.7976931348623156E306, 1.7976931348623156E306, 1.7976931348623156E306, 0.0, 1.7976931348623156E306]
452	MoeSQLmosa	6	1	[1.7976931348623156E306, 1.7976931348623156E306, 1.7976931348623156E306, 1.7976931348623156E306, 0.0, 1.7976931348623156E306, 1.7976931348623156E306, 1.7976931348623156E306]
452	MoeSQLmosa	7	1	[1.7976931348623156E306, 1.7976931348623156E306, 0.0, 1.7976931348623156E306, 1.7976931348623156E306, 1.7976931348623156E306, 1.7976931348623156E306, 1.7976931348623156E306]
452	MOTGA	0	8	[0.0, 0.0, 0.0, 0.0, 0.0, 0.0, 0.0, 0.0]
453	MoeSQLmosa	0	2	[1.0, 0.0, 1.0, 1.0, 0.0, 1.0]
453	MoeSQLmosa	1	1	[0.0, 1.0, 1.0, 581.0, 580.0, 579.0]
453	MoeSQLmosa	2	1	[0.0, 1.0, 1.0, 2.0, 1.0, 0.0]
453	MoeSQLmosa	3	1	[2.0, 3.0, 3.0, 0.0, 1.0, 2.0]
453	MoeSQLmosa	4	1	[1.7976931348623156E306, 1.7976931348623156E306, 0.0, 1.7976931348623156E306, 1.7976931348623156E306, 1.7976931348623156E306]
453	MOTGA	0	5	[0.0, 0.0, 0.0, 0.0, 0.0, 0.0]
454	MoeSQLmosa	0	2	[0.0, 0.0]
454	MOTGA	0	2	[0.0, 0.0]
455	MoeSQLmosa	0	2	[0.0, 1.0, 0.0, 1.0, 2.0]
455	MoeSQLmosa	1	1	[1.0, 0.0, 1.0, 0.0, 1.0]
455	MoeSQLmosa	2	1	[6.9974729857333555, 5.9974729857333555, 6.9974729857333555, 5.9974729857333555, 0.0]
455	MOTGA	0	4	[0.0, 0.0, 0.0, 0.0, 0.0]
457	MoeSQLmosa	0	1	[0.0, 4.612389441680487]
457	MoeSQLmosa	1	1	[1.0, 0.0]
457	MOTGA	0	2	[0.0, 0.0]
458	MoeSQLmosa	0	3	[0.0]
458	MOTGA	0	3	[0.0]
459	MoeSQLmosa	0	2	[0.0, 0.0, 1.0]
459	MoeSQLmosa	1	1	[1.7976931348623156E306, 1.7976931348623156E306, 0.0]
459	MOTGA	0	3	[0.0, 0.0, 0.0]
460	MoeSQLmosa	0	1	[31.86613247863248, 0.0, 1.0, 434.8661324786325, 433.8661324786325, 432.8661324786325]
460	MoeSQLmosa	1	1	[0.0, 1.0, 1.0, 672.0, 671.0, 670.0]
460	MoeSQLmosa	2	1	[1.0, 2.0, 2.0, 1.0, 0.0, 1.0]
460	MoeSQLmosa	3	1	[2.0, 3.0, 3.0, 0.0, 1.0, 2.0]
460	MoeSQLmosa	4	1	[1.7976931348623156E306, 1.7976931348623156E306, 0.0, 1.7976931348623156E306, 1.7976931348623156E306, 1.7976931348623156E306]
460	MoeSQLmosa	5	1	[0.0, 1.0, 1.0, 2.0, 1.0, 0.0]
460	MOTGA	0	5	[0.0, 0.0, 0.0, 0.0, 0.0, 0.0]
461	MoeSQLmosa	0	1	[0.0, 34.42820512820513, 1.0]
461	MoeSQLmosa	1	1	[1.0, 0.0, 1.0]
461	MoeSQLmosa	2	1	[1.7976931348623156E306, 1.7976931348623156E306, 0.0]
461	MOTGA	0	3	[0.0, 0.0, 0.0]
462	MoeSQLmosa	0	2	[0.0, 0.0]
462	MOTGA	0	2	[0.0, 0.0]
463	MoeSQLmosa	0	1	[0.0, 20.85099759111856]
463	MoeSQLmosa	1	1	[1.0, 0.0]
463	MOTGA	0	2	[0.0, 0.0]
464	MoeSQLmosa	0	1	[46.409368409368405, 45.409368409368405, 46.409368409368405, 45.409368409368405, 46.409368409368405, 0.0, 1.0]
464	MoeSQLmosa	1	1	[35.67575757575758, 34.67575757575758, 35.67575757575758, 34.67575757575758, 0.0, 35.67575757575758, 35.67575757575758]
464	MoeSQLmosa	2	1	[1.0, 0.0, 1.0, 0.0, 1.0, 1.0, 1.0]
464	MoeSQLmosa	3	1	[1.7976931348623156E306, 1.7976931348623156E306, 1.7976931348623156E306, 1.7976931348623156E306, 1.7976931348623156E306, 1.7976931348623156E306, 0.0]
464	MoeSQLmosa	4	1	[0.0, 1.0, 2.0, 1.0, 2.0, 2.0, 2.0]
464	MoeSQLmosa	5	1	[2.0, 1.0, 0.0, 1.0, 2.0, 2.0, 2.0]
464	MOTGA	0	6	[0.0, 0.0, 0.0, 0.0, 0.0, 0.0, 0.0]
465	MoeSQLmosa	0	2	[0.0, 0.0]
465	MOTGA	0	2	[0.0, 0.0]
466	MoeSQLmosa	0	1	[1.0, 0.0, 1.0]
466	MoeSQLmosa	1	1	[2.0, 1.0, 0.0]
466	MoeSQLmosa	2	1	[0.0, 1.0, 2.0]
466	MOTGA	0	3	[0.0, 0.0, 0.0]
467	MoeSQLmosa	0	1	[7.883908454621528, 8.883908454621528, 8.883908454621528, 8.883908454621528, 8.883908454621528, 0.0, 1.0]
467	MoeSQLmosa	1	1	[36.01984126984127, 37.01984126984127, 37.01984126984127, 0.0, 1.0, 37.01984126984127, 37.01984126984127]
467	MoeSQLmosa	2	1	[36.169999999999995, 0.0, 1.0, 37.169999999999995, 37.169999999999995, 37.169999999999995, 37.169999999999995]
467	MoeSQLmosa	3	1	[0.0, 1.0, 1.0, 1.0, 1.0, 1.0, 1.0]
467	MoeSQLmosa	4	1	[1.7976931348623156E306, 1.7976931348623156E306, 1.7976931348623156E306, 1.7976931348623156E306, 1.7976931348623156E306, 1.7976931348623156E306, 0.0]
467	MoeSQLmosa	5	1	[1.7976931348623156E306, 1.7976931348623156E306, 0.0, 1.7976931348623156E306, 1.7976931348623156E306, 1.7976931348623156E306, 1.7976931348623156E306]
467	MoeSQLmosa	6	1	[1.7976931348623156E306, 1.7976931348623156E306, 1.7976931348623156E306, 1.7976931348623156E306, 0.0, 1.7976931348623156E306, 1.7976931348623156E306]
467	MOTGA	0	7	[0.0, 0.0, 0.0, 0.0, 0.0, 0.0, 0.0]
468	MoeSQLmosa	0	1	[0.0, 40.41111111111111]
468	MoeSQLmosa	1	1	[1.0, 0.0]
468	MOTGA	0	2	[0.0, 0.0]
470	MoeSQLmosa	0	4	[1.0, 0.0, 1.0, 0.0, 2.0, 2.0]
470	MoeSQLmosa	1	2	[0.0, 23.177954316924907, 1.0, 2.0, 23.177954316924907, 24.177954316924907]
470	MoeSQLmosa	2	2	[1.7976931348623156E306, 1.7976931348623156E306, 1.7976931348623156E306, 0.0, 1.0, 0.0]
470	MoeSQLmosa	3	2	[1.7976931348623156E306, 1.7976931348623156E306, 0.0, 2.0, 1.7976931348623156E306, 1.7976931348623156E306]
470	MOTGA	0	5	[0.0, 0.0, 0.0, 0.0, 2.0, 1.7976931348623156E306]
471	MoeSQLmosa	0	2	[0.0, 0.0]
471	MOTGA	0	2	[0.0, 0.0]
472	MoeSQLmosa	0	1	[0.0, 38.875757575757575]
472	MoeSQLmosa	1	1	[1.0, 0.0]
472	MOTGA	0	2	[0.0, 0.0]
473	MoeSQLmosa	0	1	[26.32535331413947, 0.0, 1.0, 27.32535331413947, 27.32535331413947]
473	MoeSQLmosa	1	1	[40.70579026998936, 41.70579026998936, 41.70579026998936, 0.0, 1.0]
473	MoeSQLmosa	2	1	[1.7976931348623156E306, 1.7976931348623156E306, 0.0, 1.7976931348623156E306, 1.7976931348623156E306]
473	MoeSQLmosa	3	1	[1.7976931348623156E306, 1.7976931348623156E306, 1.7976931348623156E306, 1.7976931348623156E306, 0.0]
473	MoeSQLmosa	4	1	[0.0, 1.0, 1.0, 1.0, 1.0]
473	MOTGA	0	5	[0.0, 0.0, 0.0, 0.0, 0.0]
474	MoeSQLmosa	0	2	[0.0, 0.0]
474	MOTGA	0	2	[0.0, 0.0]
475	MoeSQLmosa	0	2	[0.0, 0.0]
475	MOTGA	0	2	[0.0, 0.0]
476	MoeSQLmosa	0	2	[0.0, 0.0, 1.0, 1.0, 1.0]
476	MoeSQLmosa	1	1	[19.686507936507937, 20.686507936507937, 20.686507936507937, 0.0, 1.0]
476	MoeSQLmosa	2	1	[1.7976931348623156E306, 1.7976931348623156E306, 1.7976931348623156E306, 1.7976931348623156E306, 0.0]
476	MoeSQLmosa	3	1	[1.7976931348623156E306, 1.7976931348623156E306, 0.0, 1.7976931348623156E306, 1.7976931348623156E306]
476	MOTGA	0	5	[0.0, 0.0, 0.0, 0.0, 0.0]
477	MoeSQLmosa	0	1	[1.0, 0.0]
477	MoeSQLmosa	1	1	[0.0, 24.16791640841198]
477	MOTGA	0	2	[0.0, 0.0]
478	MoeSQLmosa	0	2	[0.0, 0.0, 1.0]
478	MoeSQLmosa	1	1	[1.7976931348623156E306, 1.7976931348623156E306, 0.0]
478	MOTGA	0	3	[0.0, 0.0, 0.0]
479	MoeSQLmosa	0	2	[0.0, 15.0, 0.0, 1.0]
479	MoeSQLmosa	1	1	[1.0, 0.0, 2.0, 2.0]
479	MoeSQLmosa	2	1	[1.7976931348623156E306, 1.7976931348623156E306, 1.7976931348623156E306, 0.0]
479	MOTGA	0	4	[0.0, 0.0, 0.0, 0.0]
480	MoeSQLmosa	0	3	[610.0, 1455.0, 611.0, 1217.0, 849.0, 2.0, 848.0, 3.0, 610.0, 3.0, 609.0, 1455.0, 610.0, 610.0, 609.0, 610.0, 670.0, 2.0, 1.0, 0.0, 2.0, 16.141666666666666, 3.0, 1.0, 2.0, 1.7976931348623156E306, 1.7976931348623156E306, 1.0, 2.0, 0.0, 1.7976931348623156E306, 1.7976931348623156E306, 1.7976931348623156E306, 1.7976931348623156E306, 1.7976931348623156E306, 1.7976931348623156E306, 1.7976931348623156E306, 1.7976931348623156E306, 1.7976931348623156E306, 1.7976931348623156E306, 1.7976931348623156E306, 1.7976931348623156E306]
480	MoeSQLmosa	1	4	[0.0, 173.0, 1.0, 607.0, 1.0, 173.0, 0.0, 1.0, 0.0, 1.0, 195.0, 22.0, 792.0, 196.0, 195.0, 196.0, 173.0, 174.0, 173.0, 174.0, 174.0, 206.63333333333333, 175.0, 173.0, 174.0, 1.7976931348623156E306, 1.7976931348623156E306, 173.0, 174.0, 173.0, 1.7976931348623156E306, 1.7976931348623156E306, 1.7976931348623156E306, 1.7976931348623156E306, 1.7976931348623156E306, 1.7976931348623156E306, 1.7976931348623156E306, 1.7976931348623156E306, 1.7976931348623156E306, 1.7976931348623156E306, 1.7976931348623156E306, 1.7976931348623156E306]
480	MoeSQLmosa	2	3	[1.7976931348623156E306, 3.595386269724631E306, 3.595386269724631E306, 1.7976931348623156E306, 368.0, 1.7976931348623156E306, 3.595386269724631E306, 3.595386269724631E306, 1.7976931348623156E306, 0.0, 1.7976931348623156E306, 1.7976931348623156E306, 1.7976931348623156E306, 1.7976931348623156E306, 1.7976931348623156E306, 1.7976931348623156E306, 1.7976931348623156E306, 1.7976931348623156E306, 1.7976931348623156E306, 1.7976931348623156E306, 1.7976931348623156E306, 1.7976931348623156E306, 1.7976931348623156E306, 1.7976931348623156E306, 1.7976931348623156E306, 3.595386269724631E306, 3.595386269724631E306, 1.7976931348623156E306, 1.7976931348623156E306, 1.7976931348623156E306, 3.595386269724631E306, 3.595386269724631E306, 3.595386269724631E306, 3.595386269724631E306, 3.595386269724631E306, 3.595386269724631E306, 3.595386269724631E306, 3.595386269724631E306, 3.595386269724631E306, 3.595386269724631E306, 3.595386269724631E306, 3.595386269724631E306]
480	MoeSQLmosa	3	3	[0.0, 998.0, 2.0, 902.0, 1.0, 1900.0, 902.0, 904.0, 998.0, 999.0, 998.0, 0.0, 1.0, 999.0, 998.0, 999.0, 1990.0, 903.0, 902.0, 903.0, 904.0, 903.0, 904.0, 903.0, 904.0, 1.7976931348623156E306, 1.7976931348623156E306, 903.0, 902.0, 902.0, 1.7976931348623156E306, 1.7976931348623156E306, 1.7976931348623156E306, 1.7976931348623156E306, 1.7976931348623156E306, 1.7976931348623156E306, 1.7976931348623156E306, 1.7976931348623156E306, 1.7976931348623156E306, 1.7976931348623156E306, 1.7976931348623156E306, 1.7976931348623156E306]
480	MoeSQLmosa	4	3	[0.0, 188.0, 1.0, 372.0, 190.0, 372.0, 561.0, 373.0, 0.0, 1.0, 26.0, 215.0, 27.0, 27.0, 26.0, 27.0, 0.0, 27.0, 26.0, 27.0, 27.0, 57.79305835010061, 28.0, 26.0, 27.0, 1.7976931348623156E306, 1.7976931348623156E306, 0.0, 1.0, 26.0, 1.7976931348623156E306, 1.7976931348623156E306, 1.7976931348623156E306, 1.7976931348623156E306, 1.7976931348623156E306, 1.7976931348623156E306, 1.7976931348623156E306, 1.7976931348623156E306, 1.7976931348623156E306, 1.7976931348623156E306, 1.7976931348623156E306, 1.7976931348623156E306]
480	MoeSQLmosa	5	3	[263.0, 525.0, 1026.0, 1287.0, 264.0, 0.0, 263.0, 1.0, 1025.0, 1.0, 1199.0, 1462.0, 1962.0, 1200.0, 1199.0, 1198.0, 1164.0, 1.0, 0.0, 1.0, 2.0, 1.0, 2.0, 1.0, 2.0, 1.7976931348623156E306, 1.7976931348623156E306, 0.0, 1.0, 0.0, 1.7976931348623156E306, 1.7976931348623156E306, 1.7976931348623156E306, 1.7976931348623156E306, 1.7976931348623156E306, 1.7976931348623156E306, 1.7976931348623156E306, 1.7976931348623156E306, 1.7976931348623156E306, 1.7976931348623156E306, 0.0, 1.7976931348623156E306]
480	MoeSQLmosa	6	3	[330.75454545454545, 647.7545454545455, 523.7545454545455, 839.7545454545455, 331.75454545454545, 12.754545454545456, 330.75454545454545, 13.754545454545456, 522.7545454545455, 13.754545454545456, 745.7545454545455, 1063.7545454545455, 938.7545454545455, 744.7545454545455, 745.7545454545455, 746.7545454545455, 784.7545454545455, 13.754545454545456, 12.754545454545456, 13.754545454545456, 0.0, 43.24999999999999, 1.0, 12.754545454545456, 1.0, 1.7976931348623156E306, 1.7976931348623156E306, 12.754545454545456, 13.754545454545456, 12.754545454545456, 1.7976931348623156E306, 1.7976931348623156E306, 1.7976931348623156E306, 1.7976931348623156E306, 1.7976931348623156E306, 1.7976931348623156E306, 1.7976931348623156E306, 1.7976931348623156E306, 1.7976931348623156E306, 1.7976931348623156E306, 1.7976931348623156E306, 1.7976931348623156E306]
480	MoeSQLmosa	7	3	[61.0, 121.0, 1022.0, 1081.0, 62.0, 0.0, 61.0, 1.0, 1021.0, 1.0, 91.0, 152.0, 1052.0, 92.0, 91.0, 92.0, 61.0, 1.0, 0.0, 1.0, 1.0, 0.0, 1.0, 43.77284109988536, 2.0, 1.7976931348623156E306, 1.7976931348623156E306, 0.0, 1.0, 0.0, 1.7976931348623156E306, 1.7976931348623156E306, 1.7976931348623156E306, 1.7976931348623156E306, 1.7976931348623156E306, 1.7976931348623156E306, 1.7976931348623156E306, 1.7976931348623156E306, 1.7976931348623156E306, 1.7976931348623156E306, 1.7976931348623156E306, 1.7976931348623156E306]
480	MoeSQLmosa	8	3	[1.7976931348623156E306, 3.595386269724631E306, 3.595386269724631E306, 1.7976931348623156E306, 197.0, 1.7976931348623156E306, 3.595386269724631E306, 3.595386269724631E306, 1.7976931348623156E306, 1.0, 1.7976931348623156E306, 1.7976931348623156E306, 1.7976931348623156E306, 1.7976931348623156E306, 1.7976931348623156E306, 1.7976931348623156E306, 1.7976931348623156E306, 1.0, 0.0, 1.0, 1.0, 32.5078431372549, 2.0, 0.0, 1.0, 1.7976931348623156E306, 1.7976931348623156E306, 0.0, 1.0, 0.0, 1.7976931348623156E306, 1.7976931348623156E306, 1.7976931348623156E306, 1.7976931348623156E306, 1.7976931348623156E306, 1.7976931348623156E306, 1.7976931348623156E306, 1.7976931348623156E306, 1.7976931348623156E306, 1.7976931348623156E306, 1.7976931348623156E306, 1.7976931348623156E306]
480	MoeSQLmosa	9	3	[463.0, 925.0, 1042.0, 1503.0, 464.0, 0.0, 463.0, 1.0, 1041.0, 1.0, 1399.0, 1862.0, 1978.0, 1400.0, 1399.0, 1398.0, 2391.0, 1.0, 0.0, 1.0, 1.0, 34.9, 2.0, 0.0, 1.0, 1.7976931348623156E306, 1.7976931348623156E306, 1.0, 0.0, 0.0, 1.7976931348623156E306, 1.7976931348623156E306, 1.7976931348623156E306, 1.7976931348623156E306, 1.7976931348623156E306, 1.7976931348623156E306, 1.7976931348623156E306, 1.7976931348623156E306, 1.7976931348623156E306, 1.7976931348623156E306, 0.0, 1.7976931348623156E306]
480	MoeSQLmosa	10	3	[1.0, 160.0, 2.0, 775.0, 162.0, 775.0, 935.0, 776.0, 1.0, 2.0, 0.0, 160.0, 1.0, 1.0, 0.0, 1.0, 50.0, 1.0, 0.0, 1.0, 1.0, 13.754545454545456, 2.0, 0.0, 1.0, 1.7976931348623156E306, 1.7976931348623156E306, 0.0, 1.0, 0.0, 1.7976931348623156E306, 1.7976931348623156E306, 1.7976931348623156E306, 1.7976931348623156E306, 1.7976931348623156E306, 1.7976931348623156E306, 1.7976931348623156E306, 1.7976931348623156E306, 1.7976931348623156E306, 1.7976931348623156E306, 1.7976931348623156E306, 1.7976931348623156E306]
480	MoeSQLmosa	11	3	[1.7976931348623156E306, 1.7976931348623156E306, 1.7976931348623156E306, 1.7976931348623156E306, 1.7976931348623156E306, 1.7976931348623156E306, 1.7976931348623156E306, 1.7976931348623156E306, 1.7976931348623156E306, 1.7976931348623156E306, 1.7976931348623156E306, 1.7976931348623156E306, 1.7976931348623156E306, 1.7976931348623156E306, 1.7976931348623156E306, 1.7976931348623156E306, 1.7976931348623156E306, 1.7976931348623156E306, 1.7976931348623156E306, 1.7976931348623156E306, 1.7976931348623156E306, 1.7976931348623156E306, 0.0, 1.7976931348623156E306, 1.7976931348623156E306, 3.595386269724631E306, 3.595386269724631E306, 1.7976931348623156E306, 1.7976931348623156E306, 1.7976931348623156E306, 3.595386269724631E306, 3.595386269724631E306, 3.595386269724631E306, 3.595386269724631E306, 3.595386269724631E306, 3.595386269724631E306, 3.595386269724631E306, 3.595386269724631E306, 3.595386269724631E306, 3.595386269724631E306, 3.595386269724631E306, 3.595386269724631E306]
480	MoeSQLmosa	12	3	[1.7976931348623156E306, 1.7976931348623156E306, 3.595386269724631E306, 1.7976931348623156E306, 0.0, 3.595386269724631E306, 1.7976931348623156E306, 3.595386269724631E306, 3.595386269724631E306, 598.0, 1.7976931348623156E306, 1.7976931348623156E306, 1.7976931348623156E306, 1.7976931348623156E306, 1.7976931348623156E306, 1.7976931348623156E306, 1.7976931348623156E306, 1.7976931348623156E306, 1.7976931348623156E306, 1.7976931348623156E306, 1.7976931348623156E306, 1.7976931348623156E306, 1.7976931348623156E306, 1.7976931348623156E306, 1.7976931348623156E306, 3.595386269724631E306, 3.595386269724631E306, 1.7976931348623156E306, 1.7976931348623156E306, 1.7976931348623156E306, 3.595386269724631E306, 3.595386269724631E306, 3.595386269724631E306, 3.595386269724631E306, 3.595386269724631E306, 3.595386269724631E306, 3.595386269724631E306, 3.595386269724631E306, 3.595386269724631E306, 3.595386269724631E306, 3.595386269724631E306, 3.595386269724631E306]
480	MoeSQLmosa	13	3	[746.0, 1490.0, 768.0, 1511.0, 747.0, 1.0, 746.0, 2.0, 767.0, 2.0, 745.0, 1490.0, 767.0, 746.0, 745.0, 746.0, 798.0, 1.0, 0.0, 1.0, 1.0, 13.754545454545456, 2.0, 0.0, 1.0, 1.7976931348623156E306, 1.7976931348623156E306, 0.0, 1.0, 0.0, 1.7976931348623156E306, 0.0, 1.7976931348623156E306, 1.7976931348623156E306, 1.7976931348623156E306, 1.7976931348623156E306, 1.7976931348623156E306, 1.7976931348623156E306, 1.7976931348623156E306, 1.7976931348623156E306, 1.7976931348623156E306, 1.7976931348623156E306]
480	MoeSQLmosa	14	3	[463.0, 925.0, 1042.0, 1503.0, 464.0, 0.0, 463.0, 1.0, 1041.0, 1.0, 1399.0, 1862.0, 1978.0, 1400.0, 1399.0, 1398.0, 2391.0, 1.0, 0.0, 1.0, 1.0, 34.9, 2.0, 0.0, 1.0, 1.7976931348623156E306, 1.7976931348623156E306, 1.0, 0.0, 0.0, 1.7976931348623156E306, 1.7976931348623156E306, 1.7976931348623156E306, 1.7976931348623156E306, 1.7976931348623156E306, 1.7976931348623156E306, 1.7976931348623156E306, 1.7976931348623156E306, 1.7976931348623156E306, 1.7976931348623156E306, 1.7976931348623156E306, 0.0]
480	MoeSQLmosa	15	3	[202.0, 403.0, 246.0, 446.0, 203.0, 0.0, 202.0, 1.0, 245.0, 1.0, 219.0, 421.0, 263.0, 220.0, 219.0, 220.0, 202.0, 1.0, 0.0, 1.0, 1.7976931348623156E306, 1.7976931348623156E306, 1.0, 1.7976931348623156E306, 1.7976931348623156E306, 3.595386269724631E306, 3.595386269724631E306, 0.0, 1.0, 0.0, 1.7976931348623156E306, 1.7976931348623156E306, 0.0, 1.7976931348623156E306, 1.7976931348623156E306, 1.7976931348623156E306, 1.7976931348623156E306, 1.7976931348623156E306, 1.7976931348623156E306, 1.7976931348623156E306, 0.0, 1.7976931348623156E306]
480	MoeSQLmosa	16	3	[1.7976931348623156E306, 1.7976931348623156E306, 0.0, 1.7976931348623156E306, 3.595386269724631E306, 3.595386269724631E306, 3.595386269724631E306, 631.0, 1.7976931348623156E306, 3.595386269724631E306, 3.595386269724631E306, 3.595386269724631E306, 51.0, 3.595386269724631E306, 3.595386269724631E306, 3.595386269724631E306, 1.7976931348623156E306, 1.7976931348623156E306, 1.7976931348623156E306, 1.7976931348623156E306, 1.7976931348623156E306, 1.7976931348623156E306, 1.7976931348623156E306, 1.7976931348623156E306, 1.7976931348623156E306, 3.595386269724631E306, 3.595386269724631E306, 1.7976931348623156E306, 1.7976931348623156E306, 1.7976931348623156E306, 3.595386269724631E306, 3.595386269724631E306, 3.595386269724631E306, 3.595386269724631E306, 3.595386269724631E306, 3.595386269724631E306, 3.595386269724631E306, 3.595386269724631E306, 3.595386269724631E306, 3.595386269724631E306, 3.595386269724631E306, 3.595386269724631E306]
480	MoeSQLmosa	17	3	[1.7976931348623156E306, 1.7976931348623156E306, 1.0, 3.595386269724631E306, 5.393079404586947E306, 5.393079404586947E306, 5.393079404586947E306, 775.0, 1.7976931348623156E306, 5.393079404586947E306, 1.7976931348623156E306, 1.7976931348623156E306, 0.0, 3.595386269724631E306, 1.7976931348623156E306, 3.595386269724631E306, 3.595386269724631E306, 1.7976931348623156E306, 1.7976931348623156E306, 1.7976931348623156E306, 1.7976931348623156E306, 1.7976931348623156E306, 1.7976931348623156E306, 1.7976931348623156E306, 1.7976931348623156E306, 3.595386269724631E306, 3.595386269724631E306, 1.7976931348623156E306, 1.7976931348623156E306, 1.7976931348623156E306, 3.595386269724631E306, 3.595386269724631E306, 3.595386269724631E306, 3.595386269724631E306, 3.595386269724631E306, 3.595386269724631E306, 3.595386269724631E306, 3.595386269724631E306, 3.595386269724631E306, 3.595386269724631E306, 1.7976931348623156E306, 3.595386269724631E306]
480	MoeSQLmosa	18	3	[1.7976931348623156E306, 1.7976931348623156E306, 1.7976931348623156E306, 1.7976931348623156E306, 1.7976931348623156E306, 1.7976931348623156E306, 1.7976931348623156E306, 1.7976931348623156E306, 1.7976931348623156E306, 1.7976931348623156E306, 1.7976931348623156E306, 1.7976931348623156E306, 1.7976931348623156E306, 1.7976931348623156E306, 1.7976931348623156E306, 1.7976931348623156E306, 1.7976931348623156E306, 1.7976931348623156E306, 1.7976931348623156E306, 1.7976931348623156E306, 1.7976931348623156E306, 1.7976931348623156E306, 1.7976931348623156E306, 1.7976931348623156E306, 0.0, 3.595386269724631E306, 3.595386269724631E306, 1.7976931348623156E306, 1.7976931348623156E306, 1.7976931348623156E306, 3.595386269724631E306, 3.595386269724631E306, 3.595386269724631E306, 3.595386269724631E306, 3.595386269724631E306, 3.595386269724631E306, 3.595386269724631E306, 3.595386269724631E306, 3.595386269724631E306, 3.595386269724631E306, 3.595386269724631E306, 3.595386269724631E306]
480	MoeSQLmosa	19	3	[1.7976931348623156E306, 1.7976931348623156E306, 998.0, 3.595386269724631E306, 3.595386269724631E306, 1.7976931348623156E306, 1.7976931348623156E306, 0.0, 3.595386269724631E306, 3.595386269724631E306, 3.595386269724631E306, 3.595386269724631E306, 1021.0, 3.595386269724631E306, 3.595386269724631E306, 3.595386269724631E306, 3.595386269724631E306, 1.7976931348623156E306, 1.7976931348623156E306, 1.7976931348623156E306, 1.7976931348623156E306, 1.7976931348623156E306, 1.7976931348623156E306, 1.7976931348623156E306, 1.7976931348623156E306, 3.595386269724631E306, 3.595386269724631E306, 1.7976931348623156E306, 1.7976931348623156E306, 1.7976931348623156E306, 3.595386269724631E306, 3.595386269724631E306, 3.595386269724631E306, 3.595386269724631E306, 3.595386269724631E306, 3.595386269724631E306, 3.595386269724631E306, 3.595386269724631E306, 3.595386269724631E306, 3.595386269724631E306, 3.595386269724631E306, 3.595386269724631E306]
480	MoeSQLmosa	20	3	[0.0, 159.0, 1.0, 774.0, 161.0, 774.0, 934.0, 775.0, 0.0, 1.0, 1.0, 161.0, 2.0, 0.0, 1.0, 2.0, 51.0, 2.0, 1.0, 2.0, 2.0, 14.754545454545456, 3.0, 1.0, 2.0, 1.7976931348623156E306, 1.7976931348623156E306, 1.0, 2.0, 1.0, 1.7976931348623156E306, 1.7976931348623156E306, 1.7976931348623156E306, 1.7976931348623156E306, 1.7976931348623156E306, 1.7976931348623156E306, 1.7976931348623156E306, 1.7976931348623156E306, 1.7976931348623156E306, 1.7976931348623156E306, 1.7976931348623156E306, 1.7976931348623156E306]
480	MoeSQLmosa	21	3	[0.0, 158.0, 1.0, 774.0, 160.0, 774.0, 933.0, 775.0, 0.0, 1.0, 1.0, 160.0, 2.0, 2.0, 1.0, 0.0, 51.0, 2.0, 1.0, 2.0, 2.0, 14.754545454545456, 3.0, 1.0, 2.0, 1.7976931348623156E306, 1.7976931348623156E306, 1.0, 2.0, 1.0, 1.7976931348623156E306, 1.7976931348623156E306, 1.7976931348623156E306, 1.7976931348623156E306, 1.7976931348623156E306, 1.7976931348623156E306, 1.7976931348623156E306, 1.7976931348623156E306, 1.7976931348623156E306, 1.7976931348623156E306, 1.7976931348623156E306, 1.7976931348623156E306]
480	MoeSQLmosa	22	3	[419.0, 1362.0, 420.0, 837.0, 945.0, 0.0, 944.0, 1.0, 419.0, 1.0, 477.0, 1421.0, 478.0, 478.0, 477.0, 478.0, 419.0, 1.0, 0.0, 1.0, 1.0, 0.0, 1.0, 35.476991341991344, 2.0, 1.7976931348623156E306, 1.7976931348623156E306, 0.0, 1.0, 0.0, 1.7976931348623156E306, 1.7976931348623156E306, 1.7976931348623156E306, 1.7976931348623156E306, 1.7976931348623156E306, 1.7976931348623156E306, 1.7976931348623156E306, 1.7976931348623156E306, 0.0, 1.7976931348623156E306, 1.7976931348623156E306, 1.7976931348623156E306]
480	MoeSQLmosa	23	3	[2.0, 161.0, 3.0, 770.0, 163.0, 770.0, 930.0, 771.0, 2.0, 3.0, 1.0, 161.0, 2.0, 2.0, 1.0, 2.0, 55.0, 0.0, 1.0, 2.0, 2.0, 15.754545454545456, 3.0, 1.0, 2.0, 1.7976931348623156E306, 1.7976931348623156E306, 1.0, 2.0, 0.0, 1.7976931348623156E306, 1.7976931348623156E306, 1.7976931348623156E306, 1.7976931348623156E306, 1.7976931348623156E306, 1.7976931348623156E306, 1.7976931348623156E306, 1.7976931348623156E306, 1.7976931348623156E306, 1.7976931348623156E306, 1.0, 1.7976931348623156E306]
480	MoeSQLmosa	24	3	[1.0, 934.0, 2.0, 500.0, 936.0, 500.0, 1434.0, 501.0, 1.0, 2.0, 0.0, 934.0, 1.0, 1.0, 0.0, 1.0, 992.0, 1.0, 0.0, 1.0, 1.7976931348623156E306, 1.7976931348623156E306, 2.0, 1.7976931348623156E306, 1.7976931348623156E306, 3.595386269724631E306, 1.7976931348623156E306, 1.0, 0.0, 0.0, 1.7976931348623156E306, 1.7976931348623156E306, 1.7976931348623156E306, 1.7976931348623156E306, 1.7976931348623156E306, 1.7976931348623156E306, 1.7976931348623156E306, 0.0, 1.7976931348623156E306, 1.7976931348623156E306, 1.7976931348623156E306, 1.7976931348623156E306]
480	MoeSQLmosa	25	3	[1.0, 160.0, 2.0, 769.0, 162.0, 769.0, 929.0, 770.0, 1.0, 2.0, 0.0, 160.0, 1.0, 1.0, 0.0, 1.0, 56.0, 1.0, 0.0, 1.0, 1.0, 14.754545454545456, 2.0, 2.0, 2.0, 1.7976931348623156E306, 0.0, 0.0, 1.0, 0.0, 1.7976931348623156E306, 1.7976931348623156E306, 1.7976931348623156E306, 1.7976931348623156E306, 1.7976931348623156E306, 1.7976931348623156E306, 1.7976931348623156E306, 1.0, 1.7976931348623156E306, 1.7976931348623156E306, 1.7976931348623156E306, 1.7976931348623156E306]
480	MoeSQLmosa	26	3	[419.0, 1362.0, 420.0, 837.0, 945.0, 0.0, 944.0, 1.0, 419.0, 1.0, 477.0, 1421.0, 478.0, 478.0, 477.0, 478.0, 419.0, 1.0, 0.0, 1.0, 1.0, 0.0, 1.0, 35.476991341991344, 2.0, 1.7976931348623156E306, 1.7976931348623156E306, 0.0, 1.0, 0.0, 1.7976931348623156E306, 1.7976931348623156E306, 1.7976931348623156E306, 1.7976931348623156E306, 1.7976931348623156E306, 1.7976931348623156E306, 1.7976931348623156E306, 1.7976931348623156E306, 1.7976931348623156E306, 0.0, 1.7976931348623156E306, 1.7976931348623156E306]
480	MoeSQLmosa	27	3	[1.0, 898.0, 2.0, 396.0, 900.0, 396.0, 1294.0, 397.0, 1.0, 2.0, 0.0, 898.0, 1.0, 1.0, 0.0, 1.0, 15.0, 1.0, 0.0, 1.0, 1.0, 13.754545454545456, 2.0, 0.0, 1.0, 1.7976931348623156E306, 1.7976931348623156E306, 0.0, 1.0, 0.0, 1.7976931348623156E306, 1.7976931348623156E306, 1.7976931348623156E306, 0.0, 1.7976931348623156E306, 1.7976931348623156E306, 1.7976931348623156E306, 1.7976931348623156E306, 1.7976931348623156E306, 1.7976931348623156E306, 0.0, 1.7976931348623156E306]
480	MoeSQLmosa	28	3	[183.0, 880.0, 184.0, 365.0, 699.0, 0.0, 698.0, 1.0, 183.0, 1.0, 927.0, 1625.0, 928.0, 926.0, 927.0, 928.0, 951.0, 1.0, 0.0, 1.0, 1.0, 0.0, 1.0, 13.754545454545456, 2.0, 1.7976931348623156E306, 1.7976931348623156E306, 0.0, 1.0, 0.0, 1.7976931348623156E306, 1.7976931348623156E306, 1.7976931348623156E306, 1.7976931348623156E306, 0.0, 1.7976931348623156E306, 1.7976931348623156E306, 1.7976931348623156E306, 0.0, 1.7976931348623156E306, 1.7976931348623156E306, 1.7976931348623156E306]
480	MoeSQLmosa	29	3	[530.0, 1059.0, 779.0, 1307.0, 531.0, 0.0, 530.0, 1.0, 778.0, 1.0, 1471.0, 2001.0, 1720.0, 1472.0, 1471.0, 1470.0, 1451.0, 1.0, 0.0, 1.0, 1.0, 40.13333333333333, 2.0, 14.943634192318404, 2.0, 1.7976931348623156E306, 0.0, 0.0, 1.0, 0.0, 1.7976931348623156E306, 1.7976931348623156E306, 1.7976931348623156E306, 1.7976931348623156E306, 1.7976931348623156E306, 0.0, 1.7976931348623156E306, 13.943634192318404, 1.7976931348623156E306, 1.7976931348623156E306, 1.7976931348623156E306, 1.7976931348623156E306]
480	MoeSQLmosa	30	3	[216.0, 430.0, 281.0, 494.0, 217.0, 1.0, 216.0, 2.0, 280.0, 2.0, 215.0, 430.0, 280.0, 216.0, 215.0, 216.0, 252.0, 1.0, 0.0, 1.0, 1.0, 33.3375, 2.0, 16.329552469135805, 2.0, 0.0, 1.7976931348623156E306, 0.0, 1.0, 0.0, 15.329552469135804, 1.7976931348623156E306, 1.7976931348623156E306, 1.7976931348623156E306, 1.7976931348623156E306, 1.7976931348623156E306, 1.7976931348623156E306, 1.7976931348623156E306, 1.7976931348623156E306, 1.7976931348623156E306, 0.0, 1.7976931348623156E306]
480	MoeSQLmosa	31	3	[1.0, 8.0, 2.0, 998.0, 10.0, 998.0, 1006.0, 999.0, 1.0, 2.0, 0.0, 8.0, 1.0, 1.0, 0.0, 1.0, 992.0, 1.0, 0.0, 1.0, 3.0, 2.0, 3.0, 15.954545454545455, 4.0, 2.0, 2.0, 1.0, 0.0, 0.0, 0.0, 1.7976931348623156E306, 1.7976931348623156E306, 1.7976931348623156E306, 1.7976931348623156E306, 1.7976931348623156E306, 1.7976931348623156E306, 0.0, 1.7976931348623156E306, 1.7976931348623156E306, 1.7976931348623156E306, 1.7976931348623156E306]
480	MoeSQLmosa	32	3	[1.0, 1012.0, 2.0, 677.0, 1014.0, 677.0, 1689.0, 678.0, 1.0, 2.0, 0.0, 1012.0, 1.0, 1.0, 0.0, 1.0, 60.0, 1.0, 0.0, 1.0, 1.0, 13.754545454545456, 2.0, 24.455850859583503, 2.0, 1.7976931348623156E306, 0.0, 0.0, 1.0, 0.0, 1.7976931348623156E306, 1.7976931348623156E306, 1.7976931348623156E306, 1.7976931348623156E306, 1.7976931348623156E306, 1.7976931348623156E306, 0.0, 12.754545454545456, 1.7976931348623156E306, 1.7976931348623156E306, 1.7976931348623156E306, 1.7976931348623156E306]
480	MoeSQLmosa	33	3	[1.0, 0.0, 1.0, 972.0, 3.0, 972.0, 973.0, 972.0, 1.0, 2.0, 30.0, 31.0, 30.0, 31.0, 30.0, 31.0, 1.0, 1.0, 0.0, 1.0, 1.7976931348623156E306, 1.7976931348623156E306, 1.7976931348623156E306, 1.7976931348623156E306, 2.0, 1.7976931348623156E306, 1.7976931348623156E306, 0.0, 1.0, 0.0, 0.0, 1.7976931348623156E306, 1.7976931348623156E306, 1.7976931348623156E306, 1.7976931348623156E306, 1.7976931348623156E306, 1.7976931348623156E306, 0.0, 1.7976931348623156E306, 1.7976931348623156E306, 1.7976931348623156E306, 1.7976931348623156E306]
480	MoeSQLmosa	34	3	[1.0, 622.0, 3.0, 0.0, 1.0, 622.0, 1.0, 2.0, 623.0, 622.0, 629.0, 8.0, 10.0, 630.0, 629.0, 630.0, 622.0, 1.0, 0.0, 1.0, 2.0, 3.3333333333333335, 3.0, 1.0, 2.0, 1.0, 1.7976931348623156E306, 0.0, 1.0, 0.0, 0.0, 1.7976931348623156E306, 1.7976931348623156E306, 1.7976931348623156E306, 1.7976931348623156E306, 1.7976931348623156E306, 1.7976931348623156E306, 1.7976931348623156E306, 1.7976931348623156E306, 1.7976931348623156E306, 1.7976931348623156E306, 1.7976931348623156E306]
480	MOTGA	0	8	[352.75454545454545, 691.7545454545455, 523.7545454545455, 861.7545454545455, 0.0, 0.0, 352.75454545454545, 1.0, 522.7545454545455, 1.0, 825.7545454545455, 1165.7545454545455, 996.7545454545455, 824.7545454545455, 825.7545454545455, 826.7545454545455, 767.7545454545455, 1.0, 0.0, 1.0, 0.0, 13.754545454545456, 0.0, 0.0, 1.0, 1.7976931348623156E306, 1.7976931348623156E306, 0.0, 1.0, 0.0, 1.7976931348623156E306, 0.0, 1.7976931348623156E306, 1.7976931348623156E306, 1.7976931348623156E306, 1.7976931348623156E306, 1.7976931348623156E306, 1.7976931348623156E306, 1.7976931348623156E306, 1.7976931348623156E306, 0.0, 1.7976931348623156E306]
480	MOTGA	1	16	[0.0, 0.0, 1.0, 0.0, 1.0, 0.0, 1.0, 1.0, 0.0, 1.0, 0.0, 8.0, 1.0, 0.0, 0.0, 0.0, 1.0, 1.0, 0.0, 0.0, 1.0, 0.0, 1.0, 1.0, 2.0, 2.0, 2.0, 0.0, 0.0, 0.0, 0.0, 1.7976931348623156E306, 1.7976931348623156E306, 0.0, 0.0, 1.7976931348623156E306, 1.7976931348623156E306, 0.0, 0.0, 1.7976931348623156E306, 1.7976931348623156E306, 1.7976931348623156E306]
480	MOTGA	2	21	[0.0, 173.0, 1.0, 578.0, 1.0, 0.0, 0.0, 1.0, 0.0, 0.0, 0.0, 0.0, 1.0, 1.0, 0.0, 1.0, 0.0, 0.0, 0.0, 1.0, 1.0, 0.0, 1.0, 1.0, 2.0, 1.7976931348623156E306, 0.0, 0.0, 1.0, 0.0, 1.7976931348623156E306, 0.0, 1.7976931348623156E306, 1.7976931348623156E306, 1.7976931348623156E306, 0.0, 0.0, 12.754545454545456, 0.0, 0.0, 12.754545454545456, 1.7976931348623156E306]
480	MOTGA	3	17	[1.0, 707.0, 0.0, 396.0, 464.0, 0.0, 463.0, 0.0, 1.0, 1.0, 0.0, 898.0, 0.0, 1.0, 0.0, 1.0, 15.0, 1.0, 0.0, 1.0, 1.0, 33.3375, 2.0, 0.0, 0.0, 0.0, 1.7976931348623156E306, 0.0, 0.0, 0.0, 0.0, 1.7976931348623156E306, 0.0, 0.0, 1.7976931348623156E306, 1.7976931348623156E306, 1.7976931348623156E306, 1.7976931348623156E306, 1.7976931348623156E306, 1.7976931348623156E306, 0.0, 0.0]
481	MoeSQLmosa	0	1	[0.0, 19.67297297297297, 1.0]
481	MoeSQLmosa	1	1	[1.0, 0.0, 1.0]
481	MoeSQLmosa	2	1	[1.7976931348623156E306, 1.7976931348623156E306, 0.0]
481	MOTGA	0	3	[0.0, 0.0, 0.0]
482	MoeSQLmosa	0	1	[1.0, 0.0]
482	MoeSQLmosa	1	1	[0.0, 23.569057249758234]
482	MOTGA	0	2	[0.0, 0.0]
483	MoeSQLmosa	0	1	[1.7976931348623156E306, 1.7976931348623156E306, 1.7976931348623156E306, 1.7976931348623156E306, 1.7976931348623156E306, 1.7976931348623156E306, 0.0, 1.7976931348623156E306, 1.7976931348623156E306, 1.7976931348623156E306]
483	MoeSQLmosa	1	1	[19.311503848524307, 55.72059475761522, 21.311503848524307, 20.311503848524307, 19.311503848524307, 0.0, 1.0, 19.311503848524307, 20.311503848524307, 19.311503848524307]
483	MoeSQLmosa	2	2	[0.0, 6.0, 2.0, 1.0, 0.0, 1.0, 1.0, 0.0, 0.0, 0.0]
483	MoeSQLmosa	3	1	[1.0, 0.0, 3.0, 2.0, 1.0, 2.0, 2.0, 0.0, 1.0, 1.0]
483	MoeSQLmosa	4	1	[1.0, 12.144444444444444, 1.0, 0.0, 1.0, 2.0, 2.0, 1.0, 2.0, 0.0]
483	MoeSQLmosa	5	1	[2.0, 36.31712454212454, 0.0, 1.0, 2.0, 3.0, 3.0, 2.0, 3.0, 0.0]
483	MOTGA	0	6	[0.0, 0.0, 0.0, 0.0, 0.0, 0.0, 0.0, 0.0, 0.0, 0.0]
484	MoeSQLmosa	0	1	[0.0, 18.886894596548295, 1.0]
484	MoeSQLmosa	1	1	[1.0, 0.0, 1.0]
484	MoeSQLmosa	2	1	[1.7976931348623156E306, 1.7976931348623156E306, 0.0]
484	MOTGA	0	3	[0.0, 0.0, 0.0]
485	MoeSQLmosa	0	1	[1.0, 0.0]
485	MoeSQLmosa	1	1	[0.0, 17.46561500566932]
485	MOTGA	0	2	[0.0, 0.0]
486	MoeSQLmosa	0	1	[0.0, 1.0, 1.0, 1.0, 0.0, 1.0]
486	MoeSQLmosa	1	1	[43.18194396710836, 0.0, 1.0, 44.18194396710836, 43.18194396710836, 44.18194396710836]
486	MoeSQLmosa	2	1	[1.0, 2.0, 2.0, 2.0, 1.0, 0.0]
486	MoeSQLmosa	3	1	[1.0, 2.0, 2.0, 0.0, 1.0, 2.0]
486	MoeSQLmosa	4	1	[1.7976931348623156E306, 1.7976931348623156E306, 0.0, 1.7976931348623156E306, 1.7976931348623156E306, 1.7976931348623156E306]
486	MOTGA	0	5	[0.0, 0.0, 0.0, 0.0, 0.0, 0.0]
487	MoeSQLmosa	0	1	[10.710669686132992, 0.0, 11.710669686132992, 11.710669686132992]
487	MoeSQLmosa	1	1	[40.64221680603161, 41.64221680603161, 0.0, 41.64221680603161]
487	MoeSQLmosa	2	1	[19.5, 20.5, 20.5, 0.0]
487	MoeSQLmosa	3	1	[0.0, 1.0, 1.0, 1.0]
487	MOTGA	0	4	[0.0, 0.0, 0.0, 0.0]
488	MoeSQLmosa	0	2	[0.0, 20.956060129460237, 0.0]
488	MoeSQLmosa	1	1	[1.0, 0.0, 1.0]
488	MOTGA	0	3	[0.0, 0.0, 0.0]
489	MoeSQLmosa	0	1	[1.0, 0.0]
489	MoeSQLmosa	1	1	[0.0, 27.691406787868548]
489	MOTGA	0	2	[0.0, 0.0]
490	MoeSQLmosa	0	2	[0.0, 0.0]
490	MOTGA	0	2	[0.0, 0.0]
491	MoeSQLmosa	0	1	[1.0, 0.0, 1.0]
491	MoeSQLmosa	1	1	[2.0, 1.0, 0.0]
491	MoeSQLmosa	2	1	[0.0, 1.0, 2.0]
491	MOTGA	0	3	[0.0, 0.0, 0.0]
492	MoeSQLmosa	0	3	[0.0]
492	MOTGA	0	3	[0.0]
493	MoeSQLmosa	0	2	[0.0, 0.0]
493	MOTGA	0	2	[0.0, 0.0]
494	MoeSQLmosa	0	2	[0.0, 0.0]
494	MOTGA	0	2	[0.0, 0.0]
496	MoeSQLmosa	0	1	[0.0, 1.0, 2.0, 1.0, 2.0, 2.0]
496	MoeSQLmosa	1	1	[2.0, 1.0, 0.0, 1.0, 2.0, 2.0]
496	MoeSQLmosa	2	1	[16.743918539202514, 15.743918539202514, 16.743918539202514, 15.743918539202514, 0.0, 1.0]
496	MoeSQLmosa	3	1	[1.0, 0.0, 1.0, 0.0, 1.0, 1.0]
496	MoeSQLmosa	4	1	[1.7976931348623156E306, 1.7976931348623156E306, 1.7976931348623156E306, 1.7976931348623156E306, 1.7976931348623156E306, 0.0]
496	MOTGA	0	5	[0.0, 0.0, 0.0, 0.0, 0.0, 0.0]
497	MoeSQLmosa	0	1	[5.0, 4.0, 3.0, 2.0, 3.0, 3.0, 3.0, 3.0, 1.0, 2.0, 3.0, 3.0, 3.0, 0.0]
497	MoeSQLmosa	1	1	[424.1666666666667, 425.1666666666667, 426.1666666666667, 12.166666666666666, 13.166666666666666, 13.166666666666666, 0.0, 1.0, 13.166666666666666, 12.166666666666666, 13.166666666666666, 13.166666666666666, 13.166666666666666, 12.166666666666666]
497	MoeSQLmosa	2	1	[907.0, 906.0, 905.0, 0.0, 1.0, 1.0, 1.0, 1.0, 1.0, 0.0, 1.0, 1.0, 1.0, 0.0]
497	MoeSQLmosa	3	1	[9.323076923076924, 8.323076923076924, 7.323076923076924, 6.323076923076924, 7.323076923076924, 7.323076923076924, 7.323076923076924, 7.323076923076924, 7.323076923076924, 6.323076923076924, 7.323076923076924, 0.0, 1.0, 6.323076923076924]
497	MoeSQLmosa	4	1	[919.1666666666666, 918.1666666666666, 917.1666666666666, 12.166666666666666, 0.0, 1.0, 13.166666666666666, 13.166666666666666, 13.166666666666666, 12.166666666666666, 13.166666666666666, 13.166666666666666, 13.166666666666666, 12.166666666666666]
497	MoeSQLmosa	5	1	[1.0, 0.0, 1.0, 1.0, 2.0, 2.0, 2.0, 2.0, 2.0, 1.0, 2.0, 2.0, 2.0, 1.0]
497	MoeSQLmosa	6	1	[4.0, 3.0, 2.0, 1.0, 2.0, 2.0, 2.0, 2.0, 0.0, 1.0, 2.0, 2.0, 2.0, 0.0]
497	MoeSQLmosa	7	1	[1.7976931348623156E306, 1.7976931348623156E306, 1.7976931348623156E306, 1.7976931348623156E306, 1.7976931348623156E306, 1.7976931348623156E306, 1.7976931348623156E306, 0.0, 1.7976931348623156E306, 1.7976931348623156E306, 1.7976931348623156E306, 1.7976931348623156E306, 1.7976931348623156E306, 1.7976931348623156E306]
497	MoeSQLmosa	8	1	[0.0, 1.0, 2.0, 0.0, 1.0, 1.0, 1.0, 1.0, 1.0, 0.0, 1.0, 1.0, 1.0, 0.0]
497	MoeSQLmosa	9	1	[1.7976931348623156E306, 1.7976931348623156E306, 1.7976931348623156E306, 1.7976931348623156E306, 1.7976931348623156E306, 0.0, 1.7976931348623156E306, 1.7976931348623156E306, 1.7976931348623156E306, 1.7976931348623156E306, 1.7976931348623156E306, 1.7976931348623156E306, 1.7976931348623156E306, 1.7976931348623156E306]
497	MoeSQLmosa	10	1	[1.7976931348623156E306, 1.7976931348623156E306, 1.7976931348623156E306, 1.7976931348623156E306, 1.7976931348623156E306, 1.7976931348623156E306, 1.7976931348623156E306, 1.7976931348623156E306, 1.7976931348623156E306, 1.7976931348623156E306, 1.7976931348623156E306, 1.7976931348623156E306, 0.0, 1.7976931348623156E306]
497	MoeSQLmosa	11	1	[2.0, 1.0, 0.0, 0.0, 1.0, 1.0, 1.0, 1.0, 1.0, 0.0, 1.0, 1.0, 1.0, 0.0]
497	MoeSQLmosa	12	1	[3.0, 2.0, 1.0, 1.0, 2.0, 2.0, 2.0, 2.0, 2.0, 1.0, 0.0, 2.0, 2.0, 0.0]
497	MOTGA	0	11	[0.0, 0.0, 0.0, 0.0, 0.0, 0.0, 0.0, 0.0, 0.0, 0.0, 0.0, 0.0, 0.0, 0.0]
498	MoeSQLmosa	0	1	[1.0, 0.0, 1.0, 2.0, 1.0, 2.0]
498	MoeSQLmosa	1	1	[1.0, 2.0, 1.0, 0.0, 1.0, 2.0]
498	MoeSQLmosa	2	1	[0.0, 1.0, 0.0, 1.0, 0.0, 1.0]
498	MoeSQLmosa	3	1	[1.0, 2.0, 1.0, 2.0, 1.0, 0.0]
498	MOTGA	0	4	[0.0, 0.0, 0.0, 0.0, 0.0, 0.0]
499	MoeSQLmosa	0	1	[28.354450743857523, 0.0, 1.0, 29.354450743857523, 29.354450743857523]
499	MoeSQLmosa	1	1	[41.75080395794681, 42.75080395794681, 42.75080395794681, 0.0, 1.0]
499	MoeSQLmosa	2	1	[1.7976931348623156E306, 1.7976931348623156E306, 0.0, 1.7976931348623156E306, 1.7976931348623156E306]
499	MoeSQLmosa	3	1	[1.7976931348623156E306, 1.7976931348623156E306, 1.7976931348623156E306, 1.7976931348623156E306, 0.0]
499	MoeSQLmosa	4	1	[0.0, 1.0, 1.0, 1.0, 1.0]
499	MOTGA	0	5	[0.0, 0.0, 0.0, 0.0, 0.0]
501	MoeSQLmosa	0	1	[1.0, 0.0, 1.0, 1.0, 0.0, 1.0]
501	MoeSQLmosa	1	2	[0.0, 1.0, 0.0, 2.0, 1.0, 2.0]
501	MoeSQLmosa	2	1	[2.0, 1.0, 2.0, 2.0, 1.0, 0.0]
501	MoeSQLmosa	3	1	[2.0, 1.0, 2.0, 0.0, 1.0, 2.0]
501	MOTGA	0	5	[0.0, 0.0, 0.0, 0.0, 0.0, 0.0]
502	MoeSQLmosa	0	2	[0.0, 0.0, 1.0]
502	MoeSQLmosa	1	1	[1.7976931348623156E306, 1.7976931348623156E306, 0.0]
502	MOTGA	0	3	[0.0, 0.0, 0.0]
503	MoeSQLmosa	0	1	[14.089855072463768, 15.089855072463768, 15.089855072463768, 15.089855072463768, 15.089855072463768, 0.0, 1.0, 15.089855072463768, 15.089855072463768, 14.089855072463768, 502.08985507246376, 15.089855072463768]
503	MoeSQLmosa	1	1	[201.0, 202.0, 202.0, 202.0, 202.0, 202.0, 203.0, 203.0, 203.0, 202.0, 0.0, 1.0]
503	MoeSQLmosa	2	1	[39.550000000000004, 0.0, 1.0, 40.550000000000004, 40.550000000000004, 40.550000000000004, 40.550000000000004, 40.550000000000004, 40.550000000000004, 39.550000000000004, 865.55, 40.550000000000004]
503	MoeSQLmosa	3	1	[5.798867798867799, 6.798867798867799, 6.798867798867799, 0.0, 1.0, 6.798867798867799, 6.798867798867799, 6.798867798867799, 6.798867798867799, 5.798867798867799, 155.7988677988678, 6.798867798867799]
503	MoeSQLmosa	4	1	[0.0, 1.0, 1.0, 1.0, 1.0, 1.0, 1.0, 1.0, 1.0, 0.0, 360.0, 1.0]
503	MoeSQLmosa	5	1	[1.7976931348623156E306, 1.7976931348623156E306, 1.7976931348623156E306, 1.7976931348623156E306, 1.7976931348623156E306, 1.7976931348623156E306, 0.0, 1.7976931348623156E306, 1.7976931348623156E306, 1.7976931348623156E306, 1.7976931348623156E306, 1.7976931348623156E306]
503	MoeSQLmosa	6	1	[1.0, 2.0, 2.0, 2.0, 2.0, 2.0, 2.0, 0.0, 1.0, 14.089855072463768, 108.0, 2.0]
503	MoeSQLmosa	7	1	[0.0, 1.0, 1.0, 1.0, 1.0, 1.0, 1.0, 1.7976931348623156E306, 0.0, 1.7976931348623156E306, 257.0, 1.0]
503	MoeSQLmosa	8	1	[1.7976931348623156E306, 1.7976931348623156E306, 1.7976931348623156E306, 1.7976931348623156E306, 0.0, 1.7976931348623156E306, 1.7976931348623156E306, 1.7976931348623156E306, 1.7976931348623156E306, 1.7976931348623156E306, 1.7976931348623156E306, 1.7976931348623156E306]
503	MoeSQLmosa	9	1	[1.7976931348623156E306, 1.7976931348623156E306, 1.7976931348623156E306, 1.7976931348623156E306, 1.7976931348623156E306, 1.7976931348623156E306, 1.7976931348623156E306, 1.7976931348623156E306, 1.7976931348623156E306, 1.7976931348623156E306, 1.7976931348623156E306, 0.0]
503	MoeSQLmosa	10	1	[1.7976931348623156E306, 1.7976931348623156E306, 0.0, 1.7976931348623156E306, 1.7976931348623156E306, 1.7976931348623156E306, 1.7976931348623156E306, 1.7976931348623156E306, 1.7976931348623156E306, 1.7976931348623156E306, 1.7976931348623156E306, 1.7976931348623156E306]
503	MOTGA	0	11	[0.0, 0.0, 0.0, 0.0, 0.0, 0.0, 0.0, 0.0, 0.0, 0.0, 0.0, 0.0]
504	MoeSQLmosa	0	2	[0.0, 0.0]
504	MOTGA	0	2	[0.0, 0.0]
505	MoeSQLmosa	0	2	[0.0, 0.0]
505	MOTGA	0	2	[0.0, 0.0]
506	MoeSQLmosa	0	2	[2.0, 1.0, 0.0, 1.0, 0.0]
506	MoeSQLmosa	1	1	[1.0, 0.0, 1.0, 0.0, 1.0]
506	MoeSQLmosa	2	1	[0.0, 1.0, 2.0, 1.0, 2.0]
506	MOTGA	0	4	[0.0, 0.0, 0.0, 0.0, 0.0]
507	MoeSQLmosa	0	2	[56.73118651423944, 57.73118651423944, 57.73118651423944, 23.11687317639042, 24.11687317639042, 57.73118651423944, 56.73118651423944, 57.73118651423944, 57.73118651423944, 57.73118651423944, 0.0, 33.61431333784902, 34.61431333784902]
507	MoeSQLmosa	1	2	[60.65964302093061, 26.664335664335667, 27.664335664335667, 61.65964302093061, 61.65964302093061, 61.65964302093061, 60.65964302093061, 61.65964302093061, 47.327475188762776, 48.327475188762776, 47.327475188762776, 0.0, 1.0]
507	MoeSQLmosa	2	2	[1.7976931348623156E306, 1.7976931348623156E306, 1.7976931348623156E306, 1.7976931348623156E306, 1.7976931348623156E306, 1.7976931348623156E306, 1.7976931348623156E306, 1.7976931348623156E306, 1.7976931348623156E306, 1.7976931348623156E306, 557.8509180183851, 1.0, 0.0]
507	MoeSQLmosa	3	2	[1.7976931348623156E306, 1.7976931348623156E306, 0.0, 1.7976931348623156E306, 1.7976931348623156E306, 1.7976931348623156E306, 1.7976931348623156E306, 1.7976931348623156E306, 1.7976931348623156E306, 1.7976931348623156E306, 1.7976931348623156E306, 2.0, 1.0]
507	MoeSQLmosa	4	2	[27.824369301149485, 0.0, 1.0, 28.824369301149485, 28.824369301149485, 28.824369301149485, 27.824369301149485, 28.824369301149485, 28.824369301149485, 28.824369301149485, 29.824369301149485, 2.0, 1.0]
507	MoeSQLmosa	5	2	[33.80061808656158, 34.80061808656158, 34.80061808656158, 0.0, 1.0, 34.80061808656158, 33.80061808656158, 34.80061808656158, 34.80061808656158, 34.80061808656158, 2.0, 33.80061808656158, 34.80061808656158]
507	MoeSQLmosa	6	3	[0.0, 1.0, 1.0, 1.0, 1.0, 1.0, 0.0, 1.0, 0.0, 1.0, 2.0, 2.0, 1.0]
507	MoeSQLmosa	7	2	[1.0, 2.0, 2.0, 2.0, 2.0, 0.0, 1.0, 2.0, 2.0, 2.0, 3.0, 2.0, 1.0]
507	MoeSQLmosa	8	2	[1.0, 2.0, 2.0, 2.0, 2.0, 2.0, 1.0, 0.0, 2.0, 2.0, 3.0, 2.0, 1.0]
507	MoeSQLmosa	9	2	[1.7976931348623156E306, 1.7976931348623156E306, 1.7976931348623156E306, 1.7976931348623156E306, 0.0, 1.7976931348623156E306, 1.7976931348623156E306, 1.7976931348623156E306, 1.7976931348623156E306, 1.7976931348623156E306, 2.0, 1.7976931348623156E306, 1.7976931348623156E306]
507	MoeSQLmosa	10	2	[1.7976931348623156E306, 1.7976931348623156E306, 1.7976931348623156E306, 1.7976931348623156E306, 1.7976931348623156E306, 1.7976931348623156E306, 1.7976931348623156E306, 1.7976931348623156E306, 1.7976931348623156E306, 0.0, 1.7976931348623156E306, 2.0, 1.0]
507	MOTGA	0	11	[0.0, 0.0, 0.0, 0.0, 0.0, 0.0, 0.0, 0.0, 0.0, 0.0, 0.0, 2.0, 1.7976931348623156E306]
508	MoeSQLmosa	0	2	[0.0, 0.0]
508	MOTGA	0	2	[0.0, 0.0]
509	MoeSQLmosa	0	1	[11.739980550850117, 12.739980550850117, 12.739980550850117, 0.0, 1.0, 12.739980550850117, 12.739980550850117]
509	MoeSQLmosa	1	1	[7.792608331211272, 8.792608331211273, 8.792608331211273, 8.792608331211273, 8.792608331211273, 0.0, 1.0]
509	MoeSQLmosa	2	1	[42.28440656565657, 0.0, 1.0, 43.28440656565657, 43.28440656565657, 43.28440656565657, 43.28440656565657]
509	MoeSQLmosa	3	1	[0.0, 1.0, 1.0, 1.0, 1.0, 1.0, 1.0]
509	MoeSQLmosa	4	1	[1.7976931348623156E306, 1.7976931348623156E306, 0.0, 1.7976931348623156E306, 1.7976931348623156E306, 1.7976931348623156E306, 1.7976931348623156E306]
509	MoeSQLmosa	5	1	[1.7976931348623156E306, 1.7976931348623156E306, 1.7976931348623156E306, 1.7976931348623156E306, 0.0, 1.7976931348623156E306, 1.7976931348623156E306]
509	MoeSQLmosa	6	1	[1.7976931348623156E306, 1.7976931348623156E306, 1.7976931348623156E306, 1.7976931348623156E306, 1.7976931348623156E306, 1.7976931348623156E306, 0.0]
509	MOTGA	0	7	[0.0, 0.0, 0.0, 0.0, 0.0, 0.0, 0.0]
510	MoeSQLmosa	0	1	[13.756152229701165, 14.756152229701165, 14.756152229701165, 14.756152229701165, 14.756152229701165, 0.0, 1.0, 30.79316521671415]
510	MoeSQLmosa	1	1	[14.460563916168542, 15.460563916168542, 15.460563916168542, 0.0, 1.0, 15.460563916168542, 15.460563916168542, 16.460563916168542]
510	MoeSQLmosa	2	1	[1.0, 2.0, 2.0, 2.0, 2.0, 2.0, 2.0, 0.0]
510	MoeSQLmosa	3	1	[1.7976931348623156E306, 1.7976931348623156E306, 0.0, 1.7976931348623156E306, 1.7976931348623156E306, 1.7976931348623156E306, 1.7976931348623156E306, 1.7976931348623156E306]
510	MoeSQLmosa	4	1	[0.0, 1.0, 1.0, 1.0, 1.0, 1.0, 1.0, 9.281343656343656]
510	MoeSQLmosa	5	1	[14.803043012775307, 0.0, 1.0, 15.803043012775307, 15.803043012775307, 15.803043012775307, 15.803043012775307, 31.84005599978829]
510	MoeSQLmosa	6	1	[1.7976931348623156E306, 1.7976931348623156E306, 1.7976931348623156E306, 1.7976931348623156E306, 1.7976931348623156E306, 1.7976931348623156E306, 0.0, 1.7976931348623156E306]
510	MoeSQLmosa	7	1	[1.7976931348623156E306, 1.7976931348623156E306, 1.7976931348623156E306, 1.7976931348623156E306, 0.0, 1.7976931348623156E306, 1.7976931348623156E306, 1.7976931348623156E306]
510	MOTGA	0	8	[0.0, 0.0, 0.0, 0.0, 0.0, 0.0, 0.0, 0.0]
511	MoeSQLmosa	0	1	[0.0, 44.22101492653875]
511	MoeSQLmosa	1	1	[1.0, 0.0]
511	MOTGA	0	2	[0.0, 0.0]
512	MoeSQLmosa	0	2	[1.0, 0.0, 1.0, 0.0, 0.0, 1.0, 29.359781543052005, 2.0]
512	MoeSQLmosa	1	1	[2.0, 1.0, 0.0, 1.0, 2.0, 2.0, 9.08974358974359, 3.0]
512	MoeSQLmosa	2	1	[1.7976931348623156E306, 1.7976931348623156E306, 1.7976931348623156E306, 1.7976931348623156E306, 1.7976931348623156E306, 0.0, 1.7976931348623156E306, 3.0]
512	MoeSQLmosa	3	1	[2.0, 1.0, 2.0, 1.0, 2.0, 2.0, 0.0, 3.0]
512	MoeSQLmosa	4	1	[0.0, 1.0, 2.0, 1.0, 2.0, 2.0, 7.5094301994301995, 3.0]
512	MoeSQLmosa	5	3	[1.0, 0.0, 1.0, 0.0, 1.0, 1.0, 23.24738327547925, 0.0]
512	MOTGA	0	9	[0.0, 0.0, 0.0, 0.0, 0.0, 0.0, 0.0, 0.0]
513	MoeSQLmosa	0	3	[0.0, 0.0, 1.0, 2.0, 2.0, 3.0]
513	MoeSQLmosa	1	2	[31.78738246760693, 57.48710664041736, 32.78738246760693, 0.0, 25.69972417281043, 26.69972417281043]
513	MoeSQLmosa	2	2	[32.357298179100184, 31.35729817910018, 32.357298179100184, 0.0, 0.0, 1.0]
513	MoeSQLmosa	3	2	[1.7976931348623156E306, 1.7976931348623156E306, 1.7976931348623156E306, 0.0, 1.0, 0.0]
513	MoeSQLmosa	4	2	[1.7976931348623156E306, 1.7976931348623156E306, 0.0, 2.0, 1.7976931348623156E306, 1.7976931348623156E306]
513	MOTGA	0	5	[0.0, 0.0, 0.0, 0.0, 2.0, 1.7976931348623156E306]
514	MoeSQLmosa	0	1	[29.34523809523809, 0.0, 1.0, 30.34523809523809]
514	MoeSQLmosa	1	1	[0.0, 1.0, 1.0, 1.0]
514	MoeSQLmosa	2	1	[35.60974246060453, 36.60974246060453, 36.60974246060453, 0.0]
514	MoeSQLmosa	3	1	[1.7976931348623156E306, 1.7976931348623156E306, 0.0, 1.7976931348623156E306]
514	MOTGA	0	4	[0.0, 0.0, 0.0, 0.0]
515	MoeSQLmosa	0	1	[0.0, 28.180952380952377]
515	MoeSQLmosa	1	1	[1.0, 0.0]
515	MOTGA	0	2	[0.0, 0.0]
516	MoeSQLmosa	0	1	[43.18333333333333, 42.18333333333333, 43.18333333333333, 42.18333333333333, 0.0]
516	MoeSQLmosa	1	1	[1.0, 0.0, 1.0, 0.0, 1.0]
516	MoeSQLmosa	2	1	[2.0, 1.0, 0.0, 1.0, 2.0]
516	MoeSQLmosa	3	1	[0.0, 1.0, 2.0, 1.0, 2.0]
516	MOTGA	0	4	[0.0, 0.0, 0.0, 0.0, 0.0]
517	MoeSQLmosa	0	1	[0.0, 13.045264757638778, 1.0]
517	MoeSQLmosa	1	1	[1.0, 0.0, 1.0]
517	MoeSQLmosa	2	1	[1.7976931348623156E306, 1.7976931348623156E306, 0.0]
517	MOTGA	0	3	[0.0, 0.0, 0.0]
519	MoeSQLmosa	0	1	[18.353053363695242, 0.0, 1.0, 19.353053363695242, 18.353053363695242, 19.353053363695242, 19.353053363695242, 19.353053363695242]
519	MoeSQLmosa	1	1	[0.0, 1.0, 1.0, 1.0, 0.0, 1.0, 1.0, 1.0]
519	MoeSQLmosa	2	1	[39.150018986861085, 40.150018986861085, 40.150018986861085, 40.150018986861085, 39.150018986861085, 40.150018986861085, 0.0, 1.0]
519	MoeSQLmosa	3	1	[1.0, 2.0, 2.0, 2.0, 1.0, 0.0, 2.0, 2.0]
519	MoeSQLmosa	4	1	[1.0, 2.0, 2.0, 0.0, 1.0, 2.0, 2.0, 2.0]
519	MoeSQLmosa	5	1	[1.7976931348623156E306, 1.7976931348623156E306, 0.0, 1.7976931348623156E306, 1.7976931348623156E306, 1.7976931348623156E306, 1.7976931348623156E306, 1.7976931348623156E306]
519	MoeSQLmosa	6	1	[1.7976931348623156E306, 1.7976931348623156E306, 1.7976931348623156E306, 1.7976931348623156E306, 1.7976931348623156E306, 1.7976931348623156E306, 1.7976931348623156E306, 0.0]
519	MOTGA	0	7	[0.0, 0.0, 0.0, 0.0, 0.0, 0.0, 0.0, 0.0]
520	MoeSQLmosa	0	1	[9.391413101337289, 0.0, 1.0, 10.391413101337289, 10.391413101337289, 10.391413101337289, 10.391413101337289]
520	MoeSQLmosa	1	1	[23.788844569678226, 24.788844569678226, 24.788844569678226, 24.788844569678226, 24.788844569678226, 0.0, 1.0]
520	MoeSQLmosa	2	1	[14.705891681753748, 15.705891681753748, 15.705891681753748, 0.0, 1.0, 15.705891681753748, 15.705891681753748]
520	MoeSQLmosa	3	1	[0.0, 1.0, 1.0, 1.0, 1.0, 1.0, 1.0]
520	MoeSQLmosa	4	1	[1.7976931348623156E306, 1.7976931348623156E306, 1.7976931348623156E306, 1.7976931348623156E306, 1.7976931348623156E306, 1.7976931348623156E306, 0.0]
520	MoeSQLmosa	5	1	[1.7976931348623156E306, 1.7976931348623156E306, 1.7976931348623156E306, 1.7976931348623156E306, 0.0, 1.7976931348623156E306, 1.7976931348623156E306]
520	MoeSQLmosa	6	1	[1.7976931348623156E306, 1.7976931348623156E306, 0.0, 1.7976931348623156E306, 1.7976931348623156E306, 1.7976931348623156E306, 1.7976931348623156E306]
520	MOTGA	0	7	[0.0, 0.0, 0.0, 0.0, 0.0, 0.0, 0.0]
521	MoeSQLmosa	0	1	[1.0, 0.0]
521	MoeSQLmosa	1	1	[0.0, 15.437330316742083]
521	MOTGA	0	2	[0.0, 0.0]
523	MoeSQLmosa	0	3	[0.0]
523	MOTGA	0	3	[0.0]
524	MoeSQLmosa	0	1	[0.0, 21.505712092223906]
524	MoeSQLmosa	1	1	[1.0, 0.0]
524	MOTGA	0	2	[0.0, 0.0]
525	MoeSQLmosa	0	1	[1.0, 0.0, 1.0]
525	MoeSQLmosa	1	1	[0.0, 31.916666666666664, 1.0]
525	MoeSQLmosa	2	1	[1.7976931348623156E306, 1.7976931348623156E306, 0.0]
525	MOTGA	0	3	[0.0, 0.0, 0.0]
526	MoeSQLmosa	0	2	[0.0, 0.0]
526	MOTGA	0	2	[0.0, 0.0]
527	MoeSQLmosa	0	1	[1.7976931348623156E306, 1.7976931348623156E306, 0.0]
527	MoeSQLmosa	1	2	[0.0, 0.0, 1.0]
527	MOTGA	0	3	[0.0, 0.0, 0.0]
528	MoeSQLmosa	0	2	[0.0, 0.0, 1.0]
528	MoeSQLmosa	1	1	[1.7976931348623156E306, 1.7976931348623156E306, 0.0]
528	MOTGA	0	3	[0.0, 0.0, 0.0]
530	MoeSQLmosa	0	2	[0.0, 0.0]
530	MOTGA	0	2	[0.0, 0.0]
531	MoeSQLmosa	0	2	[0.0, 1.0, 1.0, 1.0, 0.0, 1.0]
531	MoeSQLmosa	1	1	[36.75454545454545, 0.0, 1.0, 913.5604121747172, 914.5604121747172, 915.5604121747172]
531	MoeSQLmosa	2	1	[0.0, 1.0, 1.0, 0.0, 1.0, 2.0]
531	MoeSQLmosa	3	1	[1.7976931348623156E306, 1.7976931348623156E306, 0.0, 1.7976931348623156E306, 1.7976931348623156E306, 1.7976931348623156E306]
531	MoeSQLmosa	4	1	[2.0, 3.0, 3.0, 2.0, 1.0, 0.0]
531	MOTGA	0	5	[0.0, 0.0, 0.0, 0.0, 0.0, 0.0]
533	MoeSQLmosa	0	1	[8.472741425241425, 9.472741425241425, 9.472741425241425, 9.472741425241425, 8.472741425241425, 9.472741425241425, 0.0, 1.0]
533	MoeSQLmosa	1	1	[26.15714285714286, 0.0, 1.0, 27.15714285714286, 26.15714285714286, 27.15714285714286, 27.15714285714286, 27.15714285714286]
533	MoeSQLmosa	2	1	[0.0, 1.0, 1.0, 1.0, 0.0, 1.0, 1.0, 1.0]
533	MoeSQLmosa	3	1	[1.7976931348623156E306, 1.7976931348623156E306, 1.7976931348623156E306, 1.7976931348623156E306, 1.7976931348623156E306, 1.7976931348623156E306, 1.7976931348623156E306, 0.0]
533	MoeSQLmosa	4	1	[1.0, 2.0, 2.0, 0.0, 1.0, 2.0, 2.0, 2.0]
533	MoeSQLmosa	5	1	[1.0, 2.0, 2.0, 2.0, 1.0, 0.0, 2.0, 2.0]
533	MoeSQLmosa	6	1	[1.7976931348623156E306, 1.7976931348623156E306, 0.0, 1.7976931348623156E306, 1.7976931348623156E306, 1.7976931348623156E306, 1.7976931348623156E306, 1.7976931348623156E306]
533	MOTGA	0	7	[0.0, 0.0, 0.0, 0.0, 0.0, 0.0, 0.0, 0.0]
534	MoeSQLmosa	0	1	[12.78834122154609, 13.78834122154609, 13.78834122154609, 0.0, 1.0]
534	MoeSQLmosa	1	2	[0.0, 0.0, 1.0, 1.0, 1.0]
534	MoeSQLmosa	2	1	[1.7976931348623156E306, 1.7976931348623156E306, 0.0, 1.7976931348623156E306, 1.7976931348623156E306]
534	MoeSQLmosa	3	1	[1.7976931348623156E306, 1.7976931348623156E306, 1.7976931348623156E306, 1.7976931348623156E306, 0.0]
534	MOTGA	0	5	[0.0, 0.0, 0.0, 0.0, 0.0]
535	MoeSQLmosa	0	2	[0.0, 0.0]
535	MOTGA	0	2	[0.0, 0.0]
536	MoeSQLmosa	0	3	[1.7976931348623156E306, 3.595386269724631E306, 3.595386269724631E306, 1.7976931348623156E306, 625.6712121212121, 1.7976931348623156E306, 3.595386269724631E306, 3.595386269724631E306, 1.7976931348623156E306, 14.671212121212122, 1.7976931348623156E306, 1.7976931348623156E306, 1.7976931348623156E306, 1.7976931348623156E306, 1.7976931348623156E306, 1.7976931348623156E306, 1.7976931348623156E306, 14.671212121212122, 13.671212121212122, 14.671212121212122, 0.0, 13.671212121212122, 1.0, 22.7734549060779, 1.0, 1.7976931348623156E306, 1.7976931348623156E306, 13.671212121212122, 14.671212121212122, 13.671212121212122, 1.7976931348623156E306, 1.7976931348623156E306, 1.7976931348623156E306, 1.7976931348623156E306, 1.7976931348623156E306, 1.7976931348623156E306, 1.7976931348623156E306, 1.7976931348623156E306, 1.7976931348623156E306, 1.7976931348623156E306, 1.7976931348623156E306, 1.7976931348623156E306]
536	MoeSQLmosa	1	3	[1.7976931348623156E306, 3.595386269724631E306, 3.595386269724631E306, 1.7976931348623156E306, 87.0, 1.7976931348623156E306, 3.595386269724631E306, 3.595386269724631E306, 1.7976931348623156E306, 0.0, 1.7976931348623156E306, 1.7976931348623156E306, 1.7976931348623156E306, 1.7976931348623156E306, 1.7976931348623156E306, 1.7976931348623156E306, 1.7976931348623156E306, 1.7976931348623156E306, 1.7976931348623156E306, 1.7976931348623156E306, 1.7976931348623156E306, 1.7976931348623156E306, 1.7976931348623156E306, 1.7976931348623156E306, 1.7976931348623156E306, 3.595386269724631E306, 3.595386269724631E306, 0.0, 1.0, 1.7976931348623156E306, 3.595386269724631E306, 3.595386269724631E306, 3.595386269724631E306, 3.595386269724631E306, 3.595386269724631E306, 3.595386269724631E306, 3.595386269724631E306, 3.595386269724631E306, 3.595386269724631E306, 3.595386269724631E306, 3.595386269724631E306, 3.595386269724631E306]
536	MoeSQLmosa	2	3	[558.0, 1472.0, 559.0, 1115.0, 916.0, 0.0, 915.0, 1.0, 558.0, 1.0, 1502.0, 2417.0, 1503.0, 1501.0, 1502.0, 1503.0, 1451.0, 1.0, 0.0, 1.0, 1.0, 14.671212121212122, 2.0, 0.0, 1.0, 1.7976931348623156E306, 1.7976931348623156E306, 0.0, 1.0, 0.0, 1.7976931348623156E306, 1.7976931348623156E306, 1.7976931348623156E306, 1.7976931348623156E306, 1.7976931348623156E306, 1.7976931348623156E306, 1.7976931348623156E306, 1.7976931348623156E306, 1.7976931348623156E306, 1.7976931348623156E306, 1.7976931348623156E306, 1.7976931348623156E306]
536	MoeSQLmosa	3	3	[1.0, 304.0, 2.0, 1013.0, 306.0, 1013.0, 1317.0, 1014.0, 1.0, 2.0, 0.0, 304.0, 1.0, 1.0, 0.0, 1.0, 38.0, 1.0, 0.0, 1.0, 1.0, 43.625, 2.0, 0.0, 1.0, 1.7976931348623156E306, 1.7976931348623156E306, 0.0, 1.0, 0.0, 1.7976931348623156E306, 1.7976931348623156E306, 1.7976931348623156E306, 1.7976931348623156E306, 1.7976931348623156E306, 1.7976931348623156E306, 1.7976931348623156E306, 1.7976931348623156E306, 1.7976931348623156E306, 1.7976931348623156E306, 1.7976931348623156E306, 1.7976931348623156E306]
536	MoeSQLmosa	4	3	[0.0, 318.0, 1054.0, 1051.0, 1.0, 318.0, 0.0, 2.0, 1370.0, 319.0, 318.0, 0.0, 1053.0, 319.0, 318.0, 319.0, 379.0, 319.0, 318.0, 319.0, 319.0, 318.0, 319.0, 343.0125059949538, 320.0, 1.7976931348623156E306, 1.7976931348623156E306, 318.0, 319.0, 318.0, 1.7976931348623156E306, 1.7976931348623156E306, 1.7976931348623156E306, 1.7976931348623156E306, 1.7976931348623156E306, 1.7976931348623156E306, 1.7976931348623156E306, 1.7976931348623156E306, 1.7976931348623156E306, 1.7976931348623156E306, 1.7976931348623156E306, 1.7976931348623156E306]
536	MoeSQLmosa	5	3	[395.0, 1390.0, 396.0, 789.0, 997.0, 0.0, 996.0, 1.0, 395.0, 1.0, 461.0, 1457.0, 462.0, 462.0, 461.0, 462.0, 395.0, 1.0, 0.0, 1.0, 1.0, 0.0, 1.0, 14.970202020202022, 2.0, 1.7976931348623156E306, 1.7976931348623156E306, 0.0, 1.0, 0.0, 1.7976931348623156E306, 1.7976931348623156E306, 1.7976931348623156E306, 1.7976931348623156E306, 1.7976931348623156E306, 1.7976931348623156E306, 1.7976931348623156E306, 1.7976931348623156E306, 1.7976931348623156E306, 1.7976931348623156E306, 1.7976931348623156E306, 1.7976931348623156E306]
536	MoeSQLmosa	6	3	[1.7976931348623156E306, 1.7976931348623156E306, 958.0, 3.595386269724631E306, 3.595386269724631E306, 1.7976931348623156E306, 1.7976931348623156E306, 0.0, 3.595386269724631E306, 3.595386269724631E306, 3.595386269724631E306, 3.595386269724631E306, 1192.0, 3.595386269724631E306, 3.595386269724631E306, 3.595386269724631E306, 3.595386269724631E306, 1.7976931348623156E306, 1.7976931348623156E306, 1.7976931348623156E306, 1.7976931348623156E306, 1.7976931348623156E306, 1.7976931348623156E306, 1.7976931348623156E306, 1.7976931348623156E306, 3.595386269724631E306, 3.595386269724631E306, 1.7976931348623156E306, 1.7976931348623156E306, 1.7976931348623156E306, 3.595386269724631E306, 3.595386269724631E306, 3.595386269724631E306, 3.595386269724631E306, 3.595386269724631E306, 3.595386269724631E306, 3.595386269724631E306, 3.595386269724631E306, 3.595386269724631E306, 3.595386269724631E306, 3.595386269724631E306, 3.595386269724631E306]
536	MoeSQLmosa	7	3	[0.0, 830.0, 1.0, 486.0, 832.0, 486.0, 1317.0, 487.0, 0.0, 1.0, 24.0, 855.0, 25.0, 25.0, 24.0, 25.0, 0.0, 25.0, 24.0, 25.0, 25.0, 50.56410256410256, 26.0, 24.0, 25.0, 1.7976931348623156E306, 1.7976931348623156E306, 0.0, 1.0, 24.0, 1.7976931348623156E306, 1.7976931348623156E306, 1.7976931348623156E306, 1.7976931348623156E306, 1.7976931348623156E306, 1.7976931348623156E306, 1.7976931348623156E306, 1.7976931348623156E306, 1.7976931348623156E306, 1.7976931348623156E306, 1.7976931348623156E306, 1.7976931348623156E306]
536	MoeSQLmosa	8	3	[734.0, 1467.0, 955.0, 1687.0, 735.0, 0.0, 734.0, 1.0, 954.0, 1.0, 795.0, 1529.0, 1016.0, 794.0, 795.0, 796.0, 846.0, 1.0, 0.0, 1.0, 1.0, 37.43333333333334, 2.0, 0.0, 1.0, 1.7976931348623156E306, 1.7976931348623156E306, 0.0, 1.0, 0.0, 1.7976931348623156E306, 1.7976931348623156E306, 1.7976931348623156E306, 1.7976931348623156E306, 1.7976931348623156E306, 1.7976931348623156E306, 1.7976931348623156E306, 1.7976931348623156E306, 1.7976931348623156E306, 1.7976931348623156E306, 0.0, 1.7976931348623156E306]
536	MoeSQLmosa	9	3	[1.7976931348623156E306, 1.7976931348623156E306, 3.595386269724631E306, 1.7976931348623156E306, 0.0, 3.595386269724631E306, 1.7976931348623156E306, 3.595386269724631E306, 3.595386269724631E306, 658.0, 1.7976931348623156E306, 1.7976931348623156E306, 1.7976931348623156E306, 1.7976931348623156E306, 1.7976931348623156E306, 1.7976931348623156E306, 1.7976931348623156E306, 1.7976931348623156E306, 1.7976931348623156E306, 1.7976931348623156E306, 1.7976931348623156E306, 1.7976931348623156E306, 1.7976931348623156E306, 1.7976931348623156E306, 1.7976931348623156E306, 3.595386269724631E306, 3.595386269724631E306, 1.7976931348623156E306, 1.7976931348623156E306, 1.7976931348623156E306, 3.595386269724631E306, 3.595386269724631E306, 3.595386269724631E306, 3.595386269724631E306, 3.595386269724631E306, 3.595386269724631E306, 3.595386269724631E306, 3.595386269724631E306, 3.595386269724631E306, 3.595386269724631E306, 3.595386269724631E306, 3.595386269724631E306]
536	MoeSQLmosa	10	3	[1.7976931348623156E306, 1.7976931348623156E306, 0.0, 1.7976931348623156E306, 3.595386269724631E306, 3.595386269724631E306, 3.595386269724631E306, 703.0, 1.7976931348623156E306, 3.595386269724631E306, 3.595386269724631E306, 3.595386269724631E306, 522.0, 3.595386269724631E306, 3.595386269724631E306, 3.595386269724631E306, 3.595386269724631E306, 1.7976931348623156E306, 1.7976931348623156E306, 1.7976931348623156E306, 1.7976931348623156E306, 1.7976931348623156E306, 1.7976931348623156E306, 1.7976931348623156E306, 1.7976931348623156E306, 3.595386269724631E306, 3.595386269724631E306, 1.7976931348623156E306, 1.7976931348623156E306, 1.7976931348623156E306, 3.595386269724631E306, 3.595386269724631E306, 3.595386269724631E306, 3.595386269724631E306, 3.595386269724631E306, 3.595386269724631E306, 3.595386269724631E306, 3.595386269724631E306, 3.595386269724631E306, 3.595386269724631E306, 1.7976931348623156E306, 3.595386269724631E306]
536	MoeSQLmosa	11	3	[1.0, 708.0, 2.0, 764.0, 710.0, 764.0, 1472.0, 765.0, 1.0, 2.0, 0.0, 708.0, 1.0, 1.0, 0.0, 1.0, 992.0, 1.0, 0.0, 1.0, 2.0, 1.0, 2.0, 1.0, 2.0, 1.7976931348623156E306, 1.7976931348623156E306, 1.0, 0.0, 0.0, 1.7976931348623156E306, 1.7976931348623156E306, 1.7976931348623156E306, 1.7976931348623156E306, 1.7976931348623156E306, 1.7976931348623156E306, 1.7976931348623156E306, 1.7976931348623156E306, 1.7976931348623156E306, 1.7976931348623156E306, 1.7976931348623156E306, 1.7976931348623156E306]
536	MoeSQLmosa	12	3	[719.0, 1437.0, 758.0, 1475.0, 720.0, 0.0, 719.0, 1.0, 757.0, 1.0, 1551.0, 2270.0, 1590.0, 1552.0, 1551.0, 1550.0, 1512.0, 1.0, 0.0, 1.0, 1.0, 0.0, 1.0, 14.671212121212122, 2.0, 1.7976931348623156E306, 1.7976931348623156E306, 0.0, 1.0, 0.0, 1.7976931348623156E306, 0.0, 1.7976931348623156E306, 1.7976931348623156E306, 1.7976931348623156E306, 1.7976931348623156E306, 1.7976931348623156E306, 1.7976931348623156E306, 1.7976931348623156E306, 1.7976931348623156E306, 1.7976931348623156E306, 1.7976931348623156E306]
536	MoeSQLmosa	13	3	[222.0, 1230.0, 223.0, 441.0, 1012.0, 2.0, 1011.0, 3.0, 222.0, 3.0, 221.0, 1230.0, 222.0, 222.0, 221.0, 222.0, 276.0, 0.0, 1.0, 2.0, 2.0, 1.0, 2.0, 16.989660165091195, 3.0, 1.7976931348623156E306, 1.7976931348623156E306, 1.0, 2.0, 0.0, 1.7976931348623156E306, 1.7976931348623156E306, 1.7976931348623156E306, 1.7976931348623156E306, 1.7976931348623156E306, 1.7976931348623156E306, 1.7976931348623156E306, 1.7976931348623156E306, 1.7976931348623156E306, 1.7976931348623156E306, 1.0, 1.7976931348623156E306]
536	MoeSQLmosa	14	3	[1.7976931348623156E306, 1.7976931348623156E306, 1.7976931348623156E306, 1.7976931348623156E306, 1.7976931348623156E306, 1.7976931348623156E306, 1.7976931348623156E306, 1.7976931348623156E306, 1.7976931348623156E306, 1.7976931348623156E306, 1.7976931348623156E306, 1.7976931348623156E306, 1.7976931348623156E306, 1.7976931348623156E306, 1.7976931348623156E306, 1.7976931348623156E306, 1.7976931348623156E306, 1.7976931348623156E306, 1.7976931348623156E306, 1.7976931348623156E306, 1.7976931348623156E306, 1.7976931348623156E306, 1.7976931348623156E306, 1.7976931348623156E306, 0.0, 3.595386269724631E306, 3.595386269724631E306, 1.7976931348623156E306, 1.7976931348623156E306, 1.7976931348623156E306, 3.595386269724631E306, 3.595386269724631E306, 3.595386269724631E306, 3.595386269724631E306, 3.595386269724631E306, 3.595386269724631E306, 3.595386269724631E306, 3.595386269724631E306, 3.595386269724631E306, 3.595386269724631E306, 1.7976931348623156E306, 3.595386269724631E306]
536	MoeSQLmosa	15	3	[2.0, 709.0, 3.0, 765.0, 711.0, 765.0, 1473.0, 766.0, 2.0, 3.0, 1.0, 709.0, 2.0, 2.0, 1.0, 2.0, 993.0, 2.0, 1.0, 0.0, 3.0, 2.0, 3.0, 2.0, 3.0, 1.7976931348623156E306, 1.7976931348623156E306, 2.0, 1.0, 0.0, 1.7976931348623156E306, 1.7976931348623156E306, 1.7976931348623156E306, 1.7976931348623156E306, 1.7976931348623156E306, 1.7976931348623156E306, 1.7976931348623156E306, 1.7976931348623156E306, 1.7976931348623156E306, 1.7976931348623156E306, 1.7976931348623156E306, 1.7976931348623156E306]
536	MoeSQLmosa	16	3	[1.7976931348623156E306, 1.7976931348623156E306, 1.0, 3.595386269724631E306, 5.393079404586947E306, 5.393079404586947E306, 5.393079404586947E306, 194.0, 1.7976931348623156E306, 5.393079404586947E306, 1.7976931348623156E306, 1.7976931348623156E306, 0.0, 3.595386269724631E306, 1.7976931348623156E306, 3.595386269724631E306, 3.595386269724631E306, 1.7976931348623156E306, 1.7976931348623156E306, 1.7976931348623156E306, 1.7976931348623156E306, 1.7976931348623156E306, 1.7976931348623156E306, 1.7976931348623156E306, 1.7976931348623156E306, 3.595386269724631E306, 3.595386269724631E306, 1.7976931348623156E306, 1.7976931348623156E306, 1.7976931348623156E306, 3.595386269724631E306, 3.595386269724631E306, 3.595386269724631E306, 3.595386269724631E306, 3.595386269724631E306, 3.595386269724631E306, 3.595386269724631E306, 3.595386269724631E306, 3.595386269724631E306, 3.595386269724631E306, 3.595386269724631E306, 3.595386269724631E306]
536	MoeSQLmosa	17	3	[363.0, 867.0, 364.0, 725.0, 506.0, 0.0, 505.0, 1.0, 363.0, 1.0, 1346.0, 1851.0, 1347.0, 1347.0, 1346.0, 1345.0, 1373.0, 1.0, 0.0, 1.0, 1.0, 0.0, 1.0, 20.212494324913152, 2.0, 1.7976931348623156E306, 1.7976931348623156E306, 0.0, 1.0, 0.0, 1.7976931348623156E306, 1.7976931348623156E306, 0.0, 1.7976931348623156E306, 1.7976931348623156E306, 1.7976931348623156E306, 1.7976931348623156E306, 1.7976931348623156E306, 1.7976931348623156E306, 1.7976931348623156E306, 1.7976931348623156E306, 1.7976931348623156E306]
536	MoeSQLmosa	18	3	[558.0, 1472.0, 559.0, 1115.0, 916.0, 0.0, 915.0, 1.0, 558.0, 1.0, 1502.0, 2417.0, 1503.0, 1501.0, 1502.0, 1503.0, 1451.0, 1.0, 0.0, 1.0, 1.0, 14.671212121212122, 2.0, 0.0, 1.0, 1.7976931348623156E306, 1.7976931348623156E306, 0.0, 1.0, 0.0, 1.7976931348623156E306, 1.7976931348623156E306, 1.7976931348623156E306, 1.7976931348623156E306, 1.7976931348623156E306, 1.7976931348623156E306, 1.7976931348623156E306, 1.7976931348623156E306, 1.7976931348623156E306, 1.7976931348623156E306, 1.7976931348623156E306, 0.0]
536	MoeSQLmosa	19	3	[1.7976931348623156E306, 1.7976931348623156E306, 1.7976931348623156E306, 1.7976931348623156E306, 1.7976931348623156E306, 1.7976931348623156E306, 1.7976931348623156E306, 1.7976931348623156E306, 1.7976931348623156E306, 1.7976931348623156E306, 1.7976931348623156E306, 1.7976931348623156E306, 1.7976931348623156E306, 1.7976931348623156E306, 1.7976931348623156E306, 1.7976931348623156E306, 1.7976931348623156E306, 1.7976931348623156E306, 1.7976931348623156E306, 1.7976931348623156E306, 1.7976931348623156E306, 1.7976931348623156E306, 0.0, 1.7976931348623156E306, 1.7976931348623156E306, 3.595386269724631E306, 3.595386269724631E306, 1.7976931348623156E306, 1.7976931348623156E306, 1.7976931348623156E306, 3.595386269724631E306, 3.595386269724631E306, 3.595386269724631E306, 3.595386269724631E306, 3.595386269724631E306, 3.595386269724631E306, 3.595386269724631E306, 3.595386269724631E306, 3.595386269724631E306, 3.595386269724631E306, 3.595386269724631E306, 3.595386269724631E306]
536	MoeSQLmosa	20	3	[0.0, 209.0, 1.0, 776.0, 211.0, 776.0, 986.0, 777.0, 0.0, 1.0, 1.0, 211.0, 2.0, 2.0, 1.0, 0.0, 20.0, 2.0, 1.0, 2.0, 2.0, 7.969047619047619, 3.0, 1.0, 2.0, 1.7976931348623156E306, 1.7976931348623156E306, 1.0, 2.0, 1.0, 1.7976931348623156E306, 1.7976931348623156E306, 1.7976931348623156E306, 1.7976931348623156E306, 1.7976931348623156E306, 1.7976931348623156E306, 1.7976931348623156E306, 1.7976931348623156E306, 1.7976931348623156E306, 1.7976931348623156E306, 1.7976931348623156E306, 1.7976931348623156E306]
536	MoeSQLmosa	21	3	[1.7976931348623156E306, 3.595386269724631E306, 3.595386269724631E306, 1.7976931348623156E306, 486.0, 1.7976931348623156E306, 3.595386269724631E306, 3.595386269724631E306, 1.7976931348623156E306, 1.0, 1.7976931348623156E306, 1.7976931348623156E306, 1.7976931348623156E306, 1.7976931348623156E306, 1.7976931348623156E306, 1.7976931348623156E306, 1.7976931348623156E306, 1.0, 0.0, 1.0, 1.0, 0.0, 1.0, 14.671212121212122, 2.0, 1.7976931348623156E306, 1.7976931348623156E306, 0.0, 1.0, 0.0, 1.7976931348623156E306, 1.7976931348623156E306, 1.7976931348623156E306, 1.7976931348623156E306, 1.7976931348623156E306, 1.7976931348623156E306, 1.7976931348623156E306, 1.7976931348623156E306, 0.0, 1.7976931348623156E306, 1.7976931348623156E306, 1.7976931348623156E306]
536	MoeSQLmosa	22	3	[0.0, 348.0, 1.0, 762.0, 350.0, 762.0, 1111.0, 763.0, 0.0, 1.0, 1.0, 350.0, 2.0, 0.0, 1.0, 2.0, 48.0, 2.0, 1.0, 2.0, 2.0, 1.0, 2.0, 15.671212121212122, 3.0, 1.7976931348623156E306, 1.7976931348623156E306, 1.0, 2.0, 1.0, 1.7976931348623156E306, 1.7976931348623156E306, 1.7976931348623156E306, 1.7976931348623156E306, 1.7976931348623156E306, 1.7976931348623156E306, 1.7976931348623156E306, 1.7976931348623156E306, 1.7976931348623156E306, 1.7976931348623156E306, 1.7976931348623156E306, 1.7976931348623156E306]
536	MoeSQLmosa	23	3	[94.0, 821.0, 95.0, 187.0, 729.0, 0.0, 728.0, 1.0, 94.0, 1.0, 391.0, 1119.0, 392.0, 392.0, 391.0, 390.0, 419.0, 1.0, 0.0, 1.0, 2.0, 15.671212121212122, 3.0, 1.0, 2.0, 1.7976931348623156E306, 1.0, 0.0, 1.0, 0.0, 1.7976931348623156E306, 1.7976931348623156E306, 1.7976931348623156E306, 1.7976931348623156E306, 1.7976931348623156E306, 1.7976931348623156E306, 1.7976931348623156E306, 0.0, 1.7976931348623156E306, 1.7976931348623156E306, 1.7976931348623156E306, 1.7976931348623156E306]
536	MoeSQLmosa	24	3	[398.0, 1105.0, 399.0, 795.0, 709.0, 0.0, 708.0, 1.0, 398.0, 1.0, 813.0, 1521.0, 814.0, 814.0, 813.0, 812.0, 861.0, 1.0, 0.0, 1.0, 1.0, 0.0, 1.0, 14.671212121212122, 2.0, 1.7976931348623156E306, 1.7976931348623156E306, 0.0, 1.0, 0.0, 1.7976931348623156E306, 1.7976931348623156E306, 1.7976931348623156E306, 1.7976931348623156E306, 1.7976931348623156E306, 1.7976931348623156E306, 1.7976931348623156E306, 1.7976931348623156E306, 1.7976931348623156E306, 0.0, 1.7976931348623156E306, 1.7976931348623156E306]
536	MoeSQLmosa	25	3	[101.0, 828.0, 102.0, 201.0, 729.0, 0.0, 728.0, 1.0, 101.0, 1.0, 398.0, 1126.0, 399.0, 399.0, 398.0, 397.0, 426.0, 1.0, 0.0, 1.0, 1.0, 14.671212121212122, 2.0, 2.0, 2.0, 1.7976931348623156E306, 0.0, 0.0, 1.0, 0.0, 1.7976931348623156E306, 1.7976931348623156E306, 1.7976931348623156E306, 1.7976931348623156E306, 1.7976931348623156E306, 1.7976931348623156E306, 1.7976931348623156E306, 1.0, 1.7976931348623156E306, 1.7976931348623156E306, 1.7976931348623156E306, 1.7976931348623156E306]
536	MoeSQLmosa	26	4	[1.0, 685.0, 2.0, 1013.0, 687.0, 1013.0, 1698.0, 1014.0, 1.0, 2.0, 0.0, 685.0, 1.0, 1.0, 0.0, 1.0, 17.0, 1.0, 0.0, 1.0, 2.0, 1.0, 2.0, 25.86706720907157, 3.0, 1.7976931348623156E306, 1.0, 0.0, 1.0, 0.0, 1.7976931348623156E306, 1.7976931348623156E306, 1.7976931348623156E306, 0.0, 1.7976931348623156E306, 0.0, 1.7976931348623156E306, 0.0, 1.7976931348623156E306, 1.7976931348623156E306, 1.7976931348623156E306, 1.7976931348623156E306]
536	MoeSQLmosa	27	3	[304.0, 652.0, 305.0, 606.0, 351.0, 1.0, 350.0, 2.0, 304.0, 2.0, 303.0, 652.0, 304.0, 304.0, 303.0, 304.0, 334.0, 1.0, 0.0, 1.0, 1.0, 30.416666666666668, 2.0, 14.671212121212122, 2.0, 0.0, 1.7976931348623156E306, 0.0, 1.0, 0.0, 13.671212121212122, 1.7976931348623156E306, 1.7976931348623156E306, 1.7976931348623156E306, 1.7976931348623156E306, 1.7976931348623156E306, 1.7976931348623156E306, 1.7976931348623156E306, 1.7976931348623156E306, 1.7976931348623156E306, 1.7976931348623156E306, 1.7976931348623156E306]
536	MoeSQLmosa	28	3	[238.0, 766.0, 239.0, 474.0, 531.0, 1.0, 530.0, 2.0, 238.0, 2.0, 237.0, 766.0, 238.0, 238.0, 237.0, 238.0, 284.0, 1.0, 0.0, 1.0, 4.0, 3.0, 4.0, 3.0, 4.0, 3.0, 3.0, 0.0, 1.0, 0.0, 0.0, 1.7976931348623156E306, 1.7976931348623156E306, 1.7976931348623156E306, 1.7976931348623156E306, 1.7976931348623156E306, 1.7976931348623156E306, 0.0, 1.7976931348623156E306, 1.7976931348623156E306, 1.7976931348623156E306, 1.7976931348623156E306]
536	MoeSQLmosa	29	3	[304.0, 652.0, 305.0, 606.0, 351.0, 1.0, 350.0, 2.0, 304.0, 2.0, 303.0, 652.0, 304.0, 304.0, 303.0, 304.0, 334.0, 1.0, 0.0, 1.0, 1.0, 30.416666666666668, 2.0, 14.671212121212122, 2.0, 1.7976931348623156E306, 0.0, 0.0, 1.0, 0.0, 1.7976931348623156E306, 1.7976931348623156E306, 1.7976931348623156E306, 1.7976931348623156E306, 0.0, 1.7976931348623156E306, 1.7976931348623156E306, 13.671212121212122, 1.7976931348623156E306, 1.7976931348623156E306, 1.7976931348623156E306, 1.7976931348623156E306]
536	MoeSQLmosa	30	3	[1.0, 946.0, 2.0, 16.0, 948.0, 16.0, 962.0, 17.0, 1.0, 2.0, 0.0, 946.0, 1.0, 1.0, 0.0, 1.0, 992.0, 1.0, 0.0, 1.0, 1.0, 0.0, 1.0, 3.0, 2.0, 1.7976931348623156E306, 1.7976931348623156E306, 1.0, 0.0, 0.0, 1.7976931348623156E306, 1.7976931348623156E306, 1.7976931348623156E306, 1.7976931348623156E306, 1.7976931348623156E306, 1.7976931348623156E306, 0.0, 1.7976931348623156E306, 1.7976931348623156E306, 0.0, 1.7976931348623156E306, 1.7976931348623156E306]
536	MoeSQLmosa	31	3	[1.0, 0.0, 1.0, 361.0, 3.0, 361.0, 362.0, 361.0, 1.0, 2.0, 37.0, 38.0, 37.0, 38.0, 37.0, 38.0, 1.0, 1.0, 0.0, 1.0, 2.0, 1.0, 2.0, 15.671212121212122, 3.0, 1.0, 1.7976931348623156E306, 0.0, 1.0, 0.0, 0.0, 1.7976931348623156E306, 1.7976931348623156E306, 1.7976931348623156E306, 1.7976931348623156E306, 1.7976931348623156E306, 1.7976931348623156E306, 1.7976931348623156E306, 1.7976931348623156E306, 1.7976931348623156E306, 0.0, 1.7976931348623156E306]
536	MOTGA	0	12	[363.0, 867.0, 1.0, 725.0, 506.0, 0.0, 505.0, 1.0, 363.0, 1.0, 1346.0, 1851.0, 0.0, 1347.0, 1346.0, 1345.0, 1373.0, 1.0, 0.0, 1.0, 1.0, 0.0, 0.0, 0.0, 1.0, 1.7976931348623156E306, 1.7976931348623156E306, 0.0, 1.0, 0.0, 1.7976931348623156E306, 1.7976931348623156E306, 0.0, 1.7976931348623156E306, 1.7976931348623156E306, 1.7976931348623156E306, 1.7976931348623156E306, 1.7976931348623156E306, 1.7976931348623156E306, 1.7976931348623156E306, 1.7976931348623156E306, 0.0]
536	MOTGA	1	15	[0.0, 0.0, 1.0, 361.0, 1.0, 1.0, 0.0, 2.0, 1.0, 0.0, 37.0, 0.0, 37.0, 38.0, 37.0, 38.0, 1.0, 1.0, 0.0, 1.0, 0.0, 2.0, 1.0, 3.0, 1.0, 2.0, 2.0, 0.0, 1.0, 0.0, 0.0, 1.7976931348623156E306, 1.7976931348623156E306, 13.671212121212122, 1.7976931348623156E306, 1.7976931348623156E306, 1.7976931348623156E306, 0.0, 13.671212121212122, 1.7976931348623156E306, 0.0, 1.7976931348623156E306]
536	MOTGA	2	24	[0.0, 209.0, 1.0, 16.0, 211.0, 0.0, 350.0, 1.0, 0.0, 1.0, 0.0, 211.0, 1.0, 0.0, 0.0, 0.0, 20.0, 0.0, 0.0, 1.0, 1.0, 0.0, 1.0, 2.0, 2.0, 0.0, 0.0, 0.0, 0.0, 0.0, 0.0, 0.0, 1.7976931348623156E306, 0.0, 1.7976931348623156E306, 1.7976931348623156E306, 0.0, 0.0, 0.0, 0.0, 0.0, 1.7976931348623156E306]
536	MOTGA	3	25	[0.0, 652.0, 0.0, 486.0, 0.0, 1.0, 350.0, 0.0, 0.0, 1.0, 0.0, 652.0, 1.0, 1.0, 0.0, 1.0, 0.0, 1.0, 0.0, 0.0, 1.0, 1.0, 2.0, 2.0, 0.0, 1.7976931348623156E306, 0.0, 0.0, 1.0, 0.0, 1.7976931348623156E306, 0.0, 1.7976931348623156E306, 0.0, 0.0, 0.0, 1.7976931348623156E306, 0.0, 1.0, 1.7976931348623156E306, 0.0, 1.7976931348623156E306]
537	MoeSQLmosa	0	3	[0.0]
537	MOTGA	0	3	[0.0]
538	MoeSQLmosa	0	1	[0.0, 18.891402066268054]
538	MoeSQLmosa	1	1	[1.0, 0.0]
538	MOTGA	0	2	[0.0, 0.0]
539	MoeSQLmosa	0	1	[1.0, 0.0, 1.0, 0.0, 1.0, 1.0]
539	MoeSQLmosa	1	1	[40.292333934971886, 39.292333934971886, 40.292333934971886, 39.292333934971886, 0.0, 1.0]
539	MoeSQLmosa	2	1	[2.0, 1.0, 0.0, 1.0, 2.0, 2.0]
539	MoeSQLmosa	3	1	[0.0, 1.0, 2.0, 1.0, 2.0, 2.0]
539	MoeSQLmosa	4	1	[1.7976931348623156E306, 1.7976931348623156E306, 1.7976931348623156E306, 1.7976931348623156E306, 1.7976931348623156E306, 0.0]
539	MOTGA	0	5	[0.0, 0.0, 0.0, 0.0, 0.0, 0.0]
540	MoeSQLmosa	0	1	[1.0, 0.0]
540	MoeSQLmosa	1	1	[0.0, 10.359947607631144]
540	MOTGA	0	2	[0.0, 0.0]
541	MoeSQLmosa	0	1	[0.0, 23.97428513627192]
541	MoeSQLmosa	1	1	[1.0, 0.0]
541	MOTGA	0	2	[0.0, 0.0]
542	MoeSQLmosa	0	1	[0.0, 43.58882171468378]
542	MoeSQLmosa	1	1	[1.0, 0.0]
542	MOTGA	0	2	[0.0, 0.0]
543	MoeSQLmosa	0	1	[26.997928211575616, 27.997928211575616, 27.997928211575616, 27.997928211575616, 27.997928211575616, 0.0, 1.0, 27.997928211575616, 27.997928211575616, 27.997928211575616, 26.997928211575616, 27.997928211575616, 848.4810131063253, 849.4810131063253, 850.4810131063253]
543	MoeSQLmosa	1	1	[10.62638888888889, 11.62638888888889, 11.62638888888889, 0.0, 1.0, 11.62638888888889, 11.62638888888889, 11.62638888888889, 11.62638888888889, 11.62638888888889, 10.62638888888889, 11.62638888888889, 832.1094737836386, 833.1094737836386, 834.1094737836386]
543	MoeSQLmosa	2	1	[0.0, 1.0, 1.0, 1.0, 1.0, 1.0, 1.0, 1.0, 1.0, 1.0, 0.0, 1.0, 821.4830848947497, 822.4830848947497, 823.4830848947497]
543	MoeSQLmosa	3	1	[1.0, 2.0, 2.0, 2.0, 2.0, 2.0, 2.0, 2.0, 2.0, 2.0, 1.0, 0.0, 1.0, 2.0, 3.0]
543	MoeSQLmosa	4	1	[12.27206422711629, 0.0, 1.0, 13.27206422711629, 13.27206422711629, 13.27206422711629, 13.27206422711629, 13.27206422711629, 13.27206422711629, 13.27206422711629, 12.27206422711629, 13.27206422711629, 833.755149121866, 834.755149121866, 835.755149121866]
543	MoeSQLmosa	5	1	[0.0, 1.0, 1.0, 1.0, 1.0, 1.0, 1.0, 1.0, 1.0, 1.0, 0.0, 1.0, 0.0, 1.0, 2.0]
543	MoeSQLmosa	6	1	[13.399999999999999, 14.399999999999999, 14.399999999999999, 14.399999999999999, 14.399999999999999, 14.399999999999999, 14.399999999999999, 0.0, 1.0, 14.399999999999999, 13.399999999999999, 14.399999999999999, 834.8830848947497, 835.8830848947497, 836.8830848947497]
543	MoeSQLmosa	7	1	[1.7976931348623156E306, 1.7976931348623156E306, 1.7976931348623156E306, 1.7976931348623156E306, 1.7976931348623156E306, 1.7976931348623156E306, 0.0, 1.7976931348623156E306, 1.7976931348623156E306, 1.7976931348623156E306, 1.7976931348623156E306, 1.7976931348623156E306, 1.7976931348623156E306, 1.7976931348623156E306, 1.7976931348623156E306]
543	MoeSQLmosa	8	1	[1.0, 2.0, 2.0, 2.0, 2.0, 2.0, 2.0, 2.0, 2.0, 2.0, 1.0, 2.0, 1.0, 0.0, 1.0]
543	MoeSQLmosa	9	1	[1.7976931348623156E306, 1.7976931348623156E306, 1.7976931348623156E306, 1.7976931348623156E306, 1.7976931348623156E306, 1.7976931348623156E306, 1.7976931348623156E306, 1.7976931348623156E306, 0.0, 1.7976931348623156E306, 1.7976931348623156E306, 1.7976931348623156E306, 1.7976931348623156E306, 1.7976931348623156E306, 1.7976931348623156E306]
543	MoeSQLmosa	10	1	[1.7976931348623156E306, 1.7976931348623156E306, 0.0, 1.7976931348623156E306, 1.7976931348623156E306, 1.7976931348623156E306, 1.7976931348623156E306, 1.7976931348623156E306, 1.7976931348623156E306, 1.7976931348623156E306, 1.7976931348623156E306, 1.7976931348623156E306, 1.7976931348623156E306, 1.7976931348623156E306, 1.7976931348623156E306]
543	MoeSQLmosa	11	1	[1.0, 2.0, 2.0, 2.0, 2.0, 2.0, 2.0, 2.0, 2.0, 0.0, 1.0, 2.0, 1.0, 2.0, 3.0]
543	MoeSQLmosa	12	1	[1.7976931348623156E306, 1.7976931348623156E306, 1.7976931348623156E306, 1.7976931348623156E306, 0.0, 1.7976931348623156E306, 1.7976931348623156E306, 1.7976931348623156E306, 1.7976931348623156E306, 1.7976931348623156E306, 1.7976931348623156E306, 1.7976931348623156E306, 1.7976931348623156E306, 1.7976931348623156E306, 1.7976931348623156E306]
543	MoeSQLmosa	13	1	[2.0, 3.0, 3.0, 3.0, 3.0, 3.0, 3.0, 3.0, 3.0, 3.0, 2.0, 3.0, 2.0, 1.0, 0.0]
543	MOTGA	0	13	[0.0, 0.0, 0.0, 0.0, 0.0, 0.0, 0.0, 0.0, 0.0, 0.0, 0.0, 0.0, 0.0, 0.0, 0.0]
544	MoeSQLmosa	0	1	[1.0, 0.0]
544	MoeSQLmosa	1	1	[0.0, 32.79160008670878]
544	MOTGA	0	2	[0.0, 0.0]
546	MoeSQLmosa	0	2	[0.0, 0.0]
546	MOTGA	0	2	[0.0, 0.0]
547	MoeSQLmosa	0	1	[3.0, 2.0, 1.0, 1.0, 0.0, 1.0]
547	MoeSQLmosa	1	1	[486.0, 485.0, 484.0, 0.0, 1.0, 2.0]
547	MoeSQLmosa	2	1	[2.0, 1.0, 0.0, 1.0, 2.0, 3.0]
547	MoeSQLmosa	3	1	[1.0, 0.0, 1.0, 497.02104434166426, 498.02104434166426, 499.02104434166426]
547	MoeSQLmosa	4	1	[0.0, 1.0, 2.0, 31.8871675, 32.887167500000004, 33.887167500000004]
547	MoeSQLmosa	5	1	[4.0, 3.0, 2.0, 2.0, 1.0, 0.0]
547	MOTGA	0	5	[0.0, 0.0, 0.0, 0.0, 0.0, 0.0]
549	MoeSQLmosa	0	2	[0.0, 1.0, 0.0]
549	MoeSQLmosa	1	1	[1.0, 0.0, 1.0]
549	MOTGA	0	3	[0.0, 0.0, 0.0]
550	MoeSQLmosa	0	2	[0.0, 0.0]
550	MOTGA	0	2	[0.0, 0.0]
551	MoeSQLmosa	0	1	[0.0, 1.0, 2.0, 331.0, 330.0, 329.0]
551	MoeSQLmosa	1	1	[2.0, 1.0, 2.0, 1.0, 0.0, 1.0]
551	MoeSQLmosa	2	1	[1.0, 0.0, 1.0, 959.0, 958.0, 957.0]
551	MoeSQLmosa	3	1	[1.0, 0.0, 1.0, 2.0, 1.0, 0.0]
551	MoeSQLmosa	4	1	[2.0, 1.0, 0.0, 3.0, 2.0, 1.0]
551	MoeSQLmosa	5	1	[3.0, 2.0, 3.0, 0.0, 1.0, 2.0]
551	MOTGA	0	5	[0.0, 0.0, 0.0, 0.0, 0.0, 0.0]
552	MoeSQLmosa	0	1	[43.060712445799204, 80.0607124457992, 44.060712445799204, 0.0, 1.0, 44.060712445799204, 43.060712445799204, 44.060712445799204]
552	MoeSQLmosa	1	1	[0.0, 46.0, 1.0, 1.0, 1.0, 1.0, 0.0, 1.0]
552	MoeSQLmosa	2	1	[1.7976931348623156E306, 1.7976931348623156E306, 0.0, 1.7976931348623156E306, 1.7976931348623156E306, 1.7976931348623156E306, 1.7976931348623156E306, 1.7976931348623156E306]
552	MoeSQLmosa	3	1	[28.0, 0.0, 1.0, 29.0, 29.0, 29.0, 28.0, 29.0]
552	MoeSQLmosa	4	1	[1.0, 19.0, 2.0, 2.0, 2.0, 2.0, 1.0, 0.0]
552	MoeSQLmosa	5	1	[1.0, 50.0, 2.0, 2.0, 2.0, 0.0, 1.0, 2.0]
552	MoeSQLmosa	6	1	[1.7976931348623156E306, 1.7976931348623156E306, 1.7976931348623156E306, 1.7976931348623156E306, 0.0, 1.7976931348623156E306, 1.7976931348623156E306, 1.7976931348623156E306]
552	MOTGA	0	7	[0.0, 0.0, 0.0, 0.0, 0.0, 0.0, 0.0, 0.0]
553	MoeSQLmosa	0	1	[42.179474766495225, 43.179474766495225, 43.179474766495225, 43.179474766495225, 43.179474766495225, 0.0, 1.0]
553	MoeSQLmosa	1	1	[9.0, 10.0, 10.0, 0.0, 1.0, 10.0, 10.0]
553	MoeSQLmosa	2	1	[0.0, 1.0, 1.0, 1.0, 1.0, 1.0, 1.0]
553	MoeSQLmosa	3	1	[40.69172592113768, 0.0, 1.0, 41.69172592113768, 41.69172592113768, 41.69172592113768, 41.69172592113768]
553	MoeSQLmosa	4	1	[1.7976931348623156E306, 1.7976931348623156E306, 1.7976931348623156E306, 1.7976931348623156E306, 1.7976931348623156E306, 1.7976931348623156E306, 0.0]
553	MoeSQLmosa	5	1	[1.7976931348623156E306, 1.7976931348623156E306, 1.7976931348623156E306, 1.7976931348623156E306, 0.0, 1.7976931348623156E306, 1.7976931348623156E306]
553	MoeSQLmosa	6	1	[1.7976931348623156E306, 1.7976931348623156E306, 0.0, 1.7976931348623156E306, 1.7976931348623156E306, 1.7976931348623156E306, 1.7976931348623156E306]
553	MOTGA	0	7	[0.0, 0.0, 0.0, 0.0, 0.0, 0.0, 0.0]
554	MoeSQLmosa	0	2	[0.0, 0.0, 1.0]
554	MoeSQLmosa	1	1	[1.7976931348623156E306, 1.7976931348623156E306, 0.0]
554	MOTGA	0	3	[0.0, 0.0, 0.0]
555	MoeSQLmosa	0	1	[0.0, 37.139316438025546]
555	MoeSQLmosa	1	1	[1.0, 0.0]
555	MOTGA	0	2	[0.0, 0.0]
556	MoeSQLmosa	0	1	[1.0, 0.0, 0.0, 1.0]
556	MoeSQLmosa	1	1	[0.0, 48.0, 0.0, 1.0]
556	MoeSQLmosa	2	1	[1.0, 0.0, 1.0, 0.0]
556	MOTGA	0	2	[0.0, 0.0, 0.0, 0.0]
557	MoeSQLmosa	0	1	[0.0, 31.634959594851544]
557	MoeSQLmosa	1	1	[1.0, 0.0]
557	MOTGA	0	2	[0.0, 0.0]
558	MoeSQLmosa	0	1	[0.0, 18.0, 1.0]
558	MoeSQLmosa	1	1	[1.7976931348623156E306, 1.7976931348623156E306, 0.0]
558	MoeSQLmosa	2	1	[1.0, 0.0, 1.0]
558	MOTGA	0	3	[0.0, 0.0, 0.0]
559	MoeSQLmosa	0	1	[24.952496114996112, 0.0, 1.0, 25.952496114996112, 25.952496114996112, 25.952496114996112, 25.952496114996112, 52.71282350341947]
559	MoeSQLmosa	1	1	[25.57179510270027, 26.57179510270027, 26.57179510270027, 26.57179510270027, 26.57179510270027, 0.0, 1.0, 37.543877129147624]
559	MoeSQLmosa	2	1	[12.28888888888889, 13.28888888888889, 13.28888888888889, 0.0, 1.0, 13.28888888888889, 13.28888888888889, 55.461914713638855]
559	MoeSQLmosa	3	1	[1.0, 2.0, 2.0, 2.0, 2.0, 2.0, 2.0, 0.0]
559	MoeSQLmosa	4	1	[0.0, 1.0, 1.0, 1.0, 1.0, 1.0, 1.0, 0.8]
559	MoeSQLmosa	5	1	[1.7976931348623156E306, 1.7976931348623156E306, 1.7976931348623156E306, 1.7976931348623156E306, 0.0, 1.7976931348623156E306, 1.7976931348623156E306, 1.7976931348623156E306]
559	MoeSQLmosa	6	1	[1.7976931348623156E306, 1.7976931348623156E306, 1.7976931348623156E306, 1.7976931348623156E306, 1.7976931348623156E306, 1.7976931348623156E306, 0.0, 1.7976931348623156E306]
559	MoeSQLmosa	7	1	[1.7976931348623156E306, 1.7976931348623156E306, 0.0, 1.7976931348623156E306, 1.7976931348623156E306, 1.7976931348623156E306, 1.7976931348623156E306, 1.7976931348623156E306]
559	MOTGA	0	8	[0.0, 0.0, 0.0, 0.0, 0.0, 0.0, 0.0, 0.0]
560	MoeSQLmosa	0	3	[0.0]
560	MOTGA	0	3	[0.0]
561	MoeSQLmosa	0	1	[1.0, 2.0, 2.0, 0.0, 1.0, 2.0, 0.0]
561	MoeSQLmosa	1	1	[0.0, 1.0, 1.0, 1.0, 0.0, 1.0, 0.0]
561	MoeSQLmosa	2	1	[14.709467941619103, 0.0, 1.0, 15.709467941619103, 14.709467941619103, 15.709467941619103, 14.709467941619103]
561	MoeSQLmosa	3	1	[1.7976931348623156E306, 1.7976931348623156E306, 0.0, 1.7976931348623156E306, 1.7976931348623156E306, 1.7976931348623156E306, 1.7976931348623156E306]
561	MoeSQLmosa	4	1	[1.0, 2.0, 2.0, 2.0, 1.0, 0.0, 0.0]
561	MOTGA	0	5	[0.0, 0.0, 0.0, 0.0, 0.0, 0.0, 0.0]
562	MoeSQLmosa	0	1	[40.0, 41.0, 41.0, 0.0, 1.0, 56.64692670502544, 41.0, 40.0, 41.0]
562	MoeSQLmosa	1	1	[1.7976931348623156E306, 1.7976931348623156E306, 1.7976931348623156E306, 1.7976931348623156E306, 0.0, 1.7976931348623156E306, 1.7976931348623156E306, 1.7976931348623156E306, 1.7976931348623156E306]
562	MoeSQLmosa	2	1	[8.433333333333334, 0.0, 1.0, 9.433333333333334, 9.433333333333334, 17.866666666666667, 9.433333333333334, 8.433333333333334, 9.433333333333334]
562	MoeSQLmosa	3	1	[1.0, 2.0, 2.0, 2.0, 2.0, 10.433333333333334, 2.0, 1.0, 0.0]
562	MoeSQLmosa	4	1	[1.0, 2.0, 2.0, 2.0, 2.0, 0.0, 2.0, 1.0, 2.0]
562	MoeSQLmosa	5	1	[0.0, 1.0, 1.0, 1.0, 1.0, 14.05753257824869, 1.0, 0.0, 1.0]
562	MoeSQLmosa	6	1	[1.7976931348623156E306, 1.7976931348623156E306, 0.0, 1.7976931348623156E306, 1.7976931348623156E306, 1.7976931348623156E306, 1.7976931348623156E306, 1.7976931348623156E306, 1.7976931348623156E306]
562	MoeSQLmosa	7	1	[1.0, 2.0, 2.0, 2.0, 2.0, 9.433333333333334, 0.0, 1.0, 2.0]
562	MOTGA	0	8	[0.0, 0.0, 0.0, 0.0, 0.0, 0.0, 0.0, 0.0, 0.0]
563	MoeSQLmosa	0	1	[0.0, 31.188686803392685]
563	MoeSQLmosa	1	1	[1.0, 0.0]
563	MOTGA	0	2	[0.0, 0.0]
564	MoeSQLmosa	0	1	[1.0, 0.0, 1.0]
564	MoeSQLmosa	1	1	[0.0, 45.42857142857143, 1.0]
564	MoeSQLmosa	2	1	[1.7976931348623156E306, 1.7976931348623156E306, 0.0]
564	MOTGA	0	3	[0.0, 0.0, 0.0]
565	MoeSQLmosa	0	2	[14.056410256410256, 0.0, 0.0, 15.056410256410256, 15.056410256410256]
565	MoeSQLmosa	1	1	[0.0, 1.0, 1.0, 1.0, 1.0]
565	MoeSQLmosa	2	1	[6.572410348272417, 7.572410348272417, 7.572410348272417, 0.0, 1.0]
565	MoeSQLmosa	3	1	[1.7976931348623156E306, 1.7976931348623156E306, 1.7976931348623156E306, 1.7976931348623156E306, 0.0]
565	MOTGA	0	5	[0.0, 0.0, 0.0, 0.0, 0.0]
566	MoeSQLmosa	0	1	[8.852813852813853, 9.852813852813853, 9.852813852813853, 9.852813852813853, 9.852813852813853, 9.852813852813853, 0.0, 1.0, 9.852813852813853]
566	MoeSQLmosa	1	1	[43.62655122655122, 44.62655122655122, 1.0, 44.62655122655122, 44.62655122655122, 0.0, 44.62655122655122, 44.62655122655122, 44.62655122655122]
566	MoeSQLmosa	2	1	[12.99595948791416, 1.0, 13.99595948791416, 13.99595948791416, 13.99595948791416, 13.99595948791416, 13.99595948791416, 13.99595948791416, 0.0]
566	MoeSQLmosa	3	1	[11.7718782249742, 12.7718782249742, 12.7718782249742, 0.0, 1.0, 12.7718782249742, 12.7718782249742, 12.7718782249742, 12.7718782249742]
566	MoeSQLmosa	4	1	[1.7976931348623156E306, 0.0, 3.595386269724631E306, 3.595386269724631E306, 3.595386269724631E306, 3.595386269724631E306, 3.595386269724631E306, 3.595386269724631E306, 1.7976931348623156E306]
566	MoeSQLmosa	5	1	[0.0, 1.0, 1.0, 1.0, 1.0, 1.0, 1.0, 1.0, 1.0]
566	MoeSQLmosa	6	1	[1.7976931348623156E306, 3.595386269724631E306, 0.0, 3.595386269724631E306, 3.595386269724631E306, 1.7976931348623156E306, 3.595386269724631E306, 3.595386269724631E306, 3.595386269724631E306]
566	MoeSQLmosa	7	1	[1.7976931348623156E306, 1.7976931348623156E306, 1.7976931348623156E306, 1.7976931348623156E306, 0.0, 1.7976931348623156E306, 1.7976931348623156E306, 1.7976931348623156E306, 1.7976931348623156E306]
566	MoeSQLmosa	8	1	[1.7976931348623156E306, 1.7976931348623156E306, 1.7976931348623156E306, 1.7976931348623156E306, 1.7976931348623156E306, 1.7976931348623156E306, 1.7976931348623156E306, 0.0, 1.7976931348623156E306]
566	MOTGA	0	9	[0.0, 0.0, 0.0, 0.0, 0.0, 0.0, 0.0, 0.0, 0.0]
567	MoeSQLmosa	0	1	[0.0, 43.13988095238095]
567	MoeSQLmosa	1	1	[1.0, 0.0]
567	MOTGA	0	2	[0.0, 0.0]
568	MoeSQLmosa	0	2	[0.0, 0.0, 1.0]
568	MoeSQLmosa	1	1	[1.7976931348623156E306, 1.7976931348623156E306, 0.0]
568	MOTGA	0	3	[0.0, 0.0, 0.0]
569	MoeSQLmosa	0	1	[4.901218708827405, 5.901218708827405, 5.901218708827405, 0.0, 1.0, 5.901218708827405, 5.901218708827405, 16.483415678524374]
569	MoeSQLmosa	1	1	[39.104166666666664, 40.104166666666664, 40.104166666666664, 40.104166666666664, 40.104166666666664, 0.0, 1.0, 51.34164470794905]
569	MoeSQLmosa	2	1	[1.7976931348623156E306, 1.7976931348623156E306, 1.7976931348623156E306, 1.7976931348623156E306, 0.0, 1.7976931348623156E306, 1.7976931348623156E306, 1.7976931348623156E306]
569	MoeSQLmosa	3	1	[0.0, 1.0, 1.0, 1.0, 1.0, 1.0, 1.0, 11.58219696969697]
569	MoeSQLmosa	4	1	[24.46666666666667, 0.0, 1.0, 25.46666666666667, 25.46666666666667, 25.46666666666667, 25.46666666666667, 33.199531024531026]
569	MoeSQLmosa	5	1	[1.0, 2.0, 2.0, 2.0, 2.0, 2.0, 2.0, 0.0]
569	MoeSQLmosa	6	1	[1.7976931348623156E306, 1.7976931348623156E306, 1.7976931348623156E306, 1.7976931348623156E306, 1.7976931348623156E306, 1.7976931348623156E306, 0.0, 1.7976931348623156E306]
569	MoeSQLmosa	7	1	[1.7976931348623156E306, 1.7976931348623156E306, 0.0, 1.7976931348623156E306, 1.7976931348623156E306, 1.7976931348623156E306, 1.7976931348623156E306, 1.7976931348623156E306]
569	MOTGA	0	8	[0.0, 0.0, 0.0, 0.0, 0.0, 0.0, 0.0, 0.0]
570	MoeSQLmosa	0	2	[0.0, 0.0]
570	MOTGA	0	2	[0.0, 0.0]
571	MoeSQLmosa	0	1	[0.0, 1.0, 2.0]
571	MoeSQLmosa	1	1	[1.0, 0.0, 1.0]
571	MoeSQLmosa	2	1	[2.0, 1.0, 0.0]
571	MOTGA	0	3	[0.0, 0.0, 0.0]
573	MoeSQLmosa	0	1	[0.0, 12.794890572445752]
573	MoeSQLmosa	1	1	[1.0, 0.0]
573	MOTGA	0	2	[0.0, 0.0]
574	MoeSQLmosa	0	1	[12.1231884057971, 13.1231884057971, 13.1231884057971, 13.1231884057971, 13.1231884057971, 0.0, 1.0]
574	MoeSQLmosa	1	1	[14.216666666666665, 0.0, 1.0, 15.216666666666665, 15.216666666666665, 15.216666666666665, 15.216666666666665]
574	MoeSQLmosa	2	1	[0.0, 1.0, 1.0, 1.0, 1.0, 1.0, 1.0]
574	MoeSQLmosa	3	1	[36.00173461803897, 37.00173461803897, 37.00173461803897, 0.0, 1.0, 37.00173461803897, 37.00173461803897]
574	MoeSQLmosa	4	1	[1.7976931348623156E306, 1.7976931348623156E306, 1.7976931348623156E306, 1.7976931348623156E306, 0.0, 1.7976931348623156E306, 1.7976931348623156E306]
574	MoeSQLmosa	5	1	[1.7976931348623156E306, 1.7976931348623156E306, 0.0, 1.7976931348623156E306, 1.7976931348623156E306, 1.7976931348623156E306, 1.7976931348623156E306]
574	MoeSQLmosa	6	1	[1.7976931348623156E306, 1.7976931348623156E306, 1.7976931348623156E306, 1.7976931348623156E306, 1.7976931348623156E306, 1.7976931348623156E306, 0.0]
574	MOTGA	0	7	[0.0, 0.0, 0.0, 0.0, 0.0, 0.0, 0.0]
575	MoeSQLmosa	0	1	[18.732967032967032, 0.0, 1.0, 19.732967032967032, 19.732967032967032]
575	MoeSQLmosa	1	1	[6.473234811165844, 7.473234811165844, 7.473234811165844, 0.0, 1.0]
575	MoeSQLmosa	2	1	[0.0, 1.0, 1.0, 1.0, 1.0]
575	MoeSQLmosa	3	1	[1.7976931348623156E306, 1.7976931348623156E306, 1.7976931348623156E306, 1.7976931348623156E306, 0.0]
575	MoeSQLmosa	4	1	[1.7976931348623156E306, 1.7976931348623156E306, 0.0, 1.7976931348623156E306, 1.7976931348623156E306]
575	MOTGA	0	5	[0.0, 0.0, 0.0, 0.0, 0.0]
576	MoeSQLmosa	0	2	[0.0, 0.0]
576	MOTGA	0	2	[0.0, 0.0]
577	MoeSQLmosa	0	1	[0.0, 15.555441430441432]
577	MoeSQLmosa	1	1	[1.0, 0.0]
577	MOTGA	0	2	[0.0, 0.0]
578	MoeSQLmosa	0	1	[1.0, 0.0]
578	MoeSQLmosa	1	1	[0.0, 12.109484083168292]
578	MOTGA	0	2	[0.0, 0.0]
579	MoeSQLmosa	0	1	[1.0, 0.0, 1.0]
579	MoeSQLmosa	1	1	[0.0, 35.9451951951952, 1.0]
579	MoeSQLmosa	2	1	[1.7976931348623156E306, 1.7976931348623156E306, 0.0]
579	MOTGA	0	3	[0.0, 0.0, 0.0]
580	MoeSQLmosa	0	1	[1.0, 0.0]
580	MoeSQLmosa	1	1	[0.0, 14.466510912321121]
580	MOTGA	0	2	[0.0, 0.0]
581	MoeSQLmosa	0	3	[0.0, 0.0, 1.0, 350.9885999205702, 429.0, 450.0, 349.9885999205702, 430.0, 451.0, 0.0, 235.0, 1.0, 215.0, 1.0, 40.19166666666666, 24.82712842712843, 2.0, 1.0, 0.0, 2.0, 3.0, 2.0]
581	MoeSQLmosa	1	2	[40.48759784382713, 24.449322911212576, 25.449322911212576, 418.48759784382713, 906.4875978438271, 795.4875978438271, 417.48759784382713, 906.4875978438271, 795.4875978438271, 1661.4875978438272, 1173.4875978438272, 1174.4875978438272, 1283.4875978438272, 1506.4875978438272, 66.28954589577518, 56.52587277644169, 494.48759784382713, 493.48759784382713, 492.48759784382713, 16.038274932614556, 17.038274932614556, 0.0]
581	MoeSQLmosa	2	2	[24.291361407587768, 25.291361407587768, 25.291361407587768, 793.2913614075877, 377.2913614075878, 617.2913614075877, 795.2913614075877, 378.2913614075878, 618.2913614075877, 24.291361407587768, 440.2913614075878, 25.291361407587768, 201.29136140758777, 25.291361407587768, 49.1184898347162, 49.1184898347162, 727.2913614075877, 726.2913614075877, 725.2913614075877, 0.0, 1.0, 0.0]
581	MoeSQLmosa	3	2	[1.0, 2.0, 2.0, 761.0, 628.0, 267.0, 763.0, 629.0, 268.0, 1.0, 134.0, 2.0, 496.0, 2.0, 25.82712842712843, 25.82712842712843, 1.0, 0.0, 1.0, 2.0, 3.0, 1.0]
581	MoeSQLmosa	4	2	[205.0, 206.0, 206.0, 229.0, 0.0, 433.0, 230.0, 0.0, 435.0, 205.0, 434.0, 615.0, 0.0, 1.0, 245.06153846153848, 229.82712842712843, 207.0, 206.0, 205.0, 207.0, 208.0, 2.0]
581	MoeSQLmosa	5	2	[1.0, 2.0, 2.0, 239.0, 553.0, 476.0, 238.0, 553.0, 476.0, 1028.0, 714.0, 715.0, 790.0, 945.0, 0.0, 25.82712842712843, 675.0, 674.0, 673.0, 3.0, 4.0, 2.0]
581	MoeSQLmosa	6	2	[2.0, 3.0, 3.0, 762.0, 629.0, 268.0, 764.0, 630.0, 269.0, 2.0, 135.0, 3.0, 497.0, 3.0, 26.82712842712843, 26.82712842712843, 0.0, 1.0, 2.0, 2.0, 3.0, 2.0]
581	MoeSQLmosa	7	2	[1.7976931348623156E306, 1.7976931348623156E306, 0.0, 1.7976931348623156E306, 1.7976931348623156E306, 1.7976931348623156E306, 1.7976931348623156E306, 1.7976931348623156E306, 1.7976931348623156E306, 1.7976931348623156E306, 1.7976931348623156E306, 1.7976931348623156E306, 1.7976931348623156E306, 1.7976931348623156E306, 1.7976931348623156E306, 1.7976931348623156E306, 1.7976931348623156E306, 1.7976931348623156E306, 1.7976931348623156E306, 1.7976931348623156E306, 1.7976931348623156E306, 2.0]
581	MoeSQLmosa	8	2	[133.0, 134.0, 134.0, 157.0, 290.0, 0.0, 158.0, 292.0, 0.0, 133.0, 0.0, 1.0, 291.0, 401.0, 157.82712842712843, 157.82712842712843, 1118.0, 1117.0, 1116.0, 135.0, 136.0, 2.0]
581	MoeSQLmosa	9	2	[1.7976931348623156E306, 1.7976931348623156E306, 1.7976931348623156E306, 3.595386269724631E306, 3.595386269724631E306, 1.7976931348623156E306, 3.595386269724631E306, 3.595386269724631E306, 1.7976931348623156E306, 1.7976931348623156E306, 1.7976931348623156E306, 0.0, 1.7976931348623156E306, 5.393079404586947E306, 1.7976931348623156E306, 1.7976931348623156E306, 1.7976931348623156E306, 1.7976931348623156E306, 1.7976931348623156E306, 1.7976931348623156E306, 1.7976931348623156E306, 2.0]
581	MoeSQLmosa	10	2	[1.7976931348623156E306, 1.7976931348623156E306, 1.7976931348623156E306, 3.595386269724631E306, 1.7976931348623156E306, 3.595386269724631E306, 3.595386269724631E306, 1.7976931348623156E306, 3.595386269724631E306, 1.7976931348623156E306, 1.7976931348623156E306, 5.393079404586947E306, 1.7976931348623156E306, 0.0, 1.7976931348623156E306, 1.7976931348623156E306, 1.7976931348623156E306, 1.7976931348623156E306, 1.7976931348623156E306, 1.7976931348623156E306, 1.7976931348623156E306, 2.0]
581	MoeSQLmosa	11	2	[1.0, 2.0, 2.0, 665.0, 426.0, 453.0, 667.0, 427.0, 454.0, 1.0, 240.0, 2.0, 214.0, 2.0, 17.038274932614556, 0.0, 284.0, 283.0, 282.0, 2.0, 3.0, 1.0]
581	MoeSQLmosa	12	2	[1.7976931348623156E306, 1.7976931348623156E306, 1.7976931348623156E306, 1.7976931348623156E306, 1.7976931348623156E306, 1.7976931348623156E306, 1.7976931348623156E306, 1.7976931348623156E306, 1.7976931348623156E306, 1.7976931348623156E306, 1.7976931348623156E306, 1.7976931348623156E306, 1.7976931348623156E306, 1.7976931348623156E306, 1.7976931348623156E306, 1.7976931348623156E306, 1.7976931348623156E306, 1.7976931348623156E306, 1.7976931348623156E306, 1.0, 0.0, 1.0]
581	MoeSQLmosa	13	2	[0.0, 1.0, 1.0, 0.0, 263.0, 3.0, 8.0, 270.0, 3.0, 266.0, 3.0, 4.0, 271.0, 789.0, 24.82712842712843, 24.82712842712843, 396.0, 395.0, 394.0, 2.0, 3.0, 2.0]
581	MOTGA	0	6	[1.0, 2.0, 2.0, 665.0, 365.34724021592444, 453.0, 667.0, 366.34724021592444, 454.0, 1.0, 240.0, 2.0, 189.34724021592442, 0.0, 17.038274932614556, 0.0, 32.29012988049418, 31.290129880494174, 30.290129880494174, 0.0, 1.0, 0.0]
581	MOTGA	1	21	[0.0, 0.0, 0.0, 0.0, 0.0, 0.0, 8.0, 0.0, 0.0, 0.0, 0.0, 0.0, 0.0, 1.0, 0.0, 24.82712842712843, 0.0, 0.0, 0.0, 1.0, 0.0, 2.0]
582	MoeSQLmosa	0	1	[1.0, 0.0, 1.0]
582	MoeSQLmosa	1	1	[0.0, 7.123193473193473, 1.0]
582	MoeSQLmosa	2	1	[1.7976931348623156E306, 1.7976931348623156E306, 0.0]
582	MOTGA	0	3	[0.0, 0.0, 0.0]
583	MoeSQLmosa	0	2	[0.0, 0.0]
583	MOTGA	0	2	[0.0, 0.0]
584	MoeSQLmosa	0	3	[0.0, 244.0, 569.0, 567.0, 1.0, 244.0, 0.0, 1.0, 812.0, 245.0, 851.0, 607.0, 1176.0, 850.0, 851.0, 852.0, 891.0, 245.0, 244.0, 245.0, 245.0, 244.0, 245.0, 265.7383815110664, 246.0, 1.7976931348623156E306, 1.7976931348623156E306, 244.0, 245.0, 244.0, 1.7976931348623156E306, 1.7976931348623156E306, 1.7976931348623156E306, 1.7976931348623156E306, 1.7976931348623156E306, 1.7976931348623156E306, 1.7976931348623156E306, 1.7976931348623156E306, 1.7976931348623156E306, 1.7976931348623156E306, 1.7976931348623156E306, 1.7976931348623156E306]
584	MoeSQLmosa	1	3	[0.0, 527.0, 2.0, 1054.0, 1.0, 1581.0, 1054.0, 1056.0, 527.0, 528.0, 527.0, 0.0, 1.0, 528.0, 527.0, 528.0, 548.0, 528.0, 527.0, 528.0, 528.0, 527.0, 528.0, 546.7523809523809, 529.0, 1.7976931348623156E306, 1.7976931348623156E306, 527.0, 528.0, 527.0, 1.7976931348623156E306, 1.7976931348623156E306, 1.7976931348623156E306, 1.7976931348623156E306, 1.7976931348623156E306, 1.7976931348623156E306, 1.7976931348623156E306, 1.7976931348623156E306, 1.7976931348623156E306, 1.7976931348623156E306, 527.0, 1.7976931348623156E306]
584	MoeSQLmosa	2	3	[1.7976931348623156E306, 1.7976931348623156E306, 1.7976931348623156E306, 1.7976931348623156E306, 1.7976931348623156E306, 1.7976931348623156E306, 1.7976931348623156E306, 1.7976931348623156E306, 1.7976931348623156E306, 1.7976931348623156E306, 1.7976931348623156E306, 1.7976931348623156E306, 1.7976931348623156E306, 1.7976931348623156E306, 1.7976931348623156E306, 1.7976931348623156E306, 1.7976931348623156E306, 1.7976931348623156E306, 1.7976931348623156E306, 1.7976931348623156E306, 1.7976931348623156E306, 1.7976931348623156E306, 1.7976931348623156E306, 1.7976931348623156E306, 0.0, 3.595386269724631E306, 3.595386269724631E306, 1.7976931348623156E306, 1.7976931348623156E306, 1.7976931348623156E306, 3.595386269724631E306, 3.595386269724631E306, 3.595386269724631E306, 3.595386269724631E306, 3.595386269724631E306, 3.595386269724631E306, 3.595386269724631E306, 3.595386269724631E306, 3.595386269724631E306, 3.595386269724631E306, 3.595386269724631E306, 3.595386269724631E306]
584	MoeSQLmosa	3	3	[0.0, 1055.0, 1.0, 807.0, 1057.0, 807.0, 1863.0, 808.0, 0.0, 1.0, 925.0, 1981.0, 926.0, 924.0, 925.0, 926.0, 863.0, 808.0, 807.0, 808.0, 808.0, 835.1194444444444, 809.0, 807.0, 808.0, 1.7976931348623156E306, 1.7976931348623156E306, 807.0, 808.0, 807.0, 1.7976931348623156E306, 1.7976931348623156E306, 1.7976931348623156E306, 1.7976931348623156E306, 1.7976931348623156E306, 1.7976931348623156E306, 1.7976931348623156E306, 1.7976931348623156E306, 1.7976931348623156E306, 1.7976931348623156E306, 1.7976931348623156E306, 1.7976931348623156E306]
584	MoeSQLmosa	4	4	[308.752380952381, 596.7523809523809, 408.752380952381, 695.7523809523809, 309.752380952381, 2.0, 308.752380952381, 3.0, 407.752380952381, 3.0, 307.752380952381, 596.7523809523809, 407.752380952381, 308.752380952381, 307.752380952381, 308.752380952381, 328.752380952381, 0.0, 1.0, 2.0, 0.0, 2.0, 1.0, 2.0, 1.0, 1.7976931348623156E306, 1.7976931348623156E306, 1.0, 2.0, 0.0, 1.7976931348623156E306, 1.7976931348623156E306, 1.7976931348623156E306, 1.7976931348623156E306, 1.7976931348623156E306, 1.7976931348623156E306, 1.7976931348623156E306, 1.7976931348623156E306, 1.7976931348623156E306, 1.7976931348623156E306, 1.7976931348623156E306, 1.7976931348623156E306]
584	MoeSQLmosa	5	3	[1.7976931348623156E306, 1.7976931348623156E306, 1.0, 3.595386269724631E306, 5.393079404586947E306, 5.393079404586947E306, 5.393079404586947E306, 935.0, 1.7976931348623156E306, 5.393079404586947E306, 1.7976931348623156E306, 1.7976931348623156E306, 0.0, 3.595386269724631E306, 1.7976931348623156E306, 3.595386269724631E306, 3.595386269724631E306, 1.7976931348623156E306, 1.7976931348623156E306, 1.7976931348623156E306, 1.7976931348623156E306, 1.7976931348623156E306, 1.7976931348623156E306, 1.7976931348623156E306, 1.7976931348623156E306, 3.595386269724631E306, 3.595386269724631E306, 1.7976931348623156E306, 1.7976931348623156E306, 1.7976931348623156E306, 3.595386269724631E306, 3.595386269724631E306, 3.595386269724631E306, 3.595386269724631E306, 3.595386269724631E306, 3.595386269724631E306, 3.595386269724631E306, 3.595386269724631E306, 3.595386269724631E306, 3.595386269724631E306, 3.595386269724631E306, 3.595386269724631E306]
584	MoeSQLmosa	6	3	[380.0, 1152.0, 381.0, 758.0, 775.0, 1.0, 774.0, 2.0, 380.0, 2.0, 379.0, 1152.0, 380.0, 380.0, 379.0, 380.0, 400.0, 1.0, 0.0, 1.0, 1.0, 0.0, 1.0, 34.623322126475735, 2.0, 1.7976931348623156E306, 1.7976931348623156E306, 0.0, 1.0, 0.0, 1.7976931348623156E306, 1.7976931348623156E306, 1.7976931348623156E306, 1.7976931348623156E306, 1.7976931348623156E306, 1.7976931348623156E306, 1.7976931348623156E306, 1.7976931348623156E306, 1.7976931348623156E306, 1.7976931348623156E306, 1.7976931348623156E306, 1.7976931348623156E306]
584	MoeSQLmosa	7	3	[1.7976931348623156E306, 1.7976931348623156E306, 1.7976931348623156E306, 1.7976931348623156E306, 1.7976931348623156E306, 1.7976931348623156E306, 1.7976931348623156E306, 1.7976931348623156E306, 1.7976931348623156E306, 1.7976931348623156E306, 1.7976931348623156E306, 1.7976931348623156E306, 1.7976931348623156E306, 1.7976931348623156E306, 1.7976931348623156E306, 1.7976931348623156E306, 1.7976931348623156E306, 1.7976931348623156E306, 1.7976931348623156E306, 1.7976931348623156E306, 1.7976931348623156E306, 1.7976931348623156E306, 0.0, 1.7976931348623156E306, 1.7976931348623156E306, 3.595386269724631E306, 3.595386269724631E306, 1.7976931348623156E306, 1.7976931348623156E306, 1.7976931348623156E306, 3.595386269724631E306, 3.595386269724631E306, 3.595386269724631E306, 3.595386269724631E306, 3.595386269724631E306, 3.595386269724631E306, 3.595386269724631E306, 3.595386269724631E306, 3.595386269724631E306, 3.595386269724631E306, 3.595386269724631E306, 3.595386269724631E306]
584	MoeSQLmosa	8	3	[957.0, 1913.0, 1035.0, 1990.0, 958.0, 0.0, 957.0, 1.0, 1034.0, 1.0, 995.0, 1952.0, 1073.0, 996.0, 995.0, 996.0, 957.0, 1.0, 0.0, 1.0, 1.0, 0.0, 1.0, 19.752380952380953, 2.0, 1.7976931348623156E306, 1.7976931348623156E306, 0.0, 1.0, 0.0, 1.7976931348623156E306, 1.7976931348623156E306, 1.7976931348623156E306, 1.7976931348623156E306, 1.7976931348623156E306, 1.7976931348623156E306, 1.7976931348623156E306, 1.7976931348623156E306, 1.7976931348623156E306, 1.7976931348623156E306, 1.7976931348623156E306, 1.7976931348623156E306]
584	MoeSQLmosa	9	3	[342.0, 683.0, 696.0, 1036.0, 343.0, 0.0, 342.0, 1.0, 695.0, 1.0, 600.0, 942.0, 954.0, 599.0, 600.0, 601.0, 573.0, 1.0, 0.0, 1.0, 1.0, 12.258394843816859, 2.0, 0.0, 1.0, 1.7976931348623156E306, 1.7976931348623156E306, 0.0, 1.0, 0.0, 1.7976931348623156E306, 1.7976931348623156E306, 1.7976931348623156E306, 1.7976931348623156E306, 1.7976931348623156E306, 1.7976931348623156E306, 1.7976931348623156E306, 1.7976931348623156E306, 1.7976931348623156E306, 1.7976931348623156E306, 1.7976931348623156E306, 1.7976931348623156E306]
584	MoeSQLmosa	10	3	[1.0, 548.0, 2.0, 159.0, 550.0, 159.0, 707.0, 160.0, 1.0, 2.0, 0.0, 548.0, 1.0, 1.0, 0.0, 1.0, 17.0, 1.0, 0.0, 1.0, 1.0, 0.0, 1.0, 24.865175758249546, 2.0, 1.7976931348623156E306, 1.7976931348623156E306, 0.0, 1.0, 0.0, 1.7976931348623156E306, 1.7976931348623156E306, 1.7976931348623156E306, 1.7976931348623156E306, 1.7976931348623156E306, 1.7976931348623156E306, 1.7976931348623156E306, 1.7976931348623156E306, 1.7976931348623156E306, 1.7976931348623156E306, 1.7976931348623156E306, 1.7976931348623156E306]
584	MoeSQLmosa	11	3	[1.0, 375.0, 2.0, 201.0, 377.0, 201.0, 576.0, 202.0, 1.0, 2.0, 0.0, 375.0, 1.0, 1.0, 0.0, 1.0, 992.0, 1.0, 0.0, 1.0, 1.0, 19.752380952380953, 2.0, 0.0, 1.0, 1.7976931348623156E306, 1.7976931348623156E306, 1.0, 0.0, 0.0, 1.7976931348623156E306, 1.7976931348623156E306, 1.7976931348623156E306, 1.7976931348623156E306, 1.7976931348623156E306, 1.7976931348623156E306, 1.7976931348623156E306, 1.7976931348623156E306, 1.7976931348623156E306, 1.7976931348623156E306, 1.7976931348623156E306, 1.7976931348623156E306]
584	MoeSQLmosa	12	3	[0.0, 692.0, 1.0, 1079.0, 694.0, 1079.0, 1772.0, 1080.0, 0.0, 1.0, 7.0, 700.0, 8.0, 8.0, 7.0, 8.0, 0.0, 8.0, 7.0, 8.0, 8.0, 7.0, 8.0, 32.08831310875672, 9.0, 1.7976931348623156E306, 1.7976931348623156E306, 0.0, 1.0, 7.0, 1.7976931348623156E306, 1.7976931348623156E306, 1.7976931348623156E306, 1.7976931348623156E306, 1.7976931348623156E306, 1.7976931348623156E306, 1.7976931348623156E306, 1.7976931348623156E306, 1.7976931348623156E306, 1.7976931348623156E306, 1.7976931348623156E306, 1.7976931348623156E306]
584	MoeSQLmosa	13	3	[1.7976931348623156E306, 1.7976931348623156E306, 217.0, 3.595386269724631E306, 3.595386269724631E306, 1.7976931348623156E306, 1.7976931348623156E306, 0.0, 3.595386269724631E306, 3.595386269724631E306, 3.595386269724631E306, 3.595386269724631E306, 218.0, 3.595386269724631E306, 3.595386269724631E306, 1.7976931348623156E306, 3.595386269724631E306, 1.7976931348623156E306, 1.7976931348623156E306, 1.7976931348623156E306, 1.7976931348623156E306, 1.7976931348623156E306, 1.7976931348623156E306, 1.7976931348623156E306, 1.7976931348623156E306, 3.595386269724631E306, 3.595386269724631E306, 1.7976931348623156E306, 1.7976931348623156E306, 1.7976931348623156E306, 3.595386269724631E306, 3.595386269724631E306, 3.595386269724631E306, 3.595386269724631E306, 3.595386269724631E306, 3.595386269724631E306, 3.595386269724631E306, 3.595386269724631E306, 3.595386269724631E306, 3.595386269724631E306, 3.595386269724631E306, 3.595386269724631E306]
584	MoeSQLmosa	14	3	[1.7976931348623156E306, 1.7976931348623156E306, 0.0, 1.7976931348623156E306, 3.595386269724631E306, 3.595386269724631E306, 3.595386269724631E306, 710.0, 1.7976931348623156E306, 3.595386269724631E306, 3.595386269724631E306, 3.595386269724631E306, 666.0, 3.595386269724631E306, 3.595386269724631E306, 3.595386269724631E306, 3.595386269724631E306, 1.7976931348623156E306, 1.7976931348623156E306, 1.7976931348623156E306, 1.7976931348623156E306, 1.7976931348623156E306, 1.7976931348623156E306, 1.7976931348623156E306, 1.7976931348623156E306, 3.595386269724631E306, 3.595386269724631E306, 1.7976931348623156E306, 1.7976931348623156E306, 1.7976931348623156E306, 3.595386269724631E306, 3.595386269724631E306, 3.595386269724631E306, 3.595386269724631E306, 3.595386269724631E306, 3.595386269724631E306, 3.595386269724631E306, 3.595386269724631E306, 3.595386269724631E306, 3.595386269724631E306, 3.595386269724631E306, 3.595386269724631E306]
584	MoeSQLmosa	15	3	[1.7976931348623156E306, 1.7976931348623156E306, 3.595386269724631E306, 1.7976931348623156E306, 0.0, 3.595386269724631E306, 1.7976931348623156E306, 3.595386269724631E306, 3.595386269724631E306, 303.0, 1.7976931348623156E306, 1.7976931348623156E306, 1.7976931348623156E306, 1.7976931348623156E306, 1.7976931348623156E306, 1.7976931348623156E306, 1.7976931348623156E306, 1.7976931348623156E306, 1.7976931348623156E306, 1.7976931348623156E306, 1.7976931348623156E306, 1.7976931348623156E306, 1.7976931348623156E306, 1.7976931348623156E306, 1.7976931348623156E306, 3.595386269724631E306, 3.595386269724631E306, 1.7976931348623156E306, 1.7976931348623156E306, 1.7976931348623156E306, 3.595386269724631E306, 3.595386269724631E306, 3.595386269724631E306, 3.595386269724631E306, 3.595386269724631E306, 3.595386269724631E306, 3.595386269724631E306, 3.595386269724631E306, 3.595386269724631E306, 3.595386269724631E306, 3.595386269724631E306, 3.595386269724631E306]
584	MoeSQLmosa	16	3	[571.0, 1141.0, 770.0, 1339.0, 572.0, 0.0, 571.0, 1.0, 769.0, 1.0, 1001.0, 1572.0, 1200.0, 1000.0, 1001.0, 1002.0, 968.0, 1.0, 0.0, 1.0, 1.7976931348623156E306, 1.7976931348623156E306, 1.7976931348623156E306, 1.7976931348623156E306, 1.0, 3.595386269724631E306, 3.595386269724631E306, 0.0, 1.0, 0.0, 1.7976931348623156E306, 1.7976931348623156E306, 1.7976931348623156E306, 1.7976931348623156E306, 1.7976931348623156E306, 1.7976931348623156E306, 1.7976931348623156E306, 1.7976931348623156E306, 1.7976931348623156E306, 1.7976931348623156E306, 0.0, 1.7976931348623156E306]
584	MoeSQLmosa	17	3	[1.0, 578.0, 2.0, 455.0, 580.0, 455.0, 1033.0, 456.0, 1.0, 2.0, 0.0, 578.0, 1.0, 1.0, 0.0, 1.0, 45.0, 1.0, 0.0, 1.0, 1.7976931348623156E306, 1.7976931348623156E306, 1.0, 1.7976931348623156E306, 1.7976931348623156E306, 3.595386269724631E306, 3.595386269724631E306, 0.0, 1.0, 0.0, 1.7976931348623156E306, 0.0, 1.7976931348623156E306, 1.7976931348623156E306, 1.7976931348623156E306, 1.7976931348623156E306, 1.7976931348623156E306, 1.7976931348623156E306, 1.7976931348623156E306, 1.7976931348623156E306, 0.0, 1.7976931348623156E306]
584	MoeSQLmosa	18	3	[1.0, 578.0, 2.0, 455.0, 580.0, 455.0, 1033.0, 456.0, 1.0, 2.0, 0.0, 578.0, 1.0, 1.0, 0.0, 1.0, 45.0, 1.0, 0.0, 1.0, 1.7976931348623156E306, 1.7976931348623156E306, 1.0, 1.7976931348623156E306, 1.7976931348623156E306, 3.595386269724631E306, 3.595386269724631E306, 0.0, 1.0, 0.0, 1.7976931348623156E306, 1.7976931348623156E306, 0.0, 1.7976931348623156E306, 1.7976931348623156E306, 1.7976931348623156E306, 1.7976931348623156E306, 1.7976931348623156E306, 1.7976931348623156E306, 1.7976931348623156E306, 1.7976931348623156E306, 1.7976931348623156E306]
584	MoeSQLmosa	19	3	[957.0, 1913.0, 1035.0, 1990.0, 958.0, 0.0, 957.0, 1.0, 1034.0, 1.0, 995.0, 1952.0, 1073.0, 996.0, 995.0, 996.0, 957.0, 1.0, 0.0, 1.0, 1.0, 0.0, 1.0, 19.752380952380953, 2.0, 1.7976931348623156E306, 1.7976931348623156E306, 0.0, 1.0, 0.0, 1.7976931348623156E306, 1.7976931348623156E306, 1.7976931348623156E306, 1.7976931348623156E306, 1.7976931348623156E306, 1.7976931348623156E306, 1.7976931348623156E306, 1.7976931348623156E306, 1.7976931348623156E306, 1.7976931348623156E306, 1.7976931348623156E306, 0.0]
584	MoeSQLmosa	20	3	[1.7976931348623156E306, 3.595386269724631E306, 3.595386269724631E306, 1.7976931348623156E306, 699.0, 1.7976931348623156E306, 3.595386269724631E306, 3.595386269724631E306, 1.7976931348623156E306, 0.0, 1.7976931348623156E306, 1.7976931348623156E306, 1.7976931348623156E306, 1.7976931348623156E306, 1.7976931348623156E306, 1.7976931348623156E306, 1.7976931348623156E306, 1.7976931348623156E306, 1.7976931348623156E306, 1.7976931348623156E306, 1.7976931348623156E306, 1.7976931348623156E306, 1.7976931348623156E306, 1.7976931348623156E306, 1.7976931348623156E306, 3.595386269724631E306, 3.595386269724631E306, 0.0, 1.0, 1.7976931348623156E306, 3.595386269724631E306, 3.595386269724631E306, 3.595386269724631E306, 3.595386269724631E306, 3.595386269724631E306, 3.595386269724631E306, 3.595386269724631E306, 3.595386269724631E306, 3.595386269724631E306, 3.595386269724631E306, 3.595386269724631E306, 3.595386269724631E306]
584	MoeSQLmosa	21	3	[0.0, 523.0, 1.0, 454.0, 525.0, 454.0, 978.0, 455.0, 0.0, 1.0, 1.0, 525.0, 2.0, 2.0, 1.0, 0.0, 46.0, 2.0, 1.0, 2.0, 1.7976931348623156E306, 1.7976931348623156E306, 2.0, 1.7976931348623156E306, 1.7976931348623156E306, 3.595386269724631E306, 3.595386269724631E306, 1.0, 2.0, 1.0, 1.7976931348623156E306, 1.7976931348623156E306, 1.7976931348623156E306, 1.7976931348623156E306, 1.7976931348623156E306, 1.7976931348623156E306, 1.7976931348623156E306, 1.7976931348623156E306, 1.7976931348623156E306, 1.7976931348623156E306, 1.7976931348623156E306, 1.7976931348623156E306]
584	MoeSQLmosa	22	3	[2.0, 222.0, 3.0, 214.0, 224.0, 214.0, 435.0, 215.0, 2.0, 3.0, 1.0, 222.0, 2.0, 2.0, 1.0, 2.0, 30.0, 2.0, 1.0, 0.0, 2.0, 1.0, 2.0, 22.25968399175529, 3.0, 1.7976931348623156E306, 1.7976931348623156E306, 1.0, 2.0, 0.0, 1.7976931348623156E306, 1.7976931348623156E306, 1.0, 1.7976931348623156E306, 1.7976931348623156E306, 1.7976931348623156E306, 1.7976931348623156E306, 1.7976931348623156E306, 1.7976931348623156E306, 1.7976931348623156E306, 1.7976931348623156E306, 1.7976931348623156E306]
584	MoeSQLmosa	23	3	[0.0, 220.0, 1.0, 76.0, 222.0, 76.0, 297.0, 77.0, 0.0, 1.0, 1.0, 222.0, 2.0, 0.0, 1.0, 2.0, 15.0, 2.0, 1.0, 2.0, 3.0, 2.0, 3.0, 2.0, 3.0, 1.7976931348623156E306, 1.7976931348623156E306, 1.0, 2.0, 1.0, 1.7976931348623156E306, 1.7976931348623156E306, 1.7976931348623156E306, 1.7976931348623156E306, 1.7976931348623156E306, 1.7976931348623156E306, 1.7976931348623156E306, 1.7976931348623156E306, 1.7976931348623156E306, 1.7976931348623156E306, 1.7976931348623156E306, 1.7976931348623156E306]
584	MoeSQLmosa	24	3	[1.0, 208.0, 2.0, 8.0, 210.0, 8.0, 216.0, 9.0, 1.0, 2.0, 0.0, 208.0, 1.0, 1.0, 0.0, 1.0, 60.0, 1.0, 0.0, 1.0, 1.0, 3.0, 2.0, 4.75, 2.0, 1.7976931348623156E306, 0.0, 0.0, 1.0, 0.0, 1.7976931348623156E306, 1.7976931348623156E306, 1.7976931348623156E306, 1.7976931348623156E306, 1.7976931348623156E306, 1.7976931348623156E306, 1.7976931348623156E306, 2.0, 1.7976931348623156E306, 1.7976931348623156E306, 1.7976931348623156E306, 1.7976931348623156E306]
584	MoeSQLmosa	25	3	[1.0, 202.0, 2.0, 8.0, 204.0, 8.0, 210.0, 9.0, 1.0, 2.0, 0.0, 202.0, 1.0, 1.0, 0.0, 1.0, 60.0, 1.0, 0.0, 1.0, 1.0, 0.0, 1.0, 3.0, 2.0, 1.7976931348623156E306, 1.7976931348623156E306, 0.0, 1.0, 0.0, 1.7976931348623156E306, 1.7976931348623156E306, 1.7976931348623156E306, 1.7976931348623156E306, 1.7976931348623156E306, 1.7976931348623156E306, 1.7976931348623156E306, 1.7976931348623156E306, 0.0, 1.7976931348623156E306, 1.7976931348623156E306, 1.7976931348623156E306]
584	MoeSQLmosa	26	3	[1.0, 202.0, 2.0, 8.0, 204.0, 8.0, 210.0, 9.0, 1.0, 2.0, 0.0, 202.0, 1.0, 1.0, 0.0, 1.0, 60.0, 1.0, 0.0, 1.0, 2.0, 1.0, 2.0, 4.0, 3.0, 1.7976931348623156E306, 1.0, 0.0, 1.0, 0.0, 1.7976931348623156E306, 1.7976931348623156E306, 1.7976931348623156E306, 1.7976931348623156E306, 1.7976931348623156E306, 1.7976931348623156E306, 1.7976931348623156E306, 0.0, 1.7976931348623156E306, 1.7976931348623156E306, 1.7976931348623156E306, 1.7976931348623156E306]
584	MoeSQLmosa	27	3	[1.0, 208.0, 2.0, 8.0, 210.0, 8.0, 216.0, 9.0, 1.0, 2.0, 0.0, 208.0, 1.0, 1.0, 0.0, 1.0, 60.0, 1.0, 0.0, 1.0, 1.0, 0.0, 1.0, 4.75, 2.0, 1.7976931348623156E306, 1.7976931348623156E306, 0.0, 1.0, 0.0, 1.7976931348623156E306, 1.7976931348623156E306, 1.7976931348623156E306, 1.7976931348623156E306, 1.7976931348623156E306, 1.7976931348623156E306, 1.7976931348623156E306, 1.7976931348623156E306, 1.7976931348623156E306, 0.0, 1.7976931348623156E306, 1.7976931348623156E306]
584	MoeSQLmosa	28	3	[1.0, 832.0, 2.0, 674.0, 834.0, 674.0, 1506.0, 675.0, 1.0, 2.0, 0.0, 832.0, 1.0, 1.0, 0.0, 1.0, 29.0, 1.0, 0.0, 1.0, 1.0, 19.752380952380953, 2.0, 0.0, 1.0, 1.7976931348623156E306, 1.7976931348623156E306, 0.0, 1.0, 0.0, 1.7976931348623156E306, 1.7976931348623156E306, 1.7976931348623156E306, 0.0, 1.7976931348623156E306, 1.7976931348623156E306, 1.7976931348623156E306, 1.7976931348623156E306, 0.0, 1.7976931348623156E306, 1.7976931348623156E306, 1.7976931348623156E306]
584	MoeSQLmosa	29	3	[1.0, 186.0, 2.0, 6.0, 188.0, 6.0, 192.0, 7.0, 1.0, 2.0, 0.0, 186.0, 1.0, 1.0, 0.0, 1.0, 63.0, 1.0, 0.0, 1.0, 3.0, 2.0, 3.0, 2.0, 3.0, 2.0, 1.7976931348623156E306, 0.0, 1.0, 0.0, 0.0, 1.7976931348623156E306, 1.7976931348623156E306, 1.7976931348623156E306, 1.7976931348623156E306, 1.7976931348623156E306, 1.7976931348623156E306, 1.7976931348623156E306, 1.7976931348623156E306, 1.7976931348623156E306, 0.0, 1.7976931348623156E306]
584	MoeSQLmosa	30	3	[1.0, 235.0, 2.0, 8.0, 237.0, 8.0, 243.0, 9.0, 1.0, 2.0, 0.0, 235.0, 1.0, 1.0, 0.0, 1.0, 51.0, 1.0, 0.0, 1.0, 1.0, 19.752380952380953, 2.0, 3.0, 2.0, 0.0, 1.7976931348623156E306, 0.0, 1.0, 0.0, 2.0, 1.7976931348623156E306, 1.7976931348623156E306, 1.7976931348623156E306, 1.7976931348623156E306, 1.7976931348623156E306, 1.7976931348623156E306, 1.7976931348623156E306, 1.7976931348623156E306, 1.7976931348623156E306, 1.7976931348623156E306, 1.7976931348623156E306]
584	MoeSQLmosa	31	3	[1.0, 186.0, 2.0, 6.0, 188.0, 6.0, 192.0, 7.0, 1.0, 2.0, 0.0, 186.0, 1.0, 1.0, 0.0, 1.0, 63.0, 1.0, 0.0, 1.0, 2.0, 1.0, 2.0, 1.0, 2.0, 1.7976931348623156E306, 1.7976931348623156E306, 0.0, 1.0, 0.0, 1.7976931348623156E306, 1.7976931348623156E306, 1.7976931348623156E306, 1.7976931348623156E306, 1.7976931348623156E306, 0.0, 1.7976931348623156E306, 1.7976931348623156E306, 1.7976931348623156E306, 1.7976931348623156E306, 0.0, 1.7976931348623156E306]
584	MoeSQLmosa	32	3	[1.0, 200.0, 2.0, 6.0, 202.0, 6.0, 206.0, 7.0, 1.0, 2.0, 0.0, 200.0, 1.0, 1.0, 0.0, 1.0, 58.0, 1.0, 0.0, 1.0, 1.7976931348623156E306, 1.7976931348623156E306, 1.7976931348623156E306, 1.7976931348623156E306, 1.0, 3.595386269724631E306, 3.595386269724631E306, 0.0, 1.0, 0.0, 1.7976931348623156E306, 1.7976931348623156E306, 1.7976931348623156E306, 1.7976931348623156E306, 0.0, 1.7976931348623156E306, 1.7976931348623156E306, 1.7976931348623156E306, 1.7976931348623156E306, 1.7976931348623156E306, 1.7976931348623156E306, 0.0]
584	MoeSQLmosa	33	3	[1.0, 179.0, 2.0, 5.0, 181.0, 5.0, 184.0, 6.0, 1.0, 2.0, 0.0, 179.0, 1.0, 1.0, 0.0, 1.0, 57.0, 1.0, 0.0, 1.0, 3.0, 2.0, 3.0, 2.0, 3.0, 1.7976931348623156E306, 2.0, 0.0, 1.0, 0.0, 1.7976931348623156E306, 1.7976931348623156E306, 1.7976931348623156E306, 1.7976931348623156E306, 1.7976931348623156E306, 1.7976931348623156E306, 0.0, 0.0, 1.7976931348623156E306, 1.7976931348623156E306, 1.7976931348623156E306, 1.7976931348623156E306]
584	MoeSQLmosa	34	3	[1.0, 0.0, 1.0, 611.0, 3.0, 611.0, 612.0, 611.0, 1.0, 2.0, 2.0, 3.0, 2.0, 1.0, 2.0, 3.0, 46.0, 1.0, 0.0, 1.0, 1.7976931348623156E306, 1.7976931348623156E306, 1.7976931348623156E306, 1.7976931348623156E306, 2.0, 1.7976931348623156E306, 1.7976931348623156E306, 0.0, 1.0, 0.0, 0.0, 1.7976931348623156E306, 1.7976931348623156E306, 1.7976931348623156E306, 1.7976931348623156E306, 1.7976931348623156E306, 1.7976931348623156E306, 0.0, 1.7976931348623156E306, 1.7976931348623156E306, 1.7976931348623156E306, 1.7976931348623156E306]
584	MOTGA	0	12	[0.0, 208.0, 1.0, 8.0, 210.0, 8.0, 216.0, 9.0, 0.0, 0.0, 0.0, 208.0, 1.0, 1.0, 0.0, 1.0, 0.0, 1.0, 0.0, 1.0, 1.0, 3.0, 2.0, 0.0, 1.0, 1.7976931348623156E306, 0.0, 0.0, 0.0, 0.0, 1.7976931348623156E306, 1.7976931348623156E306, 1.7976931348623156E306, 1.7976931348623156E306, 1.7976931348623156E306, 1.7976931348623156E306, 1.7976931348623156E306, 2.0, 0.0, 1.7976931348623156E306, 1.7976931348623156E306, 1.7976931348623156E306]
584	MOTGA	1	24	[0.0, 208.0, 0.0, 8.0, 210.0, 0.0, 216.0, 0.0, 0.0, 1.0, 0.0, 208.0, 1.0, 0.0, 0.0, 0.0, 15.0, 1.0, 0.0, 1.0, 1.0, 0.0, 1.0, 3.0, 2.0, 0.0, 1.7976931348623156E306, 0.0, 1.0, 0.0, 0.0, 1.7976931348623156E306, 0.0, 0.0, 1.7976931348623156E306, 1.7976931348623156E306, 1.7976931348623156E306, 1.7976931348623156E306, 1.7976931348623156E306, 0.0, 0.0, 0.0]
584	MOTGA	2	43	[0.0, 0.0, 1.0, 5.0, 0.0, 2.0, 0.0, 1.0, 1.0, 2.0, 0.0, 0.0, 0.0, 1.0, 0.0, 1.0, 29.0, 0.0, 0.0, 0.0, 0.0, 2.0, 0.0, 0.0, 0.0, 3.0, 3.0, 0.0, 1.0, 0.0, 0.0, 0.0, 0.0, 0.0, 0.0, 0.0, 0.0, 0.0, 0.0, 1.7976931348623156E306, 0.0, 0.0]
585	MoeSQLmosa	0	1	[1.0, 0.0]
585	MoeSQLmosa	1	1	[0.0, 18.788596037898362]
585	MOTGA	0	2	[0.0, 0.0]
586	MoeSQLmosa	0	1	[1.0, 0.0, 1.0, 0.0, 1.0, 1.0, 0.0, 1.0]
586	MoeSQLmosa	1	1	[41.140043290043295, 40.140043290043295, 41.140043290043295, 40.140043290043295, 0.0, 41.140043290043295, 40.140043290043295, 41.140043290043295]
586	MoeSQLmosa	2	1	[2.0, 1.0, 2.0, 1.0, 2.0, 0.0, 1.0, 2.0]
586	MoeSQLmosa	3	1	[2.0, 1.0, 2.0, 1.0, 2.0, 2.0, 1.0, 0.0]
586	MoeSQLmosa	4	1	[0.0, 1.0, 2.0, 1.0, 2.0, 2.0, 1.0, 2.0]
586	MoeSQLmosa	5	1	[2.0, 1.0, 0.0, 1.0, 2.0, 2.0, 1.0, 2.0]
586	MOTGA	0	6	[0.0, 0.0, 0.0, 0.0, 0.0, 0.0, 0.0, 0.0]
587	MoeSQLmosa	0	1	[493.29083327724686, 492.29083327724686, 491.29083327724686, 0.0, 1.0, 1.0, 0.0, 1.0]
587	MoeSQLmosa	1	1	[946.9196181685694, 945.9196181685694, 944.9196181685694, 9.719482151835093, 0.0, 10.719482151835093, 9.719482151835093, 10.719482151835093]
587	MoeSQLmosa	2	1	[1605.9191017309595, 1604.9191017309595, 1603.9191017309595, 1.0, 2.0, 0.0, 1.0, 2.0]
587	MoeSQLmosa	3	1	[0.0, 1.0, 2.0, 2.0, 3.0, 3.0, 2.0, 3.0]
587	MoeSQLmosa	4	1	[1.0, 0.0, 1.0, 1.0, 2.0, 2.0, 1.0, 2.0]
587	MoeSQLmosa	5	1	[272.24241790404494, 271.24241790404494, 270.24241790404494, 1.0, 2.0, 2.0, 1.0, 0.0]
587	MoeSQLmosa	6	1	[2.0, 1.0, 0.0, 0.0, 1.0, 1.0, 0.0, 1.0]
587	MOTGA	0	6	[0.0, 0.0, 0.0, 0.0, 0.0, 0.0, 0.0, 0.0]
588	MoeSQLmosa	0	2	[0.0, 0.0, 1.0]
588	MoeSQLmosa	1	1	[1.7976931348623156E306, 1.7976931348623156E306, 0.0]
588	MOTGA	0	3	[0.0, 0.0, 0.0]
589	MoeSQLmosa	0	1	[0.0, 28.306733091787443]
589	MoeSQLmosa	1	1	[1.0, 0.0]
589	MOTGA	0	2	[0.0, 0.0]
590	MoeSQLmosa	0	2	[0.0, 0.0]
590	MOTGA	0	2	[0.0, 0.0]
591	MoeSQLmosa	0	1	[13.872605042016808, 14.872605042016808, 14.872605042016808, 0.0, 1.0, 14.872605042016808, 14.872605042016808, 57.143817163228924]
591	MoeSQLmosa	1	1	[24.750000000000004, 0.0, 1.0, 25.750000000000004, 25.750000000000004, 25.750000000000004, 25.750000000000004, 39.37738095238096]
591	MoeSQLmosa	2	1	[0.0, 1.0, 1.0, 1.0, 1.0, 1.0, 1.0, 24.67056277056277]
591	MoeSQLmosa	3	1	[13.862302459445317, 14.862302459445317, 14.862302459445317, 14.862302459445317, 14.862302459445317, 0.0, 1.0, 25.355418466531912]
591	MoeSQLmosa	4	1	[1.7976931348623156E306, 1.7976931348623156E306, 1.7976931348623156E306, 1.7976931348623156E306, 1.7976931348623156E306, 1.7976931348623156E306, 0.0, 1.7976931348623156E306]
591	MoeSQLmosa	5	1	[1.7976931348623156E306, 1.7976931348623156E306, 0.0, 1.7976931348623156E306, 1.7976931348623156E306, 1.7976931348623156E306, 1.7976931348623156E306, 1.7976931348623156E306]
591	MoeSQLmosa	6	1	[1.7976931348623156E306, 1.7976931348623156E306, 1.7976931348623156E306, 1.7976931348623156E306, 0.0, 1.7976931348623156E306, 1.7976931348623156E306, 1.7976931348623156E306]
591	MoeSQLmosa	7	1	[1.0, 2.0, 2.0, 2.0, 2.0, 2.0, 2.0, 0.0]
591	MOTGA	0	8	[0.0, 0.0, 0.0, 0.0, 0.0, 0.0, 0.0, 0.0]
592	MoeSQLmosa	0	1	[20.288659247482776, 0.0, 1.0, 21.288659247482776, 21.288659247482776, 21.288659247482776, 21.288659247482776, 21.288659247482776, 21.288659247482776]
592	MoeSQLmosa	1	1	[11.794737994496838, 12.794737994496838, 12.794737994496838, 0.0, 1.0, 12.794737994496838, 12.794737994496838, 12.794737994496838, 12.794737994496838]
592	MoeSQLmosa	2	1	[13.266666666666666, 14.266666666666666, 14.266666666666666, 14.266666666666666, 14.266666666666666, 14.266666666666666, 14.266666666666666, 0.0, 1.0]
592	MoeSQLmosa	3	1	[0.0, 1.0, 1.0, 1.0, 1.0, 1.0, 1.0, 1.0, 1.0]
592	MoeSQLmosa	4	1	[44.472424242424246, 45.472424242424246, 45.472424242424246, 45.472424242424246, 45.472424242424246, 0.0, 1.0, 45.472424242424246, 45.472424242424246]
592	MoeSQLmosa	5	1	[1.7976931348623156E306, 1.7976931348623156E306, 1.7976931348623156E306, 1.7976931348623156E306, 1.7976931348623156E306, 1.7976931348623156E306, 0.0, 1.7976931348623156E306, 1.7976931348623156E306]
592	MoeSQLmosa	6	1	[1.7976931348623156E306, 1.7976931348623156E306, 0.0, 1.7976931348623156E306, 1.7976931348623156E306, 1.7976931348623156E306, 1.7976931348623156E306, 1.7976931348623156E306, 1.7976931348623156E306]
592	MoeSQLmosa	7	1	[1.7976931348623156E306, 1.7976931348623156E306, 1.7976931348623156E306, 1.7976931348623156E306, 0.0, 1.7976931348623156E306, 1.7976931348623156E306, 1.7976931348623156E306, 1.7976931348623156E306]
592	MoeSQLmosa	8	1	[1.7976931348623156E306, 1.7976931348623156E306, 1.7976931348623156E306, 1.7976931348623156E306, 1.7976931348623156E306, 1.7976931348623156E306, 1.7976931348623156E306, 1.7976931348623156E306, 0.0]
592	MOTGA	0	9	[0.0, 0.0, 0.0, 0.0, 0.0, 0.0, 0.0, 0.0, 0.0]
593	MoeSQLmosa	0	1	[34.36875644994841, 0.0, 1.0, 35.36875644994841, 35.36875644994841, 3.0]
593	MoeSQLmosa	1	1	[30.822128851540615, 31.822128851540615, 31.822128851540615, 0.0, 1.0, 3.0]
593	MoeSQLmosa	2	1	[1.7976931348623156E306, 1.7976931348623156E306, 1.7976931348623156E306, 1.7976931348623156E306, 0.0, 3.0]
593	MoeSQLmosa	3	1	[0.0, 1.0, 1.0, 1.0, 1.0, 2.0]
593	MoeSQLmosa	4	1	[1.7976931348623156E306, 1.7976931348623156E306, 0.0, 1.7976931348623156E306, 1.7976931348623156E306, 3.0]
593	MoeSQLmosa	5	3	[0.0, 1.0, 1.0, 1.0, 1.0, 0.0]
593	MOTGA	0	7	[0.0, 0.0, 0.0, 0.0, 0.0, 0.0]
594	MoeSQLmosa	0	2	[0.0, 0.0]
594	MOTGA	0	2	[0.0, 0.0]
595	MoeSQLmosa	0	1	[17.36064277383679, 18.36064277383679, 18.36064277383679, 0.0, 1.0, 18.36064277383679, 18.36064277383679]
595	MoeSQLmosa	1	1	[0.0, 1.0, 1.0, 1.0, 1.0, 1.0, 1.0]
595	MoeSQLmosa	2	1	[33.986659663865545, 34.986659663865545, 34.986659663865545, 34.986659663865545, 34.986659663865545, 0.0, 1.0]
595	MoeSQLmosa	3	1	[1.7976931348623156E306, 1.7976931348623156E306, 0.0, 1.7976931348623156E306, 1.7976931348623156E306, 1.7976931348623156E306, 1.7976931348623156E306]
595	MoeSQLmosa	4	1	[12.422348484848484, 0.0, 1.0, 13.422348484848484, 13.422348484848484, 13.422348484848484, 13.422348484848484]
595	MoeSQLmosa	5	1	[1.7976931348623156E306, 1.7976931348623156E306, 1.7976931348623156E306, 1.7976931348623156E306, 0.0, 1.7976931348623156E306, 1.7976931348623156E306]
595	MoeSQLmosa	6	1	[1.7976931348623156E306, 1.7976931348623156E306, 1.7976931348623156E306, 1.7976931348623156E306, 1.7976931348623156E306, 1.7976931348623156E306, 0.0]
595	MOTGA	0	7	[0.0, 0.0, 0.0, 0.0, 0.0, 0.0, 0.0]
596	MoeSQLmosa	0	1	[1.0, 0.0]
596	MoeSQLmosa	1	1	[0.0, 42.78809966499486]
596	MOTGA	0	2	[0.0, 0.0]
597	MoeSQLmosa	0	1	[1.0, 0.0, 1.0]
597	MoeSQLmosa	1	1	[0.0, 39.03333333333333, 1.0]
597	MoeSQLmosa	2	1	[1.7976931348623156E306, 1.7976931348623156E306, 0.0]
597	MOTGA	0	3	[0.0, 0.0, 0.0]
598	MoeSQLmosa	0	1	[1.7976931348623156E306, 1.7976931348623156E306, 0.0, 1.0, 1.7976931348623156E306, 1.7976931348623156E306, 1.7976931348623156E306, 1.7976931348623156E306]
598	MoeSQLmosa	1	1	[43.461325540795414, 165.46132554079543, 44.461325540795414, 44.461325540795414, 0.0, 1.0, 44.461325540795414, 44.461325540795414]
598	MoeSQLmosa	2	1	[1.7976931348623156E306, 1.7976931348623156E306, 0.0, 0.0, 1.7976931348623156E306, 1.7976931348623156E306, 1.7976931348623156E306, 1.7976931348623156E306]
598	MoeSQLmosa	3	1	[13.266666666666666, 114.26666666666667, 14.266666666666666, 14.266666666666666, 14.266666666666666, 14.266666666666666, 0.0, 1.0]
598	MoeSQLmosa	4	1	[98.0, 0.0, 1.0, 1.0, 99.0, 99.0, 99.0, 99.0]
598	MoeSQLmosa	5	1	[0.0, 72.0, 1.0, 1.0, 1.0, 1.0, 1.0, 1.0]
598	MoeSQLmosa	6	1	[1.7976931348623156E306, 1.7976931348623156E306, 1.7976931348623156E306, 1.7976931348623156E306, 1.7976931348623156E306, 0.0, 1.7976931348623156E306, 1.7976931348623156E306]
598	MoeSQLmosa	7	1	[1.7976931348623156E306, 1.7976931348623156E306, 1.7976931348623156E306, 1.7976931348623156E306, 1.7976931348623156E306, 1.7976931348623156E306, 1.7976931348623156E306, 0.0]
598	MOTGA	0	7	[0.0, 0.0, 0.0, 0.0, 0.0, 0.0, 0.0, 0.0]
599	MoeSQLmosa	0	1	[0.0, 32.281342451874366]
599	MoeSQLmosa	1	1	[1.0, 0.0]
599	MOTGA	0	2	[0.0, 0.0]
600	MoeSQLmosa	0	1	[0.0, 23.20490102378021]
600	MoeSQLmosa	1	1	[1.0, 0.0]
600	MOTGA	0	2	[0.0, 0.0]
601	MoeSQLmosa	0	1	[42.21371762740184, 43.21371762740184, 43.21371762740184, 43.21371762740184, 43.21371762740184, 0.0, 1.0, 51.06930198173758]
601	MoeSQLmosa	1	1	[13.902535913179882, 0.0, 1.0, 14.902535913179882, 14.902535913179882, 14.902535913179882, 14.902535913179882, 41.30427644238752]
601	MoeSQLmosa	2	1	[42.18353174603174, 43.18353174603174, 43.18353174603174, 0.0, 1.0, 43.18353174603174, 43.18353174603174, 66.61470811293785]
601	MoeSQLmosa	3	1	[1.7976931348623156E306, 1.7976931348623156E306, 0.0, 1.7976931348623156E306, 1.7976931348623156E306, 1.7976931348623156E306, 1.7976931348623156E306, 1.7976931348623156E306]
601	MoeSQLmosa	4	1	[0.0, 1.0, 1.0, 1.0, 1.0, 1.0, 1.0, 8.855584354335743]
601	MoeSQLmosa	5	1	[1.7976931348623156E306, 1.7976931348623156E306, 1.7976931348623156E306, 1.7976931348623156E306, 1.7976931348623156E306, 1.7976931348623156E306, 0.0, 1.7976931348623156E306]
601	MoeSQLmosa	6	1	[1.0, 2.0, 2.0, 2.0, 2.0, 2.0, 2.0, 0.0]
601	MoeSQLmosa	7	1	[1.7976931348623156E306, 1.7976931348623156E306, 1.7976931348623156E306, 1.7976931348623156E306, 0.0, 1.7976931348623156E306, 1.7976931348623156E306, 1.7976931348623156E306]
601	MOTGA	0	8	[0.0, 0.0, 0.0, 0.0, 0.0, 0.0, 0.0, 0.0]
602	MoeSQLmosa	0	2	[141.4480512431046, 107.11163397810984, 108.11163397810984, 128.34137360701519, 129.34137360701519, 95.7764282344175, 96.7764282344175, 123.11471790977126, 124.11471790977126, 142.4480512431046, 141.4480512431046, 142.4480512431046, 141.4480512431046, 140.4480512431046, 141.4480512431046, 127.4480512431046, 141.4480512431046, 154.9501824049152, 140.9501824049152, 141.9501824049152, 141.4480512431046, 0.0, 126.4480512431046, 127.4480512431046, 141.4480512431046, 142.4480512431046]
602	MoeSQLmosa	1	2	[31.432388819028958, 32.43238881902896, 32.43238881902896, 32.43238881902896, 32.43238881902896, 32.43238881902896, 32.43238881902896, 32.43238881902896, 32.43238881902896, 32.43238881902896, 31.432388819028958, 32.43238881902896, 82.23139800382896, 83.23139800382896, 84.23139800382896, 32.43238881902896, 31.432388819028958, 52.122523165940414, 40.43238881902896, 41.43238881902896, 44.122523165940414, 0.0, 0.0, 1.0, 44.122523165940414, 43.122523165940414]
602	MoeSQLmosa	2	2	[6.0, 7.0, 7.0, 0.0, 1.0, 7.0, 7.0, 7.0, 7.0, 7.0, 6.0, 7.0, 6.0, 7.0, 8.0, 7.0, 6.0, 27.25850925390399, 15.0, 16.0, 19.25850925390399, 2.0, 6.0, 7.0, 19.25850925390399, 18.25850925390399]
602	MoeSQLmosa	3	2	[1.0, 2.0, 2.0, 2.0, 2.0, 2.0, 2.0, 0.0, 1.0, 2.0, 1.0, 2.0, 51.7990091848, 52.7990091848, 53.7990091848, 2.0, 1.0, 21.24535372942236, 10.0, 11.0, 13.245353729422359, 2.0, 1.0, 2.0, 13.245353729422359, 12.245353729422359]
602	MoeSQLmosa	4	2	[1.7976931348623156E306, 1.7976931348623156E306, 1.7976931348623156E306, 1.7976931348623156E306, 1.7976931348623156E306, 1.7976931348623156E306, 1.7976931348623156E306, 1.7976931348623156E306, 0.0, 1.7976931348623156E306, 1.7976931348623156E306, 1.7976931348623156E306, 1.7976931348623156E306, 1.7976931348623156E306, 1.7976931348623156E306, 1.7976931348623156E306, 1.7976931348623156E306, 1.7976931348623156E306, 1.7976931348623156E306, 1.7976931348623156E306, 1.7976931348623156E306, 2.0, 1.7976931348623156E306, 1.7976931348623156E306, 1.7976931348623156E306, 1.7976931348623156E306]
602	MoeSQLmosa	5	2	[0.0, 1.0, 1.0, 1.0, 1.0, 1.0, 1.0, 1.0, 1.0, 1.0, 0.0, 1.0, 44.7, 45.7, 46.7, 1.0, 0.0, 9.0, 10.0, 10.0, 1.0, 2.0, 2.0, 1.0, 1.0, 0.0]
602	MoeSQLmosa	6	2	[1.0, 2.0, 2.0, 2.0, 2.0, 2.0, 2.0, 2.0, 2.0, 2.0, 1.0, 0.0, 45.7, 46.7, 47.7, 2.0, 1.0, 10.0, 11.0, 11.0, 2.0, 3.0, 2.0, 1.0, 2.0, 1.0]
602	MoeSQLmosa	7	2	[13.997534785238958, 14.997534785238958, 14.997534785238958, 14.997534785238958, 14.997534785238958, 14.997534785238958, 14.997534785238958, 14.997534785238958, 14.997534785238958, 14.997534785238958, 13.997534785238958, 14.997534785238958, 58.69753478523896, 59.69753478523896, 60.69753478523896, 0.0, 14.0, 13.997534785238958, 13.122534785238958, 14.122534785238958, 0.875, 15.122534785238958, 13.997534785238958, 14.997534785238958, 0.875, 1.875]
602	MoeSQLmosa	8	2	[1.5, 0.0, 1.0, 2.5, 2.5, 2.5, 2.5, 2.5, 2.5, 2.5, 1.5, 2.5, 46.2, 47.2, 48.2, 2.5, 1.5, 12.375, 10.5, 11.5, 4.375, 2.0, 1.5, 2.5, 4.375, 3.375]
602	MoeSQLmosa	9	2	[6.0, 7.0, 7.0, 7.0, 7.0, 0.0, 1.0, 7.0, 7.0, 7.0, 6.0, 7.0, 50.7, 51.7, 52.7, 7.0, 6.0, 15.0, 16.0, 16.0, 7.0, 2.0, 6.0, 7.0, 7.0, 6.0]
602	MoeSQLmosa	10	2	[8.0, 9.0, 9.0, 9.0, 9.0, 9.0, 9.0, 9.0, 9.0, 9.0, 8.0, 9.0, 8.0, 9.0, 10.0, 0.0, 8.0, 12.258509253903991, 0.0, 1.0, 13.258509253903991, 2.0, 8.0, 9.0, 12.258509253903991, 13.258509253903991]
602	MoeSQLmosa	11	2	[0.0, 1.0, 1.0, 1.0, 1.0, 1.0, 1.0, 1.0, 1.0, 1.0, 0.0, 1.0, 0.0, 1.0, 2.0, 1.0, 0.0, 9.0, 10.0, 10.0, 1.0, 2.0, 2.0, 1.0, 1.0, 0.0]
602	MoeSQLmosa	12	2	[1.7976931348623156E306, 1.7976931348623156E306, 1.7976931348623156E306, 1.7976931348623156E306, 0.0, 1.7976931348623156E306, 1.7976931348623156E306, 1.7976931348623156E306, 1.7976931348623156E306, 1.7976931348623156E306, 1.7976931348623156E306, 1.7976931348623156E306, 1.7976931348623156E306, 1.7976931348623156E306, 1.7976931348623156E306, 1.7976931348623156E306, 1.7976931348623156E306, 1.7976931348623156E306, 1.7976931348623156E306, 1.7976931348623156E306, 1.7976931348623156E306, 2.0, 1.7976931348623156E306, 1.7976931348623156E306, 1.7976931348623156E306, 1.7976931348623156E306]
602	MoeSQLmosa	13	2	[12.991789130181987, 13.991789130181987, 13.991789130181987, 13.991789130181987, 13.991789130181987, 13.991789130181987, 13.991789130181987, 13.991789130181987, 13.991789130181987, 13.991789130181987, 12.991789130181987, 13.991789130181987, 57.69178913018199, 58.69178913018199, 59.69178913018199, 0.0, 14.0, 12.991789130181987, 13.991789130181987, 13.991789130181987, 0.0, 14.991789130181987, 12.991789130181987, 13.991789130181987, 0.0, 1.0]
602	MoeSQLmosa	14	2	[1.0, 2.0, 2.0, 2.0, 2.0, 2.0, 2.0, 2.0, 2.0, 0.0, 1.0, 2.0, 45.7, 46.7, 47.7, 2.0, 1.0, 10.0, 11.0, 11.0, 2.0, 3.0, 2.0, 1.0, 2.0, 1.0]
602	MoeSQLmosa	15	2	[1.0, 2.0, 2.0, 2.0, 2.0, 2.0, 2.0, 2.0, 2.0, 2.0, 1.0, 2.0, 1.0, 0.0, 1.0, 2.0, 1.0, 10.0, 11.0, 11.0, 2.0, 2.0, 1.0, 2.0, 2.0, 1.0]
602	MoeSQLmosa	16	2	[1.7976931348623156E306, 1.7976931348623156E306, 1.7976931348623156E306, 1.7976931348623156E306, 1.7976931348623156E306, 1.7976931348623156E306, 0.0, 1.7976931348623156E306, 1.7976931348623156E306, 1.7976931348623156E306, 1.7976931348623156E306, 1.7976931348623156E306, 1.7976931348623156E306, 1.7976931348623156E306, 1.7976931348623156E306, 1.7976931348623156E306, 1.7976931348623156E306, 1.7976931348623156E306, 1.7976931348623156E306, 1.7976931348623156E306, 1.7976931348623156E306, 2.0, 1.7976931348623156E306, 1.7976931348623156E306, 1.7976931348623156E306, 1.7976931348623156E306]
602	MoeSQLmosa	17	2	[1.7976931348623156E306, 1.7976931348623156E306, 1.7976931348623156E306, 1.7976931348623156E306, 1.7976931348623156E306, 1.7976931348623156E306, 1.7976931348623156E306, 1.7976931348623156E306, 1.7976931348623156E306, 1.7976931348623156E306, 1.7976931348623156E306, 1.7976931348623156E306, 1.7976931348623156E306, 1.7976931348623156E306, 1.7976931348623156E306, 1.7976931348623156E306, 1.7976931348623156E306, 1.7976931348623156E306, 1.7976931348623156E306, 1.7976931348623156E306, 1.7976931348623156E306, 0.0, 1.0, 0.0, 1.7976931348623156E306, 1.7976931348623156E306]
602	MoeSQLmosa	18	2	[0.0, 1.0, 1.0, 1.0, 1.0, 1.0, 1.0, 1.0, 1.0, 1.0, 0.0, 1.0, 44.7, 45.7, 46.7, 1.0, 9.0, 0.0, 1.0, 1.0, 1.0, 2.0, 2.0, 1.0, 0.0, 1.0]
602	MoeSQLmosa	19	2	[1.7976931348623156E306, 1.7976931348623156E306, 0.0, 1.7976931348623156E306, 1.7976931348623156E306, 1.7976931348623156E306, 1.7976931348623156E306, 1.7976931348623156E306, 1.7976931348623156E306, 1.7976931348623156E306, 1.7976931348623156E306, 1.7976931348623156E306, 1.7976931348623156E306, 1.7976931348623156E306, 1.7976931348623156E306, 1.7976931348623156E306, 1.7976931348623156E306, 1.7976931348623156E306, 1.7976931348623156E306, 1.7976931348623156E306, 1.7976931348623156E306, 2.0, 1.7976931348623156E306, 1.7976931348623156E306, 1.7976931348623156E306, 1.7976931348623156E306]
602	MoeSQLmosa	20	2	[1.7976931348623156E306, 1.7976931348623156E306, 1.7976931348623156E306, 1.7976931348623156E306, 1.7976931348623156E306, 1.7976931348623156E306, 1.7976931348623156E306, 1.7976931348623156E306, 1.7976931348623156E306, 1.7976931348623156E306, 1.7976931348623156E306, 1.7976931348623156E306, 1.7976931348623156E306, 1.7976931348623156E306, 1.7976931348623156E306, 1.7976931348623156E306, 1.7976931348623156E306, 1.7976931348623156E306, 1.7976931348623156E306, 0.0, 1.7976931348623156E306, 2.0, 1.7976931348623156E306, 1.7976931348623156E306, 1.7976931348623156E306, 1.7976931348623156E306]
602	MoeSQLmosa	21	2	[2.0, 3.0, 3.0, 3.0, 3.0, 3.0, 3.0, 3.0, 3.0, 3.0, 2.0, 3.0, 2.0, 1.0, 0.0, 3.0, 2.0, 11.0, 12.0, 12.0, 3.0, 2.0, 2.0, 3.0, 3.0, 2.0]
602	MOTGA	0	21	[0.0, 0.0, 0.0, 0.0, 0.0, 0.0, 0.0, 0.0, 0.0, 0.0, 0.0, 0.0, 0.0, 0.0, 0.0, 0.0, 0.0, 0.0, 0.0, 0.0, 0.0, 0.0, 2.0, 1.7976931348623156E306, 0.0, 0.0]
605	MoeSQLmosa	0	3	[19.751383564356974, 20.751383564356974, 20.751383564356974, 20.751383564356974, 20.751383564356974, 20.751383564356974, 19.751383564356974, 20.751383564356974, 20.751383564356974, 0.0, 1.7976931348623156E306, 1.7976931348623156E306, 1.7976931348623156E306, 1.7976931348623156E306, 1.7976931348623156E306, 1.7976931348623156E306, 19.751383564356974, 1.7976931348623156E306, 1.7976931348623156E306]
605	MoeSQLmosa	1	3	[1.7976931348623156E306, 1.7976931348623156E306, 1.7976931348623156E306, 1.7976931348623156E306, 1.7976931348623156E306, 1.7976931348623156E306, 1.7976931348623156E306, 1.7976931348623156E306, 0.0, 1.7976931348623156E306, 1.7976931348623156E306, 1.7976931348623156E306, 1.7976931348623156E306, 1.7976931348623156E306, 1.7976931348623156E306, 1.7976931348623156E306, 1.7976931348623156E306, 1.7976931348623156E306, 1.7976931348623156E306]
605	MoeSQLmosa	2	3	[1.7976931348623156E306, 1.7976931348623156E306, 1.7976931348623156E306, 1.7976931348623156E306, 1.7976931348623156E306, 1.7976931348623156E306, 1.7976931348623156E306, 1.7976931348623156E306, 0.0, 1.7976931348623156E306, 1.7976931348623156E306, 1.7976931348623156E306, 1.7976931348623156E306, 1.7976931348623156E306, 1.7976931348623156E306, 1.7976931348623156E306, 1.7976931348623156E306, 0.0, 1.7976931348623156E306]
605	MoeSQLmosa	3	3	[1.7976931348623156E306, 1.7976931348623156E306, 0.0, 1.7976931348623156E306, 1.7976931348623156E306, 1.7976931348623156E306, 1.7976931348623156E306, 1.7976931348623156E306, 1.7976931348623156E306, 1.7976931348623156E306, 3.595386269724631E306, 3.595386269724631E306, 3.595386269724631E306, 3.595386269724631E306, 3.595386269724631E306, 3.595386269724631E306, 1.7976931348623156E306, 3.595386269724631E306, 3.595386269724631E306]
605	MoeSQLmosa	4	3	[37.20912139603315, 0.0, 1.0, 38.20912139603315, 38.20912139603315, 38.20912139603315, 37.20912139603315, 38.20912139603315, 38.20912139603315, 39.20912139603315, 1.7976931348623156E306, 1.7976931348623156E306, 1.7976931348623156E306, 1.7976931348623156E306, 1.7976931348623156E306, 1.7976931348623156E306, 37.20912139603315, 1.7976931348623156E306, 1.7976931348623156E306]
605	MoeSQLmosa	5	3	[0.0, 1.0, 1.0, 1.0, 1.0, 1.0, 0.0, 1.0, 1.0, 2.0, 1.7976931348623156E306, 1.7976931348623156E306, 1.7976931348623156E306, 1.7976931348623156E306, 1.7976931348623156E306, 1.7976931348623156E306, 0.0, 1.7976931348623156E306, 1.7976931348623156E306]
605	MoeSQLmosa	6	3	[1.0, 2.0, 2.0, 2.0, 2.0, 2.0, 1.0, 0.0, 2.0, 3.0, 1.7976931348623156E306, 1.7976931348623156E306, 1.7976931348623156E306, 1.7976931348623156E306, 1.7976931348623156E306, 1.7976931348623156E306, 1.0, 1.7976931348623156E306, 1.7976931348623156E306]
605	MoeSQLmosa	7	3	[18.21384546825723, 19.21384546825723, 19.21384546825723, 0.0, 1.0, 19.21384546825723, 18.21384546825723, 19.21384546825723, 19.21384546825723, 2.0, 1.7976931348623156E306, 1.7976931348623156E306, 1.7976931348623156E306, 1.7976931348623156E306, 1.7976931348623156E306, 1.7976931348623156E306, 18.21384546825723, 1.7976931348623156E306, 1.7976931348623156E306]
605	MoeSQLmosa	8	3	[1.7976931348623156E306, 1.7976931348623156E306, 1.7976931348623156E306, 1.7976931348623156E306, 1.7976931348623156E306, 1.7976931348623156E306, 1.7976931348623156E306, 1.7976931348623156E306, 0.0, 1.7976931348623156E306, 0.0, 1.7976931348623156E306, 1.7976931348623156E306, 1.7976931348623156E306, 1.7976931348623156E306, 1.7976931348623156E306, 1.7976931348623156E306, 1.7976931348623156E306, 1.7976931348623156E306]
605	MoeSQLmosa	9	3	[0.0, 1.0, 1.0, 1.0, 1.0, 1.0, 0.0, 1.0, 1.0, 2.0, 1.7976931348623156E306, 0.0, 1.7976931348623156E306, 1.7976931348623156E306, 1.7976931348623156E306, 1.7976931348623156E306, 0.0, 1.7976931348623156E306, 1.7976931348623156E306]
605	MoeSQLmosa	10	3	[1.7976931348623156E306, 1.7976931348623156E306, 1.7976931348623156E306, 1.7976931348623156E306, 0.0, 1.7976931348623156E306, 1.7976931348623156E306, 1.7976931348623156E306, 1.7976931348623156E306, 2.0, 3.595386269724631E306, 3.595386269724631E306, 3.595386269724631E306, 3.595386269724631E306, 3.595386269724631E306, 3.595386269724631E306, 1.7976931348623156E306, 3.595386269724631E306, 3.595386269724631E306]
605	MoeSQLmosa	11	3	[1.7976931348623156E306, 1.7976931348623156E306, 1.7976931348623156E306, 1.7976931348623156E306, 1.7976931348623156E306, 1.7976931348623156E306, 1.7976931348623156E306, 1.7976931348623156E306, 0.0, 1.7976931348623156E306, 1.7976931348623156E306, 1.7976931348623156E306, 1.7976931348623156E306, 1.7976931348623156E306, 1.7976931348623156E306, 1.7976931348623156E306, 1.7976931348623156E306, 1.7976931348623156E306, 0.0]
605	MoeSQLmosa	12	3	[0.0, 1.0, 1.0, 1.0, 1.0, 1.0, 0.0, 1.0, 1.0, 2.0, 1.7976931348623156E306, 1.7976931348623156E306, 0.0, 1.7976931348623156E306, 1.7976931348623156E306, 1.7976931348623156E306, 0.0, 1.7976931348623156E306, 1.7976931348623156E306]
605	MoeSQLmosa	13	3	[0.0, 1.0, 1.0, 1.0, 1.0, 1.0, 0.0, 1.0, 1.0, 2.0, 1.7976931348623156E306, 1.7976931348623156E306, 1.7976931348623156E306, 0.0, 1.7976931348623156E306, 1.7976931348623156E306, 0.0, 1.7976931348623156E306, 1.7976931348623156E306]
605	MoeSQLmosa	14	3	[1.7976931348623156E306, 1.7976931348623156E306, 1.7976931348623156E306, 1.7976931348623156E306, 1.7976931348623156E306, 1.7976931348623156E306, 1.7976931348623156E306, 1.7976931348623156E306, 0.0, 1.7976931348623156E306, 1.7976931348623156E306, 1.7976931348623156E306, 1.7976931348623156E306, 1.7976931348623156E306, 1.7976931348623156E306, 0.0, 1.7976931348623156E306, 1.7976931348623156E306, 1.7976931348623156E306]
605	MoeSQLmosa	15	3	[0.0, 1.0, 1.0, 1.0, 1.0, 1.0, 0.0, 1.0, 1.0, 2.0, 1.7976931348623156E306, 1.7976931348623156E306, 1.7976931348623156E306, 1.7976931348623156E306, 0.0, 1.7976931348623156E306, 0.0, 1.7976931348623156E306, 1.7976931348623156E306]
605	MoeSQLmosa	16	3	[1.0, 2.0, 2.0, 2.0, 2.0, 0.0, 1.0, 2.0, 2.0, 3.0, 1.7976931348623156E306, 1.7976931348623156E306, 1.7976931348623156E306, 1.7976931348623156E306, 1.0, 1.7976931348623156E306, 1.0, 1.7976931348623156E306, 1.7976931348623156E306]
605	MOTGA	0	15	[0.0, 0.0, 0.0, 0.0, 0.0, 0.0, 0.0, 0.0, 0.0, 0.0, 0.0, 0.0, 0.0, 0.0, 0.0, 0.0, 0.0, 0.0, 0.0]
606	MoeSQLmosa	0	1	[25.32348034211291, 0.0, 1.0, 26.32348034211291, 25.32348034211291, 26.32348034211291, 3.0, 3.0, 3.0, 3.0, 3.0, 3.0, 3.0]
606	MoeSQLmosa	1	1	[0.0, 1.0, 1.0, 1.0, 0.0, 1.0, 2.0, 2.0, 2.0, 2.0, 2.0, 2.0, 2.0]
606	MoeSQLmosa	2	1	[1.7976931348623156E306, 1.7976931348623156E306, 0.0, 1.7976931348623156E306, 1.7976931348623156E306, 1.7976931348623156E306, 3.0, 3.0, 3.0, 3.0, 3.0, 3.0, 3.0]
606	MoeSQLmosa	3	1	[1.0, 2.0, 2.0, 2.0, 1.0, 0.0, 3.0, 3.0, 3.0, 3.0, 3.0, 3.0, 3.0]
606	MoeSQLmosa	4	3	[0.0, 1.0, 1.0, 1.0, 0.0, 1.0, 0.0, 1.0, 1.0, 1.0, 1.0, 1.0, 0.0]
606	MoeSQLmosa	5	1	[1.0, 2.0, 2.0, 0.0, 1.0, 2.0, 3.0, 3.0, 3.0, 3.0, 3.0, 3.0, 3.0]
606	MoeSQLmosa	6	3	[0.0, 1.0, 1.0, 1.0, 0.0, 1.0, 0.0, 1.0, 2.0, 1.0, 0.0, 1.0, 1.0]
606	MoeSQLmosa	7	3	[0.0, 1.0, 1.0, 1.0, 0.0, 1.0, 0.0, 1.0, 0.0, 1.0, 2.0, 1.0, 0.0]
606	MoeSQLmosa	8	3	[0.0, 1.0, 1.0, 1.0, 0.0, 1.0, 0.0, 0.0, 0.0, 1.0, 0.0, 1.0, 0.0]
606	MoeSQLmosa	9	3	[0.0, 1.0, 1.0, 1.0, 0.0, 1.0, 1.0, 0.0, 1.0, 1.0, 1.0, 0.0, 0.0]
606	MoeSQLmosa	10	3	[0.0, 1.0, 1.0, 1.0, 0.0, 1.0, 1.0, 0.0, 1.0, 0.0, 1.0, 1.0, 0.0]
606	MOTGA	0	13	[0.0, 0.0, 0.0, 0.0, 0.0, 0.0, 0.0, 0.0, 0.0, 0.0, 0.0, 0.0, 0.0]
607	MoeSQLmosa	0	2	[0.0, 0.0]
607	MOTGA	0	2	[0.0, 0.0]
608	MoeSQLmosa	0	3	[4.516233766233766, 0.0, 1.0, 0.0, 1.0, 4.516233766233766, 1.7976931348623156E306, 1.7976931348623156E306]
608	MoeSQLmosa	1	2	[0.0, 1.0, 1.0, 1.0, 1.0, 0.0, 1.7976931348623156E306, 1.7976931348623156E306]
608	MoeSQLmosa	2	3	[0.0, 1.0, 0.0, 1.0, 1.0, 1.7976931348623156E306, 1.7976931348623156E306, 0.0]
608	MoeSQLmosa	3	2	[1.7976931348623156E306, 1.7976931348623156E306, 1.7976931348623156E306, 1.7976931348623156E306, 0.0, 3.595386269724631E306, 1.7976931348623156E306, 3.595386269724631E306]
608	MoeSQLmosa	4	2	[0.0, 1.0, 1.0, 1.0, 1.0, 1.7976931348623156E306, 0.0, 1.7976931348623156E306]
608	MOTGA	0	10	[0.0, 0.0, 0.0, 0.0, 0.0, 0.0, 0.0, 0.0]
609	MoeSQLmosa	0	1	[9.463680836707153, 10.463680836707153, 10.463680836707153, 0.0, 1.0, 10.463680836707153, 10.463680836707153, 20.000576842747897]
609	MoeSQLmosa	1	1	[7.6496460372767, 0.0, 1.0, 8.6496460372767, 8.6496460372767, 8.6496460372767, 8.6496460372767, 15.2992920745534]
609	MoeSQLmosa	2	1	[10.803894112927264, 11.803894112927264, 11.803894112927264, 11.803894112927264, 11.803894112927264, 0.0, 1.0, 21.34079011896801]
609	MoeSQLmosa	3	1	[1.7976931348623156E306, 1.7976931348623156E306, 0.0, 1.7976931348623156E306, 1.7976931348623156E306, 1.7976931348623156E306, 1.7976931348623156E306, 1.7976931348623156E306]
609	MoeSQLmosa	4	1	[1.0, 2.0, 2.0, 2.0, 2.0, 2.0, 2.0, 0.0]
609	MoeSQLmosa	5	1	[0.0, 1.0, 1.0, 1.0, 1.0, 1.0, 1.0, 9.725803277285758]
609	MoeSQLmosa	6	1	[1.7976931348623156E306, 1.7976931348623156E306, 1.7976931348623156E306, 1.7976931348623156E306, 0.0, 1.7976931348623156E306, 1.7976931348623156E306, 1.7976931348623156E306]
609	MoeSQLmosa	7	1	[1.7976931348623156E306, 1.7976931348623156E306, 1.7976931348623156E306, 1.7976931348623156E306, 1.7976931348623156E306, 1.7976931348623156E306, 0.0, 1.7976931348623156E306]
609	MOTGA	0	8	[0.0, 0.0, 0.0, 0.0, 0.0, 0.0, 0.0, 0.0]
610	MoeSQLmosa	0	1	[0.0, 41.10302233949219]
610	MoeSQLmosa	1	1	[1.0, 0.0]
610	MOTGA	0	2	[0.0, 0.0]
611	MoeSQLmosa	0	1	[1.0, 0.0, 1.0, 1.0, 0.0, 1.0]
611	MoeSQLmosa	1	2	[2.0, 1.0, 2.0, 0.0, 1.0, 0.0]
611	MoeSQLmosa	2	1	[0.0, 1.0, 2.0, 2.0, 1.0, 2.0]
611	MoeSQLmosa	3	1	[2.0, 1.0, 0.0, 2.0, 1.0, 2.0]
611	MOTGA	0	5	[0.0, 0.0, 0.0, 0.0, 0.0, 0.0]
612	MoeSQLmosa	0	2	[16.544568932959027, 17.544568932959027, 17.544568932959027, 17.544568932959027, 16.544568932959027, 17.544568932959027, 17.544568932959027, 16.544568932959027, 17.544568932959027, 0.0, 1.0, 0.0]
612	MoeSQLmosa	1	2	[1.7976931348623156E306, 1.7976931348623156E306, 1.7976931348623156E306, 1.7976931348623156E306, 1.7976931348623156E306, 1.7976931348623156E306, 1.7976931348623156E306, 1.7976931348623156E306, 1.7976931348623156E306, 1.0, 0.0, 412.0]
612	MoeSQLmosa	2	2	[0.0, 1.0, 1.0, 1.0, 0.0, 1.0, 1.0, 0.0, 1.0, 2.0, 3.0, 2.0]
612	MoeSQLmosa	3	2	[1.0, 2.0, 2.0, 2.0, 1.0, 2.0, 0.0, 1.0, 2.0, 2.0, 3.0, 1.0]
612	MoeSQLmosa	4	2	[1.0, 2.0, 2.0, 2.0, 1.0, 0.0, 2.0, 1.0, 2.0, 2.0, 3.0, 1.0]
612	MoeSQLmosa	5	2	[1.0, 2.0, 2.0, 0.0, 1.0, 2.0, 2.0, 1.0, 2.0, 2.0, 3.0, 1.0]
612	MoeSQLmosa	6	2	[9.369299547080876, 0.0, 1.0, 10.369299547080876, 9.369299547080876, 10.369299547080876, 10.369299547080876, 9.369299547080876, 10.369299547080876, 11.369299547080876, 12.369299547080876, 2.0]
612	MoeSQLmosa	7	2	[1.7976931348623156E306, 1.7976931348623156E306, 0.0, 1.7976931348623156E306, 1.7976931348623156E306, 1.7976931348623156E306, 1.7976931348623156E306, 1.7976931348623156E306, 1.7976931348623156E306, 1.7976931348623156E306, 1.7976931348623156E306, 2.0]
612	MoeSQLmosa	8	2	[1.0, 2.0, 2.0, 2.0, 1.0, 2.0, 2.0, 1.0, 0.0, 2.0, 3.0, 1.0]
612	MOTGA	0	2	[16.544568932959027, 17.544568932959027, 17.544568932959027, 17.544568932959027, 16.544568932959027, 17.544568932959027, 17.544568932959027, 16.544568932959027, 17.544568932959027, 0.0, 1.0, 0.0]
612	MOTGA	1	9	[0.0, 0.0, 0.0, 0.0, 0.0, 0.0, 0.0, 0.0, 0.0, 1.0, 0.0, 2.0]
614	MoeSQLmosa	0	1	[8.881635031635033, 0.0, 1.0, 9.881635031635033, 9.881635031635033, 9.881635031635033, 9.881635031635033, 42.240725940725945]
614	MoeSQLmosa	1	1	[34.20095330201714, 35.20095330201714, 35.20095330201714, 0.0, 1.0, 35.20095330201714, 35.20095330201714, 45.83575033558466]
614	MoeSQLmosa	2	1	[1.7976931348623156E306, 1.7976931348623156E306, 0.0, 1.7976931348623156E306, 1.7976931348623156E306, 1.7976931348623156E306, 1.7976931348623156E306, 1.7976931348623156E306]
614	MoeSQLmosa	3	1	[47.15890688259109, 48.15890688259109, 48.15890688259109, 48.15890688259109, 48.15890688259109, 0.0, 1.0, 90.87508335317932]
614	MoeSQLmosa	4	1	[1.0, 2.0, 2.0, 2.0, 2.0, 2.0, 2.0, 0.0]
614	MoeSQLmosa	5	1	[1.7976931348623156E306, 1.7976931348623156E306, 1.7976931348623156E306, 1.7976931348623156E306, 0.0, 1.7976931348623156E306, 1.7976931348623156E306, 1.7976931348623156E306]
614	MoeSQLmosa	6	1	[0.0, 1.0, 1.0, 1.0, 1.0, 1.0, 1.0, 40.49837662337662]
614	MoeSQLmosa	7	1	[1.7976931348623156E306, 1.7976931348623156E306, 1.7976931348623156E306, 1.7976931348623156E306, 1.7976931348623156E306, 1.7976931348623156E306, 0.0, 1.7976931348623156E306]
614	MOTGA	0	8	[0.0, 0.0, 0.0, 0.0, 0.0, 0.0, 0.0, 0.0]
615	MoeSQLmosa	0	1	[1.0, 0.0, 1.0]
615	MoeSQLmosa	1	1	[0.0, 10.377416740347774, 1.0]
615	MoeSQLmosa	2	1	[1.7976931348623156E306, 1.7976931348623156E306, 0.0]
615	MOTGA	0	3	[0.0, 0.0, 0.0]
616	MoeSQLmosa	0	2	[0.0, 0.0]
616	MOTGA	0	2	[0.0, 0.0]
617	MoeSQLmosa	0	2	[0.0, 0.0]
617	MOTGA	0	2	[0.0, 0.0]
618	MoeSQLmosa	0	1	[1.0, 0.0]
618	MoeSQLmosa	1	1	[0.0, 43.04276795109467]
618	MOTGA	0	2	[0.0, 0.0]
619	MoeSQLmosa	0	1	[1.7976931348623156E306, 1.7976931348623156E306, 0.0]
619	MoeSQLmosa	1	1	[1.0, 0.0, 1.0]
619	MoeSQLmosa	2	1	[0.0, 47.15128205128205, 1.0]
619	MOTGA	0	3	[0.0, 0.0, 0.0]
620	MoeSQLmosa	0	1	[1.7976931348623156E306, 1.7976931348623156E306, 1.7976931348623156E306, 1.7976931348623156E306, 0.0, 1.7976931348623156E306, 1.7976931348623156E306, 1.7976931348623156E306]
620	MoeSQLmosa	1	1	[14.797938405680343, 15.797938405680343, 15.797938405680343, 0.0, 1.0, 15.797938405680343, 15.797938405680343, 31.768771739013673]
620	MoeSQLmosa	2	1	[16.736839840395874, 17.736839840395874, 17.736839840395874, 17.736839840395874, 17.736839840395874, 0.0, 1.0, 30.98878393413101]
620	MoeSQLmosa	3	1	[33.86666666666666, 0.0, 1.0, 34.86666666666666, 34.86666666666666, 34.86666666666666, 34.86666666666666, 56.587856013718074]
620	MoeSQLmosa	4	1	[1.7976931348623156E306, 1.7976931348623156E306, 1.7976931348623156E306, 1.7976931348623156E306, 1.7976931348623156E306, 1.7976931348623156E306, 0.0, 1.7976931348623156E306]
620	MoeSQLmosa	5	1	[0.0, 1.0, 1.0, 1.0, 1.0, 1.0, 1.0, 18.15552724541204]
620	MoeSQLmosa	6	1	[1.0, 2.0, 2.0, 2.0, 2.0, 2.0, 2.0, 0.0]
620	MoeSQLmosa	7	1	[1.7976931348623156E306, 1.7976931348623156E306, 0.0, 1.7976931348623156E306, 1.7976931348623156E306, 1.7976931348623156E306, 1.7976931348623156E306, 1.7976931348623156E306]
620	MOTGA	0	8	[0.0, 0.0, 0.0, 0.0, 0.0, 0.0, 0.0, 0.0]
621	MoeSQLmosa	0	2	[0.0, 0.0]
621	MOTGA	0	2	[0.0, 0.0]
623	MoeSQLmosa	0	2	[0.0, 0.0, 1.0, 1.0, 0.0, 1.0, 1.0, 1.0, 2.0]
623	MoeSQLmosa	1	2	[0.0, 1.0, 1.0, 1.0, 0.0, 1.0, 0.0, 1.0, 1.0]
623	MoeSQLmosa	2	1	[1.0, 2.0, 2.0, 2.0, 1.0, 0.0, 1.0, 2.0, 1.0]
623	MoeSQLmosa	3	2	[0.0, 1.0, 1.0, 1.0, 0.0, 1.0, 1.0, 0.0, 2.0]
623	MoeSQLmosa	4	1	[1.7976931348623156E306, 1.7976931348623156E306, 0.0, 1.7976931348623156E306, 1.7976931348623156E306, 1.7976931348623156E306, 1.7976931348623156E306, 2.0, 1.7976931348623156E306]
623	MoeSQLmosa	5	1	[1.0, 2.0, 2.0, 0.0, 1.0, 2.0, 1.0, 2.0, 1.0]
623	MoeSQLmosa	6	3	[0.0, 1.0, 1.0, 1.0, 0.0, 1.0, 0.0, 1.0, 0.0]
623	MOTGA	0	10	[0.0, 0.0, 0.0, 0.0, 0.0, 0.0, 0.0, 0.0, 0.0]
624	MoeSQLmosa	0	1	[1.0, 0.0]
624	MoeSQLmosa	1	1	[0.0, 26.682995294045828]
624	MOTGA	0	2	[0.0, 0.0]
625	MoeSQLmosa	0	3	[0.0]
625	MOTGA	0	3	[0.0]
626	MoeSQLmosa	0	1	[0.0, 41.72619047619048, 1.0]
626	MoeSQLmosa	1	1	[1.0, 0.0, 1.0]
626	MoeSQLmosa	2	1	[1.7976931348623156E306, 1.7976931348623156E306, 0.0]
626	MOTGA	0	3	[0.0, 0.0, 0.0]
627	MoeSQLmosa	0	2	[0.0, 0.0]
627	MOTGA	0	2	[0.0, 0.0]
628	MoeSQLmosa	0	1	[0.0, 35.21440220318897]
628	MoeSQLmosa	1	1	[1.0, 0.0]
628	MOTGA	0	2	[0.0, 0.0]
629	MoeSQLmosa	0	1	[1.7976931348623156E306, 1.7976931348623156E306, 0.0, 1.7976931348623156E306, 1.7976931348623156E306, 1.7976931348623156E306, 1.7976931348623156E306, 1.7976931348623156E306]
629	MoeSQLmosa	1	1	[34.44117647058823, 35.44117647058823, 35.44117647058823, 0.0, 1.0, 35.44117647058823, 35.44117647058823, 50.04083496127373]
629	MoeSQLmosa	2	1	[12.115277777777779, 13.115277777777779, 13.115277777777779, 13.115277777777779, 13.115277777777779, 0.0, 1.0, 20.92406898656899]
629	MoeSQLmosa	3	1	[8.476342523102245, 0.0, 1.0, 9.476342523102245, 9.476342523102245, 9.476342523102245, 9.476342523102245, 17.198363362320148]
629	MoeSQLmosa	4	1	[0.0, 1.0, 1.0, 1.0, 1.0, 1.0, 1.0, 8.722020839217903]
629	MoeSQLmosa	5	1	[1.0, 2.0, 2.0, 2.0, 2.0, 2.0, 2.0, 0.0]
629	MoeSQLmosa	6	1	[1.7976931348623156E306, 1.7976931348623156E306, 1.7976931348623156E306, 1.7976931348623156E306, 0.0, 1.7976931348623156E306, 1.7976931348623156E306, 1.7976931348623156E306]
629	MoeSQLmosa	7	1	[1.7976931348623156E306, 1.7976931348623156E306, 1.7976931348623156E306, 1.7976931348623156E306, 1.7976931348623156E306, 1.7976931348623156E306, 0.0, 1.7976931348623156E306]
629	MOTGA	0	8	[0.0, 0.0, 0.0, 0.0, 0.0, 0.0, 0.0, 0.0]
630	MoeSQLmosa	0	1	[17.83219696969697, 0.0, 1.0, 18.83219696969697, 18.83219696969697, 18.83219696969697, 18.83219696969697]
630	MoeSQLmosa	1	1	[18.26278889342479, 19.26278889342479, 19.26278889342479, 19.26278889342479, 19.26278889342479, 0.0, 1.0]
630	MoeSQLmosa	2	1	[1.7976931348623156E306, 1.7976931348623156E306, 0.0, 1.7976931348623156E306, 1.7976931348623156E306, 1.7976931348623156E306, 1.7976931348623156E306]
630	MoeSQLmosa	3	1	[20.770017701843923, 21.770017701843923, 21.770017701843923, 0.0, 1.0, 21.770017701843923, 21.770017701843923]
630	MoeSQLmosa	4	1	[0.0, 1.0, 1.0, 1.0, 1.0, 1.0, 1.0]
630	MoeSQLmosa	5	1	[1.7976931348623156E306, 1.7976931348623156E306, 1.7976931348623156E306, 1.7976931348623156E306, 1.7976931348623156E306, 1.7976931348623156E306, 0.0]
630	MoeSQLmosa	6	1	[1.7976931348623156E306, 1.7976931348623156E306, 1.7976931348623156E306, 1.7976931348623156E306, 0.0, 1.7976931348623156E306, 1.7976931348623156E306]
630	MOTGA	0	7	[0.0, 0.0, 0.0, 0.0, 0.0, 0.0, 0.0]
631	MoeSQLmosa	0	2	[1.0, 0.0, 0.0]
631	MoeSQLmosa	1	1	[0.0, 43.96789819376026, 1.0]
631	MOTGA	0	3	[0.0, 0.0, 0.0]
633	MoeSQLmosa	0	2	[6.347892271662764, 0.0, 0.0, 1.0]
633	MoeSQLmosa	1	1	[0.0, 1.0, 1.0, 1.0]
633	MoeSQLmosa	2	1	[1.7976931348623156E306, 1.7976931348623156E306, 1.7976931348623156E306, 0.0]
633	MOTGA	0	4	[0.0, 0.0, 0.0, 0.0]
634	MoeSQLmosa	0	1	[1.7976931348623156E306, 1.7976931348623156E306, 0.0, 1.7976931348623156E306, 1.7976931348623156E306]
634	MoeSQLmosa	1	1	[23.528880055622416, 0.0, 1.0, 24.528880055622416, 24.528880055622416]
634	MoeSQLmosa	2	1	[14.716666666666665, 15.716666666666665, 15.716666666666665, 0.0, 1.0]
634	MoeSQLmosa	3	1	[1.7976931348623156E306, 1.7976931348623156E306, 1.7976931348623156E306, 1.7976931348623156E306, 0.0]
634	MoeSQLmosa	4	1	[0.0, 1.0, 1.0, 1.0, 1.0]
634	MOTGA	0	5	[0.0, 0.0, 0.0, 0.0, 0.0]
635	MoeSQLmosa	0	2	[31.156045303506996, 0.0, 1.0, 0.0, 1.0]
635	MoeSQLmosa	1	1	[0.0, 1.0, 1.0, 1.0, 1.0]
635	MoeSQLmosa	2	1	[1.7976931348623156E306, 1.7976931348623156E306, 1.7976931348623156E306, 1.7976931348623156E306, 0.0]
635	MoeSQLmosa	3	1	[1.7976931348623156E306, 1.7976931348623156E306, 0.0, 1.7976931348623156E306, 1.7976931348623156E306]
635	MOTGA	0	5	[0.0, 0.0, 0.0, 0.0, 0.0]
636	MoeSQLmosa	0	1	[0.0, 7.279246794871795]
636	MoeSQLmosa	1	1	[1.0, 0.0]
636	MOTGA	0	2	[0.0, 0.0]
637	MoeSQLmosa	0	2	[0.0, 0.0]
637	MOTGA	0	2	[0.0, 0.0]
638	MoeSQLmosa	0	1	[0.0, 25.526478357034865, 1.0]
638	MoeSQLmosa	1	1	[1.0, 0.0, 1.0]
638	MoeSQLmosa	2	1	[1.7976931348623156E306, 1.7976931348623156E306, 0.0]
638	MOTGA	0	3	[0.0, 0.0, 0.0]
639	MoeSQLmosa	0	2	[0.0, 0.0]
639	MOTGA	0	2	[0.0, 0.0]
640	MoeSQLmosa	0	1	[0.0, 25.0]
640	MoeSQLmosa	1	1	[1.0, 0.0]
640	MOTGA	0	2	[0.0, 0.0]
641	MoeSQLmosa	0	1	[33.54795373156654, 34.54795373156654, 34.54795373156654, 34.54795373156654, 34.54795373156654, 0.0, 1.0]
641	MoeSQLmosa	1	1	[11.248677248677248, 0.0, 1.0, 12.248677248677248, 12.248677248677248, 12.248677248677248, 12.248677248677248]
641	MoeSQLmosa	2	1	[14.774707923643135, 15.774707923643135, 15.774707923643135, 0.0, 1.0, 15.774707923643135, 15.774707923643135]
641	MoeSQLmosa	3	1	[0.0, 1.0, 1.0, 1.0, 1.0, 1.0, 1.0]
641	MoeSQLmosa	4	1	[1.7976931348623156E306, 1.7976931348623156E306, 0.0, 1.7976931348623156E306, 1.7976931348623156E306, 1.7976931348623156E306, 1.7976931348623156E306]
641	MoeSQLmosa	5	1	[1.7976931348623156E306, 1.7976931348623156E306, 1.7976931348623156E306, 1.7976931348623156E306, 1.7976931348623156E306, 1.7976931348623156E306, 0.0]
641	MoeSQLmosa	6	1	[1.7976931348623156E306, 1.7976931348623156E306, 1.7976931348623156E306, 1.7976931348623156E306, 0.0, 1.7976931348623156E306, 1.7976931348623156E306]
641	MOTGA	0	7	[0.0, 0.0, 0.0, 0.0, 0.0, 0.0, 0.0]
642	MoeSQLmosa	0	1	[22.38950318097017, 21.38950318097017, 22.38950318097017, 21.38950318097017, 0.0]
642	MoeSQLmosa	1	1	[1.0, 0.0, 1.0, 0.0, 1.0]
642	MoeSQLmosa	2	1	[2.0, 1.0, 0.0, 1.0, 2.0]
642	MoeSQLmosa	3	1	[0.0, 1.0, 2.0, 1.0, 2.0]
642	MOTGA	0	4	[0.0, 0.0, 0.0, 0.0, 0.0]
643	MoeSQLmosa	0	1	[1.0, 0.0, 2.0]
643	MoeSQLmosa	1	1	[0.0, 24.546405981747537, 3.0]
643	MoeSQLmosa	2	3	[1.0, 0.0, 0.0]
643	MOTGA	0	4	[0.0, 0.0, 0.0]
644	MoeSQLmosa	0	1	[1.0, 0.0, 1.0]
644	MoeSQLmosa	1	1	[0.0, 16.272222222222226, 1.0]
644	MoeSQLmosa	2	1	[1.7976931348623156E306, 1.7976931348623156E306, 0.0]
644	MOTGA	0	3	[0.0, 0.0, 0.0]
645	MoeSQLmosa	0	1	[0.0, 34.93712069724266]
645	MoeSQLmosa	1	1	[1.0, 0.0]
645	MOTGA	0	2	[0.0, 0.0]
646	MoeSQLmosa	0	1	[2.0, 1.0, 0.0, 1.0, 2.0]
646	MoeSQLmosa	1	1	[1.0, 0.0, 1.0, 0.0, 1.0]
646	MoeSQLmosa	2	1	[0.0, 1.0, 2.0, 1.0, 2.0]
646	MoeSQLmosa	3	1	[7.71012047957128, 6.71012047957128, 7.71012047957128, 6.71012047957128, 0.0]
646	MOTGA	0	4	[0.0, 0.0, 0.0, 0.0, 0.0]
647	MoeSQLmosa	0	1	[0.0, 20.308333333333334]
647	MoeSQLmosa	1	1	[1.0, 0.0]
647	MOTGA	0	2	[0.0, 0.0]
648	MoeSQLmosa	0	2	[0.0, 0.0, 1.0]
648	MoeSQLmosa	1	1	[1.7976931348623156E306, 1.7976931348623156E306, 0.0]
648	MOTGA	0	3	[0.0, 0.0, 0.0]
649	MoeSQLmosa	0	2	[0.0, 0.0]
649	MOTGA	0	2	[0.0, 0.0]
650	MoeSQLmosa	0	1	[1.7976931348623156E306, 1.7976931348623156E306, 1.7976931348623156E306, 1.7976931348623156E306, 0.0, 1.7976931348623156E306, 1.7976931348623156E306, 1.7976931348623156E306]
650	MoeSQLmosa	1	1	[3.409090909090909, 4.409090909090909, 4.409090909090909, 4.409090909090909, 4.409090909090909, 0.0, 1.0, 33.01858239799416]
650	MoeSQLmosa	2	1	[9.665088038858531, 10.665088038858531, 10.665088038858531, 0.0, 1.0, 10.665088038858531, 10.665088038858531, 27.943763857936826]
650	MoeSQLmosa	3	1	[0.0, 1.0, 1.0, 1.0, 1.0, 1.0, 1.0, 9.665088038858531]
650	MoeSQLmosa	4	1	[16.791380739343886, 0.0, 1.0, 17.791380739343886, 17.791380739343886, 17.791380739343886, 17.791380739343886, 50.78936053732368]
650	MoeSQLmosa	5	1	[1.7976931348623156E306, 1.7976931348623156E306, 1.7976931348623156E306, 1.7976931348623156E306, 1.7976931348623156E306, 1.7976931348623156E306, 0.0, 1.7976931348623156E306]
650	MoeSQLmosa	6	1	[1.0, 2.0, 2.0, 2.0, 2.0, 2.0, 2.0, 0.0]
650	MoeSQLmosa	7	1	[1.7976931348623156E306, 1.7976931348623156E306, 0.0, 1.7976931348623156E306, 1.7976931348623156E306, 1.7976931348623156E306, 1.7976931348623156E306, 1.7976931348623156E306]
650	MOTGA	0	8	[0.0, 0.0, 0.0, 0.0, 0.0, 0.0, 0.0, 0.0]
651	MoeSQLmosa	0	2	[0.0, 0.0]
651	MOTGA	0	2	[0.0, 0.0]
652	MoeSQLmosa	0	1	[1.0, 0.0]
652	MoeSQLmosa	1	1	[0.0, 29.62913434604611]
652	MOTGA	0	2	[0.0, 0.0]
653	MoeSQLmosa	0	1	[1.0, 0.0]
653	MoeSQLmosa	1	1	[0.0, 29.36112547583136]
653	MOTGA	0	2	[0.0, 0.0]
654	MoeSQLmosa	0	1	[25.072808636386576, 26.072808636386576, 26.072808636386576, 26.072808636386576, 26.072808636386576, 0.0, 1.0]
654	MoeSQLmosa	1	1	[9.92376893939394, 0.0, 1.0, 10.92376893939394, 10.92376893939394, 10.92376893939394, 10.92376893939394]
654	MoeSQLmosa	2	1	[39.406410256410254, 40.406410256410254, 40.406410256410254, 0.0, 1.0, 40.406410256410254, 40.406410256410254]
654	MoeSQLmosa	3	1	[0.0, 1.0, 1.0, 1.0, 1.0, 1.0, 1.0]
654	MoeSQLmosa	4	1	[1.7976931348623156E306, 1.7976931348623156E306, 1.7976931348623156E306, 1.7976931348623156E306, 0.0, 1.7976931348623156E306, 1.7976931348623156E306]
654	MoeSQLmosa	5	1	[1.7976931348623156E306, 1.7976931348623156E306, 0.0, 1.7976931348623156E306, 1.7976931348623156E306, 1.7976931348623156E306, 1.7976931348623156E306]
654	MoeSQLmosa	6	1	[1.7976931348623156E306, 1.7976931348623156E306, 1.7976931348623156E306, 1.7976931348623156E306, 1.7976931348623156E306, 1.7976931348623156E306, 0.0]
654	MOTGA	0	7	[0.0, 0.0, 0.0, 0.0, 0.0, 0.0, 0.0]
655	MoeSQLmosa	0	1	[0.0, 1.0, 1.0, 1.0, 1.0]
655	MoeSQLmosa	1	1	[42.951190476190476, 43.951190476190476, 43.951190476190476, 0.0, 1.0]
655	MoeSQLmosa	2	1	[41.61666666666667, 0.0, 1.0, 42.61666666666667, 42.61666666666667]
655	MoeSQLmosa	3	1	[1.7976931348623156E306, 1.7976931348623156E306, 0.0, 1.7976931348623156E306, 1.7976931348623156E306]
655	MoeSQLmosa	4	1	[1.7976931348623156E306, 1.7976931348623156E306, 1.7976931348623156E306, 1.7976931348623156E306, 0.0]
655	MOTGA	0	5	[0.0, 0.0, 0.0, 0.0, 0.0]
656	MoeSQLmosa	0	2	[0.0, 0.0, 1.0]
656	MoeSQLmosa	1	1	[1.7976931348623156E306, 1.7976931348623156E306, 0.0]
656	MOTGA	0	3	[0.0, 0.0, 0.0]
657	MoeSQLmosa	0	1	[0.0, 1.0, 1.0, 1.0, 1.0]
657	MoeSQLmosa	1	1	[15.690985248917793, 0.0, 1.0, 16.69098524891779, 16.69098524891779]
657	MoeSQLmosa	2	1	[11.681796253939812, 12.681796253939812, 12.681796253939812, 0.0, 1.0]
657	MoeSQLmosa	3	1	[1.7976931348623156E306, 1.7976931348623156E306, 1.7976931348623156E306, 1.7976931348623156E306, 0.0]
657	MoeSQLmosa	4	1	[1.7976931348623156E306, 1.7976931348623156E306, 0.0, 1.7976931348623156E306, 1.7976931348623156E306]
657	MOTGA	0	5	[0.0, 0.0, 0.0, 0.0, 0.0]
658	MoeSQLmosa	0	1	[6.687804352510234, 7.687804352510234, 0.0]
658	MoeSQLmosa	1	1	[12.338838973266244, 0.0, 13.338838973266244]
658	MoeSQLmosa	2	1	[0.0, 1.0, 1.0]
658	MOTGA	0	3	[0.0, 0.0, 0.0]
659	MoeSQLmosa	0	1	[0.0, 33.125, 1.0]
659	MoeSQLmosa	1	1	[1.0, 0.0, 1.0]
659	MoeSQLmosa	2	1	[1.7976931348623156E306, 1.7976931348623156E306, 0.0]
659	MOTGA	0	3	[0.0, 0.0, 0.0]
660	MoeSQLmosa	0	1	[43.78608491964656, 44.78608491964656, 44.78608491964656, 44.78608491964656, 44.78608491964656, 0.0, 1.0]
660	MoeSQLmosa	1	1	[14.659523984955017, 0.0, 1.0, 15.659523984955017, 15.659523984955017, 15.659523984955017, 15.659523984955017]
660	MoeSQLmosa	2	1	[14.659523984955017, 15.659523984955017, 15.659523984955017, 0.0, 1.0, 15.659523984955017, 15.659523984955017]
660	MoeSQLmosa	3	1	[1.7976931348623156E306, 1.7976931348623156E306, 0.0, 1.7976931348623156E306, 1.7976931348623156E306, 1.7976931348623156E306, 1.7976931348623156E306]
660	MoeSQLmosa	4	1	[1.7976931348623156E306, 1.7976931348623156E306, 1.7976931348623156E306, 1.7976931348623156E306, 1.7976931348623156E306, 1.7976931348623156E306, 0.0]
660	MoeSQLmosa	5	1	[0.0, 1.0, 1.0, 1.0, 1.0, 1.0, 1.0]
660	MoeSQLmosa	6	1	[1.7976931348623156E306, 1.7976931348623156E306, 1.7976931348623156E306, 1.7976931348623156E306, 0.0, 1.7976931348623156E306, 1.7976931348623156E306]
660	MOTGA	0	7	[0.0, 0.0, 0.0, 0.0, 0.0, 0.0, 0.0]
661	MoeSQLmosa	0	1	[3.0, 2.0, 1.0, 1.0, 0.0, 1.0]
661	MoeSQLmosa	1	1	[210.0, 209.0, 208.0, 0.0, 1.0, 2.0]
661	MoeSQLmosa	2	1	[2.0, 1.0, 0.0, 189.20225307408236, 190.20225307408236, 191.20225307408236]
661	MoeSQLmosa	3	1	[0.0, 1.0, 2.0, 2.0, 3.0, 4.0]
661	MoeSQLmosa	4	1	[1.0, 0.0, 1.0, 1.0, 2.0, 3.0]
661	MoeSQLmosa	5	1	[4.0, 3.0, 2.0, 2.0, 1.0, 0.0]
661	MOTGA	0	5	[0.0, 0.0, 0.0, 0.0, 0.0, 0.0]
662	MoeSQLmosa	0	1	[1.7976931348623156E306, 1.7976931348623156E306, 0.0, 1.7976931348623156E306, 1.7976931348623156E306, 1.7976931348623156E306, 1.7976931348623156E306, 1.7976931348623156E306]
662	MoeSQLmosa	1	1	[0.0, 1.0, 1.0, 1.0, 1.0, 1.0, 1.0, 7.2447835059677175]
662	MoeSQLmosa	2	1	[9.574564397460055, 10.574564397460055, 10.574564397460055, 0.0, 1.0, 10.574564397460055, 10.574564397460055, 40.45196477486043]
662	MoeSQLmosa	3	1	[9.11111111111111, 10.11111111111111, 10.11111111111111, 10.11111111111111, 10.11111111111111, 0.0, 1.0, 18.685675508571165]
662	MoeSQLmosa	4	1	[1.0, 2.0, 2.0, 2.0, 2.0, 2.0, 2.0, 0.0]
662	MoeSQLmosa	5	1	[8.975136374682656, 0.0, 1.0, 9.975136374682656, 9.975136374682656, 9.975136374682656, 9.975136374682656, 22.99845570241375]
662	MoeSQLmosa	6	1	[1.7976931348623156E306, 1.7976931348623156E306, 1.7976931348623156E306, 1.7976931348623156E306, 1.7976931348623156E306, 1.7976931348623156E306, 0.0, 1.7976931348623156E306]
662	MoeSQLmosa	7	1	[1.7976931348623156E306, 1.7976931348623156E306, 1.7976931348623156E306, 1.7976931348623156E306, 0.0, 1.7976931348623156E306, 1.7976931348623156E306, 1.7976931348623156E306]
662	MOTGA	0	8	[0.0, 0.0, 0.0, 0.0, 0.0, 0.0, 0.0, 0.0]
663	MoeSQLmosa	0	2	[0.0, 0.0]
663	MOTGA	0	2	[0.0, 0.0]
664	MoeSQLmosa	0	1	[36.01724238645579, 35.01724238645579, 34.01724238645579, 0.0, 1.0, 1.0, 0.0, 1.0]
664	MoeSQLmosa	1	1	[197.63791905594314, 196.63791905594314, 195.63791905594314, 16.63012102481128, 0.0, 17.63012102481128, 16.63012102481128, 17.63012102481128]
664	MoeSQLmosa	2	1	[2.0, 1.0, 0.0, 0.0, 1.0, 1.0, 0.0, 1.0]
664	MoeSQLmosa	3	1	[1.0, 0.0, 1.0, 1.0, 2.0, 2.0, 1.0, 2.0]
664	MoeSQLmosa	4	1	[3.0, 2.0, 1.0, 1.0, 2.0, 2.0, 1.0, 0.0]
664	MoeSQLmosa	5	1	[0.0, 1.0, 2.0, 2.0, 3.0, 3.0, 2.0, 3.0]
664	MoeSQLmosa	6	1	[388.43951501529955, 387.43951501529955, 386.43951501529955, 1.0, 2.0, 0.0, 1.0, 2.0]
664	MOTGA	0	6	[0.0, 0.0, 0.0, 0.0, 0.0, 0.0, 0.0, 0.0]
666	MoeSQLmosa	0	2	[0.0, 0.0]
666	MOTGA	0	2	[0.0, 0.0]
667	MoeSQLmosa	0	1	[1.0, 0.0]
667	MoeSQLmosa	1	1	[0.0, 10.307802660092792]
667	MOTGA	0	2	[0.0, 0.0]
668	MoeSQLmosa	0	1	[16.98218622349057, 17.98218622349057, 17.98218622349057, 0.0, 1.0]
668	MoeSQLmosa	1	1	[16.98218622349057, 0.0, 1.0, 17.98218622349057, 17.98218622349057]
668	MoeSQLmosa	2	1	[0.0, 1.0, 1.0, 1.0, 1.0]
668	MoeSQLmosa	3	2	[1.7976931348623156E306, 1.7976931348623156E306, 0.0, 1.7976931348623156E306, 0.0]
668	MOTGA	0	5	[0.0, 0.0, 0.0, 0.0, 0.0]
669	MoeSQLmosa	0	2	[0.0, 0.0]
669	MOTGA	0	2	[0.0, 0.0]
670	MoeSQLmosa	0	1	[13.683335140605797, 0.0, 1.0, 14.683335140605797, 13.683335140605797, 14.683335140605797]
670	MoeSQLmosa	1	1	[0.0, 1.0, 1.0, 1.0, 0.0, 1.0]
670	MoeSQLmosa	2	1	[1.7976931348623156E306, 1.7976931348623156E306, 0.0, 1.7976931348623156E306, 1.7976931348623156E306, 1.7976931348623156E306]
670	MoeSQLmosa	3	1	[1.0, 2.0, 2.0, 0.0, 1.0, 2.0]
670	MoeSQLmosa	4	1	[1.0, 2.0, 2.0, 2.0, 1.0, 0.0]
670	MOTGA	0	5	[0.0, 0.0, 0.0, 0.0, 0.0, 0.0]
671	MoeSQLmosa	0	1	[32.727380952380955, 0.0, 33.727380952380955, 32.727380952380955, 33.727380952380955]
671	MoeSQLmosa	1	1	[0.0, 1.0, 1.0, 0.0, 1.0]
671	MoeSQLmosa	2	1	[1.0, 2.0, 0.0, 1.0, 2.0]
671	MoeSQLmosa	3	1	[1.0, 2.0, 2.0, 1.0, 0.0]
671	MOTGA	0	4	[0.0, 0.0, 0.0, 0.0, 0.0]
672	MoeSQLmosa	0	2	[0.0, 0.0]
672	MOTGA	0	2	[0.0, 0.0]
673	MoeSQLmosa	0	2	[0.0, 0.0, 1.0]
673	MoeSQLmosa	1	1	[1.7976931348623156E306, 1.7976931348623156E306, 0.0]
673	MOTGA	0	3	[0.0, 0.0, 0.0]
674	MoeSQLmosa	0	1	[0.0, 1.0, 1.0, 1.0, 1.0, 1.0, 1.0]
674	MoeSQLmosa	1	1	[13.130779937814884, 14.130779937814884, 14.130779937814884, 14.130779937814884, 14.130779937814884, 0.0, 1.0]
674	MoeSQLmosa	2	1	[18.6339537709023, 19.6339537709023, 19.6339537709023, 0.0, 1.0, 19.6339537709023, 19.6339537709023]
674	MoeSQLmosa	3	1	[20.0, 0.0, 1.0, 21.0, 21.0, 21.0, 21.0]
674	MoeSQLmosa	4	1	[1.7976931348623156E306, 1.7976931348623156E306, 0.0, 1.7976931348623156E306, 1.7976931348623156E306, 1.7976931348623156E306, 1.7976931348623156E306]
674	MoeSQLmosa	5	1	[1.7976931348623156E306, 1.7976931348623156E306, 1.7976931348623156E306, 1.7976931348623156E306, 0.0, 1.7976931348623156E306, 1.7976931348623156E306]
674	MoeSQLmosa	6	1	[1.7976931348623156E306, 1.7976931348623156E306, 1.7976931348623156E306, 1.7976931348623156E306, 1.7976931348623156E306, 1.7976931348623156E306, 0.0]
674	MOTGA	0	7	[0.0, 0.0, 0.0, 0.0, 0.0, 0.0, 0.0]
675	MoeSQLmosa	0	1	[1.0, 0.0]
675	MoeSQLmosa	1	1	[0.0, 41.363711001642045]
675	MOTGA	0	2	[0.0, 0.0]
676	MoeSQLmosa	0	1	[25.33974358974359, 0.0, 1.0, 26.33974358974359, 26.33974358974359]
676	MoeSQLmosa	1	1	[5.8301158301158305, 6.8301158301158305, 6.8301158301158305, 0.0, 1.0]
676	MoeSQLmosa	2	1	[0.0, 1.0, 1.0, 1.0, 1.0]
676	MoeSQLmosa	3	1	[1.7976931348623156E306, 1.7976931348623156E306, 1.7976931348623156E306, 1.7976931348623156E306, 0.0]
676	MoeSQLmosa	4	1	[1.7976931348623156E306, 1.7976931348623156E306, 0.0, 1.7976931348623156E306, 1.7976931348623156E306]
676	MOTGA	0	5	[0.0, 0.0, 0.0, 0.0, 0.0]
677	MoeSQLmosa	0	1	[0.0, 26.41064315993308, 1.0]
677	MoeSQLmosa	1	1	[1.0, 0.0, 1.0]
677	MoeSQLmosa	2	1	[1.7976931348623156E306, 1.7976931348623156E306, 0.0]
677	MOTGA	0	3	[0.0, 0.0, 0.0]
678	MoeSQLmosa	0	2	[22.4066920210988, 23.4066920210988, 23.4066920210988, 23.4066920210988, 23.4066920210988, 23.4066920210988, 22.4066920210988, 23.4066920210988, 13.331776094276094, 14.331776094276094, 0.0, 1.0, 9.074915926822706, 3.0]
678	MoeSQLmosa	1	2	[1.7976931348623156E306, 1.7976931348623156E306, 1.7976931348623156E306, 1.7976931348623156E306, 1.7976931348623156E306, 1.7976931348623156E306, 1.7976931348623156E306, 1.7976931348623156E306, 1.7976931348623156E306, 1.7976931348623156E306, 47.45180842493049, 46.45180842493049, 0.0, 3.0]
678	MoeSQLmosa	2	2	[9.074915926822706, 0.0, 1.0, 10.074915926822706, 10.074915926822706, 10.074915926822706, 9.074915926822706, 10.074915926822706, 10.074915926822706, 10.074915926822706, 11.074915926822706, 12.074915926822706, 2.0, 3.0]
678	MoeSQLmosa	3	2	[7.9305970500088145, 8.930597050008814, 8.930597050008814, 8.930597050008814, 8.930597050008814, 8.930597050008814, 7.9305970500088145, 8.930597050008814, 0.0, 1.0, 2.0, 3.0, 7.9305970500088145, 3.0]
678	MoeSQLmosa	4	2	[26.311075349207883, 27.311075349207883, 27.311075349207883, 0.0, 1.0, 27.311075349207883, 26.311075349207883, 27.311075349207883, 27.311075349207883, 27.311075349207883, 28.311075349207883, 29.311075349207883, 2.0, 3.0]
678	MoeSQLmosa	5	2	[1.7976931348623156E306, 3.595386269724631E306, 3.595386269724631E306, 3.595386269724631E306, 3.595386269724631E306, 3.595386269724631E306, 1.7976931348623156E306, 3.595386269724631E306, 1.7976931348623156E306, 1.7976931348623156E306, 1.0, 0.0, 1.7976931348623156E306, 3.0]
678	MoeSQLmosa	6	2	[0.0, 1.0, 1.0, 1.0, 1.0, 1.0, 0.0, 1.0, 1.0, 1.0, 2.0, 3.0, 2.0, 2.0]
678	MoeSQLmosa	7	2	[1.0, 2.0, 2.0, 2.0, 2.0, 0.0, 1.0, 2.0, 2.0, 2.0, 2.0, 3.0, 1.0, 3.0]
678	MoeSQLmosa	8	2	[1.7976931348623156E306, 1.7976931348623156E306, 1.7976931348623156E306, 1.7976931348623156E306, 1.7976931348623156E306, 1.7976931348623156E306, 1.7976931348623156E306, 1.7976931348623156E306, 1.7976931348623156E306, 0.0, 2.0, 3.0, 1.7976931348623156E306, 3.0]
678	MoeSQLmosa	9	2	[1.7976931348623156E306, 1.7976931348623156E306, 1.7976931348623156E306, 1.7976931348623156E306, 0.0, 1.7976931348623156E306, 1.7976931348623156E306, 1.7976931348623156E306, 1.7976931348623156E306, 1.7976931348623156E306, 1.7976931348623156E306, 1.7976931348623156E306, 2.0, 3.0]
678	MoeSQLmosa	10	2	[1.0, 2.0, 2.0, 2.0, 2.0, 2.0, 1.0, 0.0, 2.0, 2.0, 2.0, 3.0, 1.0, 3.0]
678	MoeSQLmosa	11	2	[1.7976931348623156E306, 1.7976931348623156E306, 0.0, 1.7976931348623156E306, 1.7976931348623156E306, 1.7976931348623156E306, 1.7976931348623156E306, 1.7976931348623156E306, 1.7976931348623156E306, 1.7976931348623156E306, 1.7976931348623156E306, 1.7976931348623156E306, 2.0, 3.0]
678	MoeSQLmosa	12	4	[0.0, 1.0, 1.0, 1.0, 1.0, 1.0, 0.0, 1.0, 1.0, 1.0, 2.0, 3.0, 2.0, 0.0]
678	MOTGA	0	4	[9.074915926822706, 0.0, 1.0, 0.0, 1.0, 10.074915926822706, 9.074915926822706, 10.074915926822706, 10.074915926822706, 10.074915926822706, 0.0, 1.0, 2.0, 3.0]
678	MOTGA	1	13	[0.0, 1.0, 0.0, 1.0, 0.0, 0.0, 0.0, 0.0, 0.0, 0.0, 1.0, 0.0, 2.0, 0.0]
679	MoeSQLmosa	0	1	[2.0, 1.0, 0.0]
679	MoeSQLmosa	1	1	[0.0, 1.0, 2.0]
679	MoeSQLmosa	2	1	[1.0, 0.0, 1.0]
679	MOTGA	0	3	[0.0, 0.0, 0.0]
680	MoeSQLmosa	0	1	[1.7976931348623156E306, 1.7976931348623156E306, 0.0, 1.7976931348623156E306, 1.7976931348623156E306, 1.7976931348623156E306, 1.7976931348623156E306, 1.7976931348623156E306]
680	MoeSQLmosa	1	1	[27.352777777777774, 28.352777777777774, 28.352777777777774, 28.352777777777774, 28.352777777777774, 0.0, 1.0, 50.323611111111106]
680	MoeSQLmosa	2	1	[15.230190530653017, 16.23019053065302, 16.23019053065302, 0.0, 1.0, 16.23019053065302, 16.23019053065302, 56.918148406110895]
680	MoeSQLmosa	3	1	[39.266666666666666, 0.0, 1.0, 40.266666666666666, 40.266666666666666, 40.266666666666666, 40.266666666666666, 81.23304658304659]
680	MoeSQLmosa	4	1	[0.0, 1.0, 1.0, 1.0, 1.0, 1.0, 1.0, 22.970833333333335]
680	MoeSQLmosa	5	1	[1.0, 2.0, 2.0, 2.0, 2.0, 2.0, 2.0, 0.0]
680	MoeSQLmosa	6	1	[1.7976931348623156E306, 1.7976931348623156E306, 1.7976931348623156E306, 1.7976931348623156E306, 0.0, 1.7976931348623156E306, 1.7976931348623156E306, 1.7976931348623156E306]
680	MoeSQLmosa	7	1	[1.7976931348623156E306, 1.7976931348623156E306, 1.7976931348623156E306, 1.7976931348623156E306, 1.7976931348623156E306, 1.7976931348623156E306, 0.0, 1.7976931348623156E306]
680	MOTGA	0	8	[0.0, 0.0, 0.0, 0.0, 0.0, 0.0, 0.0, 0.0]
681	MoeSQLmosa	0	1	[0.0, 20.274725274725277]
681	MoeSQLmosa	1	1	[1.0, 0.0]
681	MOTGA	0	2	[0.0, 0.0]
682	MoeSQLmosa	0	2	[0.0, 0.0]
682	MOTGA	0	2	[0.0, 0.0]
683	MoeSQLmosa	0	1	[1.0, 0.0]
683	MoeSQLmosa	1	1	[0.0, 15.75]
683	MOTGA	0	2	[0.0, 0.0]
684	MoeSQLmosa	0	1	[1.0, 0.0, 1.0]
684	MoeSQLmosa	1	1	[0.0, 34.68681163954943, 1.0]
684	MoeSQLmosa	2	1	[1.7976931348623156E306, 1.7976931348623156E306, 0.0]
684	MOTGA	0	3	[0.0, 0.0, 0.0]
685	MoeSQLmosa	0	1	[13.290476190476191, 0.0, 1.0, 14.290476190476191]
685	MoeSQLmosa	1	2	[0.0, 1.0, 1.0, 0.0]
685	MoeSQLmosa	2	1	[1.7976931348623156E306, 1.7976931348623156E306, 0.0, 1.7976931348623156E306]
685	MOTGA	0	4	[0.0, 0.0, 0.0, 0.0]
686	MoeSQLmosa	0	2	[0.0, 0.0]
686	MOTGA	0	2	[0.0, 0.0]
687	MoeSQLmosa	0	1	[0.0, 1.0, 1.0, 1.0, 1.0]
687	MoeSQLmosa	1	1	[29.98158340701444, 30.98158340701444, 30.98158340701444, 0.0, 1.0]
687	MoeSQLmosa	2	1	[1.7976931348623156E306, 1.7976931348623156E306, 0.0, 1.7976931348623156E306, 1.7976931348623156E306]
687	MoeSQLmosa	3	1	[25.318855042016807, 0.0, 1.0, 26.318855042016807, 26.318855042016807]
687	MoeSQLmosa	4	1	[1.7976931348623156E306, 1.7976931348623156E306, 1.7976931348623156E306, 1.7976931348623156E306, 0.0]
687	MOTGA	0	5	[0.0, 0.0, 0.0, 0.0, 0.0]
688	MoeSQLmosa	0	1	[0.0, 35.0, 0.0, 1.0]
688	MoeSQLmosa	1	1	[1.0, 0.0, 0.0, 1.0]
688	MoeSQLmosa	2	1	[1.0, 0.0, 1.0, 0.0]
688	MOTGA	0	3	[0.0, 0.0, 0.0, 0.0]
689	MoeSQLmosa	0	2	[0.0, 0.0, 1.0]
689	MoeSQLmosa	1	1	[1.7976931348623156E306, 1.7976931348623156E306, 0.0]
689	MOTGA	0	3	[0.0, 0.0, 0.0]
690	MoeSQLmosa	0	1	[5.0, 6.0, 6.0, 6.0, 6.0, 6.0, 6.0, 6.0, 6.0, 6.0, 6.0, 6.0, 6.0, 6.0, 0.0, 55.0, 6.0, 11.0, 5.0, 6.0, 5.0, 6.0, 5.0, 6.0, 6.0, 5.0, 5.0, 6.0, 5.0, 6.0, 5.0, 6.0, 5.0, 6.0, 5.0, 6.0, 5.0, 6.0, 5.0, 6.0, 5.0, 6.0, 5.0, 6.0, 0.0, 1.0]
690	MoeSQLmosa	1	1	[14.0, 15.0, 15.0, 15.0, 15.0, 15.0, 15.0, 0.0, 15.0, 15.0, 15.0, 15.0, 15.0, 15.0, 15.0, 64.0, 15.0, 20.0, 14.0, 15.0, 14.0, 15.0, 14.0, 15.0, 15.0, 14.0, 14.0, 15.0, 14.0, 15.0, 0.0, 1.0, 14.0, 15.0, 14.0, 15.0, 14.0, 15.0, 14.0, 15.0, 14.0, 15.0, 14.0, 15.0, 14.0, 15.0]
690	MoeSQLmosa	2	1	[13.0, 14.0, 0.0, 14.0, 14.0, 14.0, 14.0, 14.0, 14.0, 14.0, 14.0, 14.0, 14.0, 14.0, 14.0, 63.0, 14.0, 19.0, 13.0, 14.0, 0.0, 1.0, 13.0, 14.0, 14.0, 13.0, 13.0, 14.0, 13.0, 14.0, 13.0, 14.0, 13.0, 14.0, 13.0, 14.0, 13.0, 14.0, 13.0, 14.0, 13.0, 14.0, 13.0, 14.0, 13.0, 14.0]
690	MoeSQLmosa	3	1	[0.0, 1.0, 1.0, 1.0, 1.0, 1.0, 1.0, 1.0, 1.0, 1.0, 1.0, 1.0, 1.0, 1.0, 1.0, 50.0, 1.0, 5.3867150229855145, 0.0, 1.0, 0.0, 1.0, 0.0, 1.0, 1.0, 0.0, 0.0, 1.0, 0.0, 1.0, 0.0, 1.0, 0.0, 1.0, 0.0, 1.0, 0.0, 1.0, 0.0, 1.0, 0.0, 1.0, 0.0, 1.0, 0.0, 1.0]
690	MoeSQLmosa	4	1	[13.0, 14.0, 14.0, 14.0, 14.0, 14.0, 14.0, 14.0, 0.0, 14.0, 14.0, 14.0, 14.0, 14.0, 14.0, 63.0, 14.0, 18.386715022985513, 13.0, 14.0, 13.0, 14.0, 13.0, 14.0, 14.0, 13.0, 13.0, 14.0, 13.0, 14.0, 13.0, 14.0, 0.0, 1.0, 13.0, 14.0, 13.0, 14.0, 13.0, 14.0, 13.0, 14.0, 13.0, 14.0, 13.0, 14.0]
690	MoeSQLmosa	5	1	[5.0, 6.0, 6.0, 6.0, 0.0, 6.0, 6.0, 6.0, 6.0, 6.0, 6.0, 6.0, 6.0, 6.0, 6.0, 55.0, 6.0, 10.386715022985515, 5.0, 6.0, 5.0, 6.0, 5.0, 6.0, 0.0, 1.0, 5.0, 6.0, 5.0, 6.0, 5.0, 6.0, 5.0, 6.0, 5.0, 6.0, 5.0, 6.0, 5.0, 6.0, 5.0, 6.0, 5.0, 6.0, 5.0, 6.0]
690	MoeSQLmosa	6	1	[13.0, 14.0, 14.0, 0.0, 14.0, 14.0, 14.0, 14.0, 14.0, 14.0, 14.0, 14.0, 14.0, 14.0, 14.0, 63.0, 14.0, 18.386715022985513, 13.0, 14.0, 13.0, 14.0, 0.0, 1.0, 14.0, 13.0, 13.0, 14.0, 13.0, 14.0, 13.0, 14.0, 13.0, 14.0, 13.0, 14.0, 13.0, 14.0, 13.0, 14.0, 13.0, 14.0, 13.0, 14.0, 13.0, 14.0]
690	MoeSQLmosa	7	1	[0.0, 1.0, 1.0, 1.0, 1.0, 1.0, 1.0, 1.0, 1.0, 1.0, 1.0, 1.0, 1.0, 1.0, 1.0, 50.0, 1.0, 5.3867150229855145, 0.0, 1.0, 0.0, 1.0, 1.0, 0.0, 1.0, 0.0, 0.0, 1.0, 0.0, 1.0, 0.0, 1.0, 0.0, 1.0, 0.0, 1.0, 0.0, 1.0, 0.0, 1.0, 0.0, 1.0, 0.0, 1.0, 0.0, 1.0]
690	MoeSQLmosa	8	1	[0.0, 1.0, 1.0, 1.0, 1.0, 1.0, 1.0, 1.0, 1.0, 1.0, 1.0, 1.0, 1.0, 1.0, 1.0, 50.0, 1.0, 5.3867150229855145, 0.0, 1.0, 0.0, 1.0, 0.0, 1.0, 1.0, 0.0, 0.0, 1.0, 0.0, 1.0, 0.0, 1.0, 0.0, 1.0, 0.0, 1.0, 0.0, 1.0, 0.0, 1.0, 0.0, 1.0, 1.0, 0.0, 0.0, 1.0]
690	MoeSQLmosa	9	1	[1.0, 2.0, 2.0, 2.0, 2.0, 2.0, 2.0, 2.0, 2.0, 2.0, 2.0, 2.0, 2.0, 2.0, 2.0, 51.0, 2.0, 0.0, 1.0, 2.0, 1.0, 2.0, 1.0, 2.0, 2.0, 1.0, 1.0, 2.0, 1.0, 2.0, 1.0, 2.0, 1.0, 2.0, 1.0, 2.0, 1.0, 2.0, 1.0, 2.0, 1.0, 2.0, 2.0, 1.0, 1.0, 2.0]
690	MoeSQLmosa	10	1	[13.0, 14.0, 14.0, 14.0, 14.0, 14.0, 14.0, 14.0, 14.0, 14.0, 14.0, 14.0, 0.0, 14.0, 14.0, 63.0, 14.0, 18.386715022985513, 13.0, 14.0, 13.0, 14.0, 13.0, 14.0, 14.0, 13.0, 13.0, 14.0, 13.0, 14.0, 13.0, 14.0, 13.0, 14.0, 13.0, 14.0, 13.0, 14.0, 13.0, 14.0, 0.0, 1.0, 13.0, 14.0, 13.0, 14.0]
690	MoeSQLmosa	11	1	[2.8, 3.8, 3.8, 3.8, 3.8, 3.8, 3.8, 3.8, 3.8, 0.0, 3.8, 3.8, 3.8, 3.8, 3.8, 47.8, 3.8, 8.186715022985513, 2.8, 3.8, 2.8, 3.8, 2.8, 3.8, 3.8, 2.8, 2.8, 3.8, 2.8, 3.8, 2.8, 3.8, 2.8, 3.8, 0.0, 1.0, 2.8, 3.8, 2.8, 3.8, 2.8, 3.8, 2.8, 3.8, 2.8, 3.8]
690	MoeSQLmosa	12	1	[1.7976931348623156E306, 1.7976931348623156E306, 1.7976931348623156E306, 1.7976931348623156E306, 1.7976931348623156E306, 1.7976931348623156E306, 1.7976931348623156E306, 1.7976931348623156E306, 1.7976931348623156E306, 1.7976931348623156E306, 1.7976931348623156E306, 1.7976931348623156E306, 1.7976931348623156E306, 1.7976931348623156E306, 1.7976931348623156E306, 1.7976931348623156E306, 0.0, 1.7976931348623156E306, 1.7976931348623156E306, 1.7976931348623156E306, 1.7976931348623156E306, 1.7976931348623156E306, 1.7976931348623156E306, 1.7976931348623156E306, 1.7976931348623156E306, 1.7976931348623156E306, 1.7976931348623156E306, 1.7976931348623156E306, 1.7976931348623156E306, 1.7976931348623156E306, 1.7976931348623156E306, 1.7976931348623156E306, 1.7976931348623156E306, 1.7976931348623156E306, 1.7976931348623156E306, 1.7976931348623156E306, 1.7976931348623156E306, 1.7976931348623156E306, 1.7976931348623156E306, 1.7976931348623156E306, 1.7976931348623156E306, 1.7976931348623156E306, 1.7976931348623156E306, 1.7976931348623156E306, 1.7976931348623156E306, 1.7976931348623156E306]
690	MoeSQLmosa	13	1	[6.0, 7.0, 7.0, 7.0, 7.0, 0.0, 7.0, 7.0, 7.0, 7.0, 7.0, 7.0, 7.0, 7.0, 7.0, 56.0, 7.0, 11.386715022985515, 6.0, 7.0, 6.0, 7.0, 6.0, 7.0, 7.0, 6.0, 0.0, 1.0, 6.0, 7.0, 6.0, 7.0, 6.0, 7.0, 6.0, 7.0, 6.0, 7.0, 6.0, 7.0, 6.0, 7.0, 6.0, 7.0, 6.0, 7.0]
690	MoeSQLmosa	14	1	[14.0, 15.0, 15.0, 15.0, 15.0, 15.0, 15.0, 0.0, 15.0, 15.0, 15.0, 15.0, 15.0, 15.0, 15.0, 64.0, 15.0, 19.386715022985513, 14.0, 15.0, 14.0, 15.0, 14.0, 15.0, 15.0, 14.0, 14.0, 15.0, 14.0, 15.0, 1.0, 0.0, 14.0, 15.0, 14.0, 15.0, 14.0, 15.0, 14.0, 15.0, 14.0, 15.0, 14.0, 15.0, 14.0, 15.0]
690	MoeSQLmosa	15	1	[14.0, 15.0, 15.0, 15.0, 15.0, 15.0, 15.0, 15.0, 15.0, 15.0, 15.0, 0.0, 15.0, 15.0, 15.0, 64.0, 15.0, 19.386715022985513, 14.0, 15.0, 14.0, 15.0, 14.0, 15.0, 15.0, 14.0, 14.0, 15.0, 14.0, 15.0, 14.0, 15.0, 14.0, 15.0, 14.0, 15.0, 14.0, 15.0, 0.0, 1.0, 14.0, 15.0, 14.0, 15.0, 14.0, 15.0]
690	MoeSQLmosa	16	1	[13.0, 14.0, 14.0, 14.0, 14.0, 14.0, 14.0, 14.0, 14.0, 14.0, 14.0, 14.0, 14.0, 0.0, 14.0, 61.0, 14.0, 18.386715022985513, 13.0, 14.0, 13.0, 14.0, 13.0, 14.0, 14.0, 13.0, 13.0, 14.0, 13.0, 14.0, 13.0, 14.0, 13.0, 14.0, 13.0, 14.0, 13.0, 14.0, 13.0, 14.0, 13.0, 14.0, 0.0, 1.0, 13.0, 14.0]
690	MoeSQLmosa	17	1	[0.0, 1.0, 1.0, 1.0, 1.0, 1.0, 1.0, 1.0, 1.0, 1.0, 1.0, 1.0, 1.0, 1.0, 1.0, 45.0, 1.0, 5.3867150229855145, 0.0, 1.0, 0.0, 1.0, 0.0, 1.0, 1.0, 0.0, 0.0, 1.0, 1.0, 0.0, 0.0, 1.0, 0.0, 1.0, 0.0, 1.0, 0.0, 1.0, 0.0, 1.0, 0.0, 1.0, 0.0, 1.0, 0.0, 1.0]
690	MoeSQLmosa	18	1	[5.0, 0.0, 6.0, 6.0, 6.0, 6.0, 6.0, 6.0, 6.0, 6.0, 6.0, 6.0, 6.0, 6.0, 6.0, 55.0, 6.0, 10.386715022985515, 0.0, 1.0, 5.0, 6.0, 5.0, 6.0, 6.0, 5.0, 5.0, 6.0, 5.0, 6.0, 5.0, 6.0, 5.0, 6.0, 5.0, 6.0, 5.0, 6.0, 5.0, 6.0, 5.0, 6.0, 5.0, 6.0, 5.0, 6.0]
690	MoeSQLmosa	19	1	[5.0, 6.0, 6.0, 6.0, 6.0, 6.0, 6.0, 6.0, 6.0, 6.0, 0.0, 6.0, 6.0, 6.0, 6.0, 55.0, 6.0, 10.386715022985515, 5.0, 6.0, 5.0, 6.0, 5.0, 6.0, 6.0, 5.0, 5.0, 6.0, 5.0, 6.0, 5.0, 6.0, 5.0, 6.0, 5.0, 6.0, 0.0, 1.0, 5.0, 6.0, 5.0, 6.0, 6.0, 5.0, 5.0, 6.0]
690	MoeSQLmosa	20	1	[5.0, 6.0, 6.0, 6.0, 6.0, 6.0, 6.0, 6.0, 6.0, 0.0, 6.0, 6.0, 6.0, 6.0, 6.0, 50.0, 6.0, 10.386715022985515, 5.0, 6.0, 5.0, 6.0, 5.0, 6.0, 6.0, 5.0, 5.0, 6.0, 5.0, 6.0, 5.0, 6.0, 5.0, 6.0, 1.0, 0.0, 5.0, 6.0, 5.0, 6.0, 5.0, 6.0, 5.0, 6.0, 5.0, 6.0]
690	MoeSQLmosa	21	1	[0.0, 1.0, 1.0, 1.0, 1.0, 1.0, 1.0, 1.0, 1.0, 1.0, 1.0, 1.0, 1.0, 1.0, 1.0, 50.0, 1.0, 5.3867150229855145, 0.0, 1.0, 0.0, 1.0, 0.0, 1.0, 1.0, 0.0, 0.0, 1.0, 0.0, 1.0, 0.0, 1.0, 0.0, 1.0, 0.0, 1.0, 1.0, 0.0, 0.0, 1.0, 0.0, 1.0, 1.0, 0.0, 0.0, 1.0]
690	MoeSQLmosa	22	1	[13.0, 14.0, 0.0, 14.0, 14.0, 14.0, 14.0, 14.0, 14.0, 14.0, 14.0, 14.0, 14.0, 14.0, 14.0, 63.0, 14.0, 18.386715022985513, 13.0, 14.0, 1.0, 0.0, 13.0, 14.0, 14.0, 13.0, 13.0, 14.0, 13.0, 14.0, 13.0, 14.0, 13.0, 14.0, 13.0, 14.0, 13.0, 14.0, 13.0, 14.0, 13.0, 14.0, 14.0, 13.0, 13.0, 14.0]
690	MoeSQLmosa	23	1	[0.0, 1.0, 1.0, 1.0, 1.0, 1.0, 1.0, 1.0, 1.0, 1.0, 1.0, 1.0, 1.0, 1.0, 1.0, 50.0, 1.0, 5.3867150229855145, 0.0, 1.0, 0.0, 1.0, 0.0, 1.0, 1.0, 0.0, 0.0, 1.0, 0.0, 1.0, 0.0, 1.0, 0.0, 1.0, 0.0, 1.0, 0.0, 1.0, 1.0, 0.0, 0.0, 1.0, 0.0, 1.0, 0.0, 1.0]
690	MoeSQLmosa	24	1	[0.0, 1.0, 1.0, 1.0, 1.0, 1.0, 1.0, 1.0, 1.0, 1.0, 1.0, 1.0, 1.0, 1.0, 1.0, 50.0, 1.0, 5.3867150229855145, 0.0, 1.0, 0.0, 1.0, 0.0, 1.0, 1.0, 0.0, 0.0, 1.0, 0.0, 1.0, 0.0, 1.0, 0.0, 1.0, 0.0, 1.0, 0.0, 1.0, 0.0, 1.0, 0.0, 1.0, 0.0, 1.0, 1.0, 0.0]
690	MoeSQLmosa	25	1	[0.0, 1.0, 1.0, 1.0, 1.0, 1.0, 1.0, 1.0, 1.0, 1.0, 1.0, 1.0, 1.0, 1.0, 1.0, 50.0, 1.0, 6.0, 1.0, 0.0, 0.0, 1.0, 0.0, 1.0, 0.0, 1.0, 0.0, 1.0, 0.0, 1.0, 0.0, 1.0, 0.0, 1.0, 0.0, 1.0, 0.0, 1.0, 0.0, 1.0, 0.0, 1.0, 0.0, 1.0, 0.0, 1.0]
690	MoeSQLmosa	26	1	[14.0, 15.0, 15.0, 15.0, 15.0, 15.0, 0.0, 15.0, 15.0, 15.0, 15.0, 15.0, 15.0, 15.0, 15.0, 49.0, 15.0, 19.386715022985513, 14.0, 15.0, 14.0, 15.0, 14.0, 15.0, 15.0, 14.0, 14.0, 15.0, 0.0, 1.0, 14.0, 15.0, 14.0, 15.0, 14.0, 15.0, 14.0, 15.0, 14.0, 15.0, 14.0, 15.0, 14.0, 15.0, 14.0, 15.0]
690	MoeSQLmosa	27	1	[0.0, 1.0, 1.0, 1.0, 1.0, 1.0, 1.0, 1.0, 1.0, 1.0, 1.0, 1.0, 1.0, 1.0, 1.0, 43.0, 1.0, 5.3867150229855145, 0.0, 1.0, 0.0, 1.0, 0.0, 1.0, 1.0, 0.0, 0.0, 1.0, 0.0, 1.0, 0.0, 1.0, 1.0, 0.0, 0.0, 1.0, 0.0, 1.0, 0.0, 1.0, 0.0, 1.0, 0.0, 1.0, 0.0, 1.0]
690	MoeSQLmosa	28	1	[0.0, 1.0, 1.0, 1.0, 1.0, 1.0, 1.0, 1.0, 1.0, 1.0, 1.0, 1.0, 1.0, 1.0, 1.0, 43.0, 1.0, 5.3867150229855145, 0.0, 1.0, 0.0, 1.0, 0.0, 1.0, 1.0, 0.0, 1.0, 0.0, 0.0, 1.0, 0.0, 1.0, 0.0, 1.0, 0.0, 1.0, 0.0, 1.0, 0.0, 1.0, 0.0, 1.0, 0.0, 1.0, 0.0, 1.0]
690	MoeSQLmosa	29	1	[0.0, 1.0, 1.0, 1.0, 1.0, 1.0, 1.0, 1.0, 1.0, 1.0, 1.0, 1.0, 1.0, 1.0, 1.0, 43.0, 1.0, 5.3867150229855145, 0.0, 1.0, 0.0, 1.0, 0.0, 1.0, 1.0, 0.0, 0.0, 1.0, 0.0, 1.0, 0.0, 1.0, 0.0, 1.0, 0.0, 1.0, 0.0, 1.0, 0.0, 1.0, 1.0, 0.0, 0.0, 1.0, 0.0, 1.0]
690	MoeSQLmosa	30	1	[51.0, 52.0, 52.0, 52.0, 52.0, 52.0, 52.0, 52.0, 52.0, 52.0, 52.0, 52.0, 52.0, 52.0, 52.0, 0.0, 1.0, 57.0, 51.0, 52.0, 51.0, 52.0, 51.0, 52.0, 51.0, 52.0, 51.0, 52.0, 51.0, 52.0, 51.0, 52.0, 52.0, 51.0, 51.0, 52.0, 51.0, 52.0, 51.0, 52.0, 52.0, 51.0, 52.0, 51.0, 52.0, 51.0]
690	MOTGA	0	26	[0.0, 0.0, 0.0, 0.0, 0.0, 0.0, 0.0, 0.0, 0.0, 0.0, 0.0, 0.0, 0.0, 0.0, 0.0, 0.0, 0.0, 0.0, 0.0, 0.0, 0.0, 0.0, 0.0, 0.0, 0.0, 0.0, 0.0, 0.0, 0.0, 0.0, 0.0, 0.0, 0.0, 0.0, 0.0, 0.0, 0.0, 0.0, 0.0, 0.0, 0.0, 0.0, 0.0, 0.0, 0.0, 0.0]
691	MoeSQLmosa	0	1	[1.0, 0.0]
691	MoeSQLmosa	1	1	[0.0, 31.4526209303037]
691	MOTGA	0	2	[0.0, 0.0]
692	MoeSQLmosa	0	1	[0.0, 20.456038647342996]
692	MoeSQLmosa	1	1	[1.0, 0.0]
692	MOTGA	0	2	[0.0, 0.0]
693	MoeSQLmosa	0	1	[0.0, 21.53226310726311]
693	MoeSQLmosa	1	1	[1.0, 0.0]
693	MOTGA	0	2	[0.0, 0.0]
694	MoeSQLmosa	0	1	[0.0, 33.334927527669464, 1.0]
694	MoeSQLmosa	1	1	[1.0, 0.0, 1.0]
694	MoeSQLmosa	2	1	[1.7976931348623156E306, 1.7976931348623156E306, 0.0]
694	MOTGA	0	3	[0.0, 0.0, 0.0]
695	MoeSQLmosa	0	1	[10.956521739130435, 11.956521739130435, 11.956521739130435, 11.956521739130435, 11.956521739130435, 0.0, 1.0]
695	MoeSQLmosa	1	1	[10.956521739130435, 0.0, 1.0, 11.956521739130435, 11.956521739130435, 11.956521739130435, 11.956521739130435]
695	MoeSQLmosa	2	1	[34.04508614425224, 35.04508614425224, 35.04508614425224, 0.0, 1.0, 35.04508614425224, 35.04508614425224]
695	MoeSQLmosa	3	1	[1.7976931348623156E306, 1.7976931348623156E306, 1.7976931348623156E306, 1.7976931348623156E306, 0.0, 1.7976931348623156E306, 1.7976931348623156E306]
695	MoeSQLmosa	4	1	[0.0, 1.0, 1.0, 1.0, 1.0, 1.0, 1.0]
695	MoeSQLmosa	5	1	[1.7976931348623156E306, 1.7976931348623156E306, 0.0, 1.7976931348623156E306, 1.7976931348623156E306, 1.7976931348623156E306, 1.7976931348623156E306]
695	MoeSQLmosa	6	1	[1.7976931348623156E306, 1.7976931348623156E306, 1.7976931348623156E306, 1.7976931348623156E306, 1.7976931348623156E306, 1.7976931348623156E306, 0.0]
695	MOTGA	0	7	[0.0, 0.0, 0.0, 0.0, 0.0, 0.0, 0.0]
696	MoeSQLmosa	0	2	[0.0, 0.0]
696	MOTGA	0	2	[0.0, 0.0]
698	MoeSQLmosa	0	2	[49.185193970772005, 35.66670135227938, 36.66670135227938, 50.185193970772005, 49.185193970772005, 50.185193970772005, 50.185193970772005, 50.185193970772005, 0.0, 1.0, 13.518492618492619, 49.185193970772005, 2.0, 49.185193970772005]
698	MoeSQLmosa	1	2	[31.971949036288656, 32.971949036288656, 32.971949036288656, 32.971949036288656, 31.971949036288656, 32.971949036288656, 0.0, 1.0, 2.0, 3.0, 31.971949036288656, 31.971949036288656, 2.0, 31.971949036288656]
698	MoeSQLmosa	2	2	[1.7976931348623156E306, 1.7976931348623156E306, 1.7976931348623156E306, 1.7976931348623156E306, 1.7976931348623156E306, 1.7976931348623156E306, 1.7976931348623156E306, 1.7976931348623156E306, 1.0, 0.0, 598.0446603911633, 1.7976931348623156E306, 2.0, 1.7976931348623156E306]
698	MoeSQLmosa	3	2	[13.305060680060679, 0.0, 1.0, 14.305060680060679, 13.305060680060679, 14.305060680060679, 14.305060680060679, 14.305060680060679, 2.0, 3.0, 13.305060680060679, 13.305060680060679, 2.0, 13.305060680060679]
698	MoeSQLmosa	4	2	[25.84898069766491, 26.84898069766491, 26.84898069766491, 26.84898069766491, 25.84898069766491, 26.84898069766491, 26.84898069766491, 26.84898069766491, 0.0, 1.0, 0.0, 25.84898069766491, 2.0, 25.84898069766491]
698	MoeSQLmosa	5	2	[1.7976931348623156E306, 1.7976931348623156E306, 0.0, 1.7976931348623156E306, 1.7976931348623156E306, 1.7976931348623156E306, 1.7976931348623156E306, 1.7976931348623156E306, 2.0, 3.0, 1.7976931348623156E306, 1.7976931348623156E306, 2.0, 1.7976931348623156E306]
698	MoeSQLmosa	6	3	[0.0, 1.0, 1.0, 1.0, 0.0, 1.0, 1.0, 1.0, 2.0, 3.0, 2.0, 0.0, 1.0, 1.0]
698	MoeSQLmosa	7	3	[0.0, 1.0, 1.0, 1.0, 0.0, 1.0, 1.0, 1.0, 2.0, 3.0, 2.0, 1.0, 0.0, 2.0]
698	MoeSQLmosa	8	2	[1.0, 2.0, 2.0, 2.0, 1.0, 0.0, 2.0, 2.0, 2.0, 3.0, 1.0, 1.0, 2.0, 1.0]
698	MoeSQLmosa	9	2	[1.7976931348623156E306, 1.7976931348623156E306, 1.7976931348623156E306, 1.7976931348623156E306, 1.7976931348623156E306, 1.7976931348623156E306, 1.7976931348623156E306, 0.0, 2.0, 3.0, 1.7976931348623156E306, 1.7976931348623156E306, 2.0, 1.7976931348623156E306]
698	MoeSQLmosa	10	2	[1.0, 2.0, 2.0, 0.0, 1.0, 2.0, 2.0, 2.0, 2.0, 3.0, 1.0, 1.0, 2.0, 1.0]
698	MoeSQLmosa	11	4	[0.0, 1.0, 1.0, 1.0, 0.0, 1.0, 1.0, 1.0, 2.0, 3.0, 2.0, 0.0, 2.0, 0.0]
698	MOTGA	0	7	[0.0, 1.0, 1.0, 1.0, 0.0, 1.0, 1.0, 1.0, 2.0, 3.0, 2.0, 0.0, 0.0, 0.0]
698	MOTGA	1	10	[1.0, 0.0, 0.0, 0.0, 1.0, 0.0, 0.0, 0.0, 0.0, 0.0, 0.0, 1.0, 2.0, 1.0]
699	MoeSQLmosa	0	1	[0.0, 22.05671868285071]
699	MoeSQLmosa	1	1	[1.0, 0.0]
699	MOTGA	0	2	[0.0, 0.0]
700	MoeSQLmosa	0	1	[0.0, 13.732984607984609]
700	MoeSQLmosa	1	1	[1.0, 0.0]
700	MOTGA	0	2	[0.0, 0.0]
702	MoeSQLmosa	0	2	[0.0, 0.0]
702	MOTGA	0	2	[0.0, 0.0]
703	MoeSQLmosa	0	2	[0.0, 0.0]
703	MOTGA	0	2	[0.0, 0.0]
704	MoeSQLmosa	0	1	[30.372368421052634, 31.372368421052634, 31.372368421052634, 31.372368421052634, 31.372368421052634, 0.0, 1.0]
704	MoeSQLmosa	1	1	[18.50416666666667, 19.50416666666667, 19.50416666666667, 0.0, 1.0, 19.50416666666667, 19.50416666666667]
704	MoeSQLmosa	2	1	[20.184971334971337, 0.0, 1.0, 21.184971334971337, 21.184971334971337, 21.184971334971337, 21.184971334971337]
704	MoeSQLmosa	3	1	[0.0, 1.0, 1.0, 1.0, 1.0, 1.0, 1.0]
704	MoeSQLmosa	4	1	[1.7976931348623156E306, 1.7976931348623156E306, 1.7976931348623156E306, 1.7976931348623156E306, 1.7976931348623156E306, 1.7976931348623156E306, 0.0]
704	MoeSQLmosa	5	1	[1.7976931348623156E306, 1.7976931348623156E306, 1.7976931348623156E306, 1.7976931348623156E306, 0.0, 1.7976931348623156E306, 1.7976931348623156E306]
704	MoeSQLmosa	6	1	[1.7976931348623156E306, 1.7976931348623156E306, 0.0, 1.7976931348623156E306, 1.7976931348623156E306, 1.7976931348623156E306, 1.7976931348623156E306]
704	MOTGA	0	7	[0.0, 0.0, 0.0, 0.0, 0.0, 0.0, 0.0]
705	MoeSQLmosa	0	1	[0.0, 39.87380952380952]
705	MoeSQLmosa	1	1	[1.0, 0.0]
705	MOTGA	0	2	[0.0, 0.0]
706	MoeSQLmosa	0	2	[0.0, 0.0]
706	MOTGA	0	2	[0.0, 0.0]
707	MoeSQLmosa	0	1	[1.0, 0.0]
707	MoeSQLmosa	1	1	[0.0, 40.25171958222301]
707	MOTGA	0	2	[0.0, 0.0]
708	MoeSQLmosa	0	1	[0.0, 1.0, 1.0, 1.0, 1.0]
708	MoeSQLmosa	1	1	[11.089743589743591, 12.089743589743591, 12.089743589743591, 0.0, 1.0]
708	MoeSQLmosa	2	1	[1.7976931348623156E306, 1.7976931348623156E306, 1.7976931348623156E306, 1.7976931348623156E306, 0.0]
708	MoeSQLmosa	3	1	[28.09736842105263, 0.0, 1.0, 29.09736842105263, 29.09736842105263]
708	MoeSQLmosa	4	1	[1.7976931348623156E306, 1.7976931348623156E306, 0.0, 1.7976931348623156E306, 1.7976931348623156E306]
708	MOTGA	0	5	[0.0, 0.0, 0.0, 0.0, 0.0]
709	MoeSQLmosa	0	1	[0.0, 24.08049062049062, 1.0]
709	MoeSQLmosa	1	1	[1.0, 0.0, 1.0]
709	MoeSQLmosa	2	1	[1.7976931348623156E306, 1.7976931348623156E306, 0.0]
709	MOTGA	0	3	[0.0, 0.0, 0.0]
710	MoeSQLmosa	0	2	[1.7976931348623156E306, 1.7976931348623156E306, 1.7976931348623156E306, 1.7976931348623156E306, 1.7976931348623156E306, 1.7976931348623156E306, 0.0, 1.7976931348623156E306, 1.7976931348623156E306, 1.7976931348623156E306, 1.7976931348623156E306, 1.7976931348623156E306, 1.7976931348623156E306, 1.7976931348623156E306, 1.7976931348623156E306, 1.7976931348623156E306]
710	MoeSQLmosa	1	2	[1.7976931348623156E306, 1.7976931348623156E306, 1.7976931348623156E306, 1.7976931348623156E306, 1.7976931348623156E306, 1.7976931348623156E306, 0.0, 1.7976931348623156E306, 0.0, 1.7976931348623156E306, 1.7976931348623156E306, 1.7976931348623156E306, 1.7976931348623156E306, 1.7976931348623156E306, 1.7976931348623156E306, 1.7976931348623156E306]
710	MoeSQLmosa	2	2	[1.0, 2.0, 2.0, 2.0, 1.0, 0.0, 2.0, 1.0, 1.7976931348623156E306, 1.7976931348623156E306, 1.7976931348623156E306, 1.0, 1.7976931348623156E306, 1.7976931348623156E306, 1.0, 1.7976931348623156E306]
710	MoeSQLmosa	3	2	[1.7976931348623156E306, 1.7976931348623156E306, 1.7976931348623156E306, 1.7976931348623156E306, 1.7976931348623156E306, 1.7976931348623156E306, 0.0, 1.7976931348623156E306, 1.7976931348623156E306, 1.7976931348623156E306, 0.0, 1.7976931348623156E306, 1.7976931348623156E306, 1.7976931348623156E306, 1.7976931348623156E306, 1.7976931348623156E306]
710	MoeSQLmosa	4	2	[41.46689456091047, 0.0, 1.0, 42.46689456091047, 41.46689456091047, 42.46689456091047, 42.46689456091047, 41.46689456091047, 1.7976931348623156E306, 1.7976931348623156E306, 1.7976931348623156E306, 41.46689456091047, 1.7976931348623156E306, 1.7976931348623156E306, 41.46689456091047, 1.7976931348623156E306]
710	MoeSQLmosa	5	2	[0.0, 1.0, 1.0, 1.0, 0.0, 1.0, 1.0, 0.0, 1.7976931348623156E306, 1.7976931348623156E306, 1.7976931348623156E306, 0.0, 1.7976931348623156E306, 1.7976931348623156E306, 0.0, 1.7976931348623156E306]
710	MoeSQLmosa	6	2	[1.7976931348623156E306, 1.7976931348623156E306, 1.7976931348623156E306, 1.7976931348623156E306, 1.7976931348623156E306, 1.7976931348623156E306, 0.0, 1.7976931348623156E306, 1.7976931348623156E306, 1.7976931348623156E306, 1.7976931348623156E306, 1.7976931348623156E306, 0.0, 1.7976931348623156E306, 1.7976931348623156E306, 1.7976931348623156E306]
710	MoeSQLmosa	7	2	[1.7976931348623156E306, 1.7976931348623156E306, 1.7976931348623156E306, 1.7976931348623156E306, 1.7976931348623156E306, 1.7976931348623156E306, 0.0, 1.7976931348623156E306, 1.7976931348623156E306, 0.0, 1.7976931348623156E306, 1.7976931348623156E306, 1.7976931348623156E306, 1.7976931348623156E306, 1.7976931348623156E306, 1.7976931348623156E306]
710	MoeSQLmosa	8	2	[1.7976931348623156E306, 1.7976931348623156E306, 1.7976931348623156E306, 1.7976931348623156E306, 1.7976931348623156E306, 1.7976931348623156E306, 0.0, 1.7976931348623156E306, 1.7976931348623156E306, 1.7976931348623156E306, 1.7976931348623156E306, 1.7976931348623156E306, 1.7976931348623156E306, 0.0, 1.7976931348623156E306, 1.7976931348623156E306]
710	MoeSQLmosa	9	2	[1.7976931348623156E306, 1.7976931348623156E306, 1.7976931348623156E306, 1.7976931348623156E306, 1.7976931348623156E306, 1.7976931348623156E306, 0.0, 1.7976931348623156E306, 1.7976931348623156E306, 1.7976931348623156E306, 1.7976931348623156E306, 1.7976931348623156E306, 1.7976931348623156E306, 1.7976931348623156E306, 1.7976931348623156E306, 0.0]
710	MoeSQLmosa	10	2	[1.0, 2.0, 2.0, 0.0, 1.0, 2.0, 2.0, 1.0, 1.7976931348623156E306, 1.7976931348623156E306, 1.7976931348623156E306, 1.0, 1.7976931348623156E306, 1.7976931348623156E306, 1.0, 1.7976931348623156E306]
710	MoeSQLmosa	11	2	[1.7976931348623156E306, 1.7976931348623156E306, 0.0, 1.7976931348623156E306, 1.7976931348623156E306, 1.7976931348623156E306, 1.7976931348623156E306, 1.7976931348623156E306, 3.595386269724631E306, 3.595386269724631E306, 3.595386269724631E306, 1.7976931348623156E306, 3.595386269724631E306, 3.595386269724631E306, 1.7976931348623156E306, 3.595386269724631E306]
710	MOTGA	0	12	[0.0, 0.0, 0.0, 0.0, 0.0, 0.0, 0.0, 0.0, 0.0, 0.0, 0.0, 0.0, 0.0, 0.0, 0.0, 0.0]
712	MoeSQLmosa	0	2	[1.0, 0.0, 1.0, 0.0, 0.0, 1.0]
712	MoeSQLmosa	1	1	[0.0, 1.0, 2.0, 1.0, 2.0, 2.0]
712	MoeSQLmosa	2	1	[1.7976931348623156E306, 1.7976931348623156E306, 1.7976931348623156E306, 1.7976931348623156E306, 1.7976931348623156E306, 0.0]
712	MoeSQLmosa	3	1	[2.0, 1.0, 0.0, 1.0, 2.0, 2.0]
712	MOTGA	0	5	[0.0, 0.0, 0.0, 0.0, 0.0, 0.0]
713	MoeSQLmosa	0	1	[0.0, 26.684249298795578, 1.0]
713	MoeSQLmosa	1	1	[1.7976931348623156E306, 1.7976931348623156E306, 0.0]
713	MoeSQLmosa	2	1	[1.0, 0.0, 1.0]
713	MOTGA	0	3	[0.0, 0.0, 0.0]
714	MoeSQLmosa	0	1	[1.0, 0.0]
714	MoeSQLmosa	1	1	[0.0, 28.115284097196934]
714	MOTGA	0	2	[0.0, 0.0]
715	MoeSQLmosa	0	1	[0.0, 38.114285714285714]
715	MoeSQLmosa	1	1	[1.0, 0.0]
715	MOTGA	0	2	[0.0, 0.0]
716	MoeSQLmosa	0	1	[0.0, 15.706845187332991, 1.0, 1.0, 1.0, 0.0, 1.0]
716	MoeSQLmosa	1	1	[19.622148728930647, 58.101815474039896, 0.0, 1.0, 20.622148728930647, 19.622148728930647, 20.622148728930647]
716	MoeSQLmosa	2	1	[1.7976931348623156E306, 1.7976931348623156E306, 1.7976931348623156E306, 0.0, 1.7976931348623156E306, 1.7976931348623156E306, 1.7976931348623156E306]
716	MoeSQLmosa	3	1	[1.0, 9.43720821661998, 2.0, 2.0, 0.0, 1.0, 2.0]
716	MoeSQLmosa	4	1	[1.0, 0.0, 2.0, 2.0, 2.0, 1.0, 2.0]
716	MoeSQLmosa	5	1	[1.0, 1.875, 2.0, 2.0, 2.0, 1.0, 0.0]
716	MOTGA	0	6	[0.0, 0.0, 0.0, 0.0, 0.0, 0.0, 0.0]
717	MoeSQLmosa	0	2	[0.0, 0.0]
717	MOTGA	0	2	[0.0, 0.0]
718	MoeSQLmosa	0	1	[1.0, 0.0]
718	MoeSQLmosa	1	1	[0.0, 24.712710787908517]
718	MOTGA	0	2	[0.0, 0.0]
719	MoeSQLmosa	0	1	[1.0, 0.0]
719	MoeSQLmosa	1	1	[0.0, 29.38192802807245]
719	MOTGA	0	2	[0.0, 0.0]
720	MoeSQLmosa	0	1	[0.0, 37.322052845528454, 1.0]
720	MoeSQLmosa	1	1	[1.0, 0.0, 1.0]
720	MoeSQLmosa	2	1	[1.7976931348623156E306, 1.7976931348623156E306, 0.0]
720	MOTGA	0	3	[0.0, 0.0, 0.0]
721	MoeSQLmosa	0	1	[1.0, 0.0]
721	MoeSQLmosa	1	1	[0.0, 30.506944444444443]
721	MOTGA	0	2	[0.0, 0.0]
722	MoeSQLmosa	0	1	[8.485437764849529, 0.0, 1.0, 9.485437764849529, 8.485437764849529, 9.485437764849529, 28.351081798235498, 9.485437764849529, 3.0]
722	MoeSQLmosa	1	1	[0.0, 1.0, 1.0, 1.0, 0.0, 1.0, 40.600757575757584, 1.0, 2.0]
722	MoeSQLmosa	2	1	[1.0, 2.0, 2.0, 2.0, 1.0, 2.0, 0.0, 1.0, 3.0]
722	MoeSQLmosa	3	1	[1.0, 2.0, 2.0, 2.0, 1.0, 0.0, 35.139942002442005, 2.0, 3.0]
722	MoeSQLmosa	4	1	[1.0, 2.0, 2.0, 0.0, 1.0, 2.0, 12.921899544557277, 2.0, 3.0]
722	MoeSQLmosa	5	3	[0.0, 1.0, 1.0, 1.0, 0.0, 1.0, 9.263927388927389, 1.0, 0.0]
722	MoeSQLmosa	6	1	[1.7976931348623156E306, 1.7976931348623156E306, 0.0, 1.7976931348623156E306, 1.7976931348623156E306, 1.7976931348623156E306, 1.7976931348623156E306, 1.7976931348623156E306, 3.0]
722	MoeSQLmosa	7	1	[1.7976931348623156E306, 1.7976931348623156E306, 1.7976931348623156E306, 1.7976931348623156E306, 1.7976931348623156E306, 1.7976931348623156E306, 1.7976931348623156E306, 0.0, 3.0]
722	MOTGA	0	9	[0.0, 0.0, 0.0, 0.0, 0.0, 0.0, 0.0, 0.0, 0.0]
723	MoeSQLmosa	0	2	[1.7976931348623156E306, 1.7976931348623156E306, 1.7976931348623156E306, 1.7976931348623156E306, 1.7976931348623156E306, 1.7976931348623156E306, 0.0, 1.7976931348623156E306, 1.7976931348623156E306, 1.7976931348623156E306, 1.7976931348623156E306, 1.7976931348623156E306, 1.7976931348623156E306, 1.7976931348623156E306, 1.7976931348623156E306]
723	MOTGA	0	2	[1.7976931348623156E306, 1.7976931348623156E306, 1.7976931348623156E306, 1.7976931348623156E306, 1.7976931348623156E306, 1.7976931348623156E306, 0.0, 1.7976931348623156E306, 1.7976931348623156E306, 1.7976931348623156E306, 1.7976931348623156E306, 1.7976931348623156E306, 1.7976931348623156E306, 1.7976931348623156E306, 1.7976931348623156E306]
724	MoeSQLmosa	0	2	[0.0, 1.0, 1.0, 1.0, 0.0, 0.0]
724	MoeSQLmosa	1	1	[28.73522813634672, 0.0, 1.0, 29.73522813634672, 28.73522813634672, 29.73522813634672]
724	MoeSQLmosa	2	1	[1.7976931348623156E306, 1.7976931348623156E306, 0.0, 1.7976931348623156E306, 1.7976931348623156E306, 1.7976931348623156E306]
724	MoeSQLmosa	3	1	[1.0, 2.0, 2.0, 0.0, 1.0, 2.0]
724	MOTGA	0	5	[0.0, 0.0, 0.0, 0.0, 0.0, 0.0]
725	MoeSQLmosa	0	1	[7.907060185185186, 0.0, 1.0, 8.907060185185186, 8.907060185185186, 8.907060185185186, 8.907060185185186]
725	MoeSQLmosa	1	1	[1.7976931348623156E306, 1.7976931348623156E306, 1.7976931348623156E306, 1.7976931348623156E306, 1.7976931348623156E306, 1.7976931348623156E306, 0.0]
725	MoeSQLmosa	2	1	[18.793059163059162, 19.793059163059162, 19.793059163059162, 19.793059163059162, 19.793059163059162, 0.0, 1.0]
725	MoeSQLmosa	3	1	[0.0, 1.0, 1.0, 1.0, 1.0, 1.0, 1.0]
725	MoeSQLmosa	4	1	[26.28643578643579, 27.28643578643579, 27.28643578643579, 0.0, 1.0, 27.28643578643579, 27.28643578643579]
725	MoeSQLmosa	5	1	[1.7976931348623156E306, 1.7976931348623156E306, 0.0, 1.7976931348623156E306, 1.7976931348623156E306, 1.7976931348623156E306, 1.7976931348623156E306]
725	MoeSQLmosa	6	1	[1.7976931348623156E306, 1.7976931348623156E306, 1.7976931348623156E306, 1.7976931348623156E306, 0.0, 1.7976931348623156E306, 1.7976931348623156E306]
725	MOTGA	0	7	[0.0, 0.0, 0.0, 0.0, 0.0, 0.0, 0.0]
726	MoeSQLmosa	0	1	[24.9929627033153, 23.9929627033153, 24.9929627033153, 23.9929627033153, 0.0, 1.0]
726	MoeSQLmosa	1	1	[2.0, 1.0, 0.0, 1.0, 2.0, 2.0]
726	MoeSQLmosa	2	1	[1.0, 0.0, 1.0, 0.0, 1.0, 1.0]
726	MoeSQLmosa	3	1	[0.0, 1.0, 2.0, 1.0, 2.0, 2.0]
726	MoeSQLmosa	4	1	[1.7976931348623156E306, 1.7976931348623156E306, 1.7976931348623156E306, 1.7976931348623156E306, 1.7976931348623156E306, 0.0]
726	MOTGA	0	5	[0.0, 0.0, 0.0, 0.0, 0.0, 0.0]
727	MoeSQLmosa	0	2	[0.0, 0.0]
727	MOTGA	0	2	[0.0, 0.0]
728	MoeSQLmosa	0	1	[0.0, 11.553712545624311]
728	MoeSQLmosa	1	1	[1.0, 0.0]
728	MOTGA	0	2	[0.0, 0.0]
729	MoeSQLmosa	0	1	[0.0, 45.623076923076916]
729	MoeSQLmosa	1	1	[1.0, 0.0]
729	MOTGA	0	2	[0.0, 0.0]
730	MoeSQLmosa	0	2	[0.0, 0.0]
730	MOTGA	0	2	[0.0, 0.0]
731	MoeSQLmosa	0	1	[12.4510067572936, 0.0, 1.0, 13.4510067572936, 12.4510067572936, 13.4510067572936]
731	MoeSQLmosa	1	1	[1.0, 2.0, 2.0, 2.0, 1.0, 0.0]
731	MoeSQLmosa	2	1	[1.7976931348623156E306, 1.7976931348623156E306, 0.0, 1.7976931348623156E306, 1.7976931348623156E306, 1.7976931348623156E306]
731	MoeSQLmosa	3	1	[0.0, 1.0, 1.0, 1.0, 0.0, 1.0]
731	MoeSQLmosa	4	1	[1.0, 2.0, 2.0, 0.0, 1.0, 2.0]
731	MOTGA	0	5	[0.0, 0.0, 0.0, 0.0, 0.0, 0.0]
732	MoeSQLmosa	0	1	[0.0, 48.24107142857143]
732	MoeSQLmosa	1	1	[1.0, 0.0]
732	MOTGA	0	2	[0.0, 0.0]
733	MoeSQLmosa	0	1	[1.0, 0.0, 1.0, 0.0, 1.0]
733	MoeSQLmosa	1	1	[29.74545454545455, 28.74545454545455, 29.74545454545455, 28.74545454545455, 0.0]
733	MoeSQLmosa	2	1	[2.0, 1.0, 0.0, 1.0, 2.0]
733	MoeSQLmosa	3	1	[0.0, 1.0, 2.0, 1.0, 2.0]
733	MOTGA	0	4	[0.0, 0.0, 0.0, 0.0, 0.0]
734	MoeSQLmosa	0	1	[0.0, 14.183647386602507]
734	MoeSQLmosa	1	1	[1.0, 0.0]
734	MOTGA	0	2	[0.0, 0.0]
735	MoeSQLmosa	0	1	[5.649143503555268, 0.0, 1.0, 958.6491435035553, 6.649143503555268, 6.649143503555268, 6.649143503555268, 6.649143503555268, 15.332476836888603, 6.649143503555268, 6.649143503555268, 6.649143503555268, 5.649143503555268, 6.649143503555268]
735	MoeSQLmosa	1	1	[13.669531448943212, 14.669531448943212, 14.669531448943212, 393.6695314489432, 14.669531448943212, 0.0, 1.0, 14.669531448943212, 33.43872633513568, 14.669531448943212, 14.669531448943212, 14.669531448943212, 13.669531448943212, 14.669531448943212]
735	MoeSQLmosa	2	1	[559.0, 560.0, 560.0, 0.0, 1.0, 559.0, 559.0, 559.0, 569.3833333333333, 559.0, 559.0, 559.0, 558.0, 559.0]
735	MoeSQLmosa	3	1	[1.7976931348623156E306, 1.7976931348623156E306, 1.7976931348623156E306, 1.7976931348623156E306, 0.0, 1.7976931348623156E306, 1.7976931348623156E306, 1.7976931348623156E306, 1.7976931348623156E306, 1.7976931348623156E306, 1.7976931348623156E306, 1.7976931348623156E306, 1.7976931348623156E306, 1.7976931348623156E306]
735	MoeSQLmosa	4	1	[0.0, 1.0, 1.0, 319.0, 1.0, 1.0, 1.0, 1.0, 9.683333333333334, 1.0, 1.0, 1.0, 0.0, 1.0]
735	MoeSQLmosa	5	1	[2.0, 3.0, 3.0, 947.0, 3.0, 3.0, 3.0, 3.0, 13.383333333333333, 0.0, 1.0, 3.0, 2.0, 3.0]
735	MoeSQLmosa	6	1	[1.0, 2.0, 2.0, 974.0, 2.0, 2.0, 2.0, 1.0, 0.0, 2.0, 2.0, 2.0, 1.0, 2.0]
735	MoeSQLmosa	7	1	[1.7976931348623156E306, 1.7976931348623156E306, 1.7976931348623156E306, 1.7976931348623156E306, 1.7976931348623156E306, 1.7976931348623156E306, 1.7976931348623156E306, 0.0, 1.7976931348623156E306, 1.7976931348623156E306, 1.7976931348623156E306, 1.7976931348623156E306, 1.7976931348623156E306, 1.7976931348623156E306]
735	MoeSQLmosa	8	1	[1.0, 2.0, 2.0, 277.0, 2.0, 2.0, 2.0, 2.0, 27.33655594405594, 2.0, 2.0, 0.0, 1.0, 2.0]
735	MoeSQLmosa	9	1	[1.7976931348623156E306, 1.7976931348623156E306, 1.7976931348623156E306, 1.7976931348623156E306, 1.7976931348623156E306, 1.7976931348623156E306, 0.0, 1.7976931348623156E306, 1.7976931348623156E306, 1.7976931348623156E306, 1.7976931348623156E306, 1.7976931348623156E306, 1.7976931348623156E306, 1.7976931348623156E306]
735	MoeSQLmosa	10	1	[1.7976931348623156E306, 1.7976931348623156E306, 0.0, 1.7976931348623156E306, 1.7976931348623156E306, 1.7976931348623156E306, 1.7976931348623156E306, 1.7976931348623156E306, 1.7976931348623156E306, 1.7976931348623156E306, 1.7976931348623156E306, 1.7976931348623156E306, 1.7976931348623156E306, 1.7976931348623156E306]
735	MoeSQLmosa	11	1	[1.7976931348623156E306, 1.7976931348623156E306, 1.7976931348623156E306, 1.7976931348623156E306, 1.7976931348623156E306, 1.7976931348623156E306, 1.7976931348623156E306, 1.7976931348623156E306, 1.7976931348623156E306, 1.7976931348623156E306, 0.0, 1.7976931348623156E306, 1.7976931348623156E306, 1.7976931348623156E306]
735	MoeSQLmosa	12	1	[1.0, 2.0, 2.0, 221.0, 2.0, 2.0, 2.0, 2.0, 10.683333333333334, 2.0, 2.0, 2.0, 1.0, 0.0]
735	MOTGA	0	13	[0.0, 0.0, 0.0, 0.0, 0.0, 0.0, 0.0, 0.0, 0.0, 0.0, 0.0, 0.0, 0.0, 0.0]
736	MoeSQLmosa	0	2	[0.0, 0.0]
736	MOTGA	0	2	[0.0, 0.0]
737	MoeSQLmosa	0	1	[17.0811320754717, 0.0, 1.0, 18.0811320754717, 18.0811320754717, 18.0811320754717, 18.0811320754717]
737	MoeSQLmosa	1	1	[1.7976931348623156E306, 1.7976931348623156E306, 0.0, 1.7976931348623156E306, 1.7976931348623156E306, 1.7976931348623156E306, 1.7976931348623156E306]
737	MoeSQLmosa	2	2	[43.78783487044357, 44.78783487044357, 44.78783487044357, 0.0, 1.0, 0.0, 1.0]
737	MoeSQLmosa	3	1	[0.0, 1.0, 1.0, 1.0, 1.0, 1.0, 1.0]
737	MoeSQLmosa	4	1	[1.7976931348623156E306, 1.7976931348623156E306, 1.7976931348623156E306, 1.7976931348623156E306, 0.0, 1.7976931348623156E306, 1.7976931348623156E306]
737	MoeSQLmosa	5	1	[1.7976931348623156E306, 1.7976931348623156E306, 1.7976931348623156E306, 1.7976931348623156E306, 1.7976931348623156E306, 1.7976931348623156E306, 0.0]
737	MOTGA	0	7	[0.0, 0.0, 0.0, 0.0, 0.0, 0.0, 0.0]
738	MoeSQLmosa	0	1	[1.0, 2.0, 0.0, 17.62871366055328, 1.0, 21.0]
738	MoeSQLmosa	1	1	[13.0, 0.0, 14.0, 13.0, 14.0, 28.0]
738	MoeSQLmosa	2	1	[0.0, 1.0, 1.0, 15.0, 1.0, 0.0]
738	MoeSQLmosa	3	1	[0.0, 1.0, 1.0, 0.0, 1.0, 15.0]
738	MoeSQLmosa	4	1	[0.0, 1.0, 3.595386269724631E306, 3.595386269724631E306, 0.0, 1.7976931348623156E306]
738	MOTGA	0	5	[0.0, 0.0, 0.0, 0.0, 0.0, 0.0]
739	MoeSQLmosa	0	1	[870.0, 869.0, 868.0, 600.0, 601.0, 602.0, 1.0, 0.0, 1.0]
739	MoeSQLmosa	1	1	[0.0, 1.0, 2.0, 47.0, 48.0, 49.0, 2.0, 1.0, 2.0]
739	MoeSQLmosa	2	1	[2.0, 1.0, 0.0, 350.0, 351.0, 352.0, 1.0, 0.0, 1.0]
739	MoeSQLmosa	3	1	[1.0, 0.0, 1.0, 1.0, 0.0, 1.0, 1.0, 0.0, 1.0]
739	MoeSQLmosa	4	1	[20.0, 19.0, 18.0, 2.0, 1.0, 0.0, 2.0, 1.0, 2.0]
739	MoeSQLmosa	5	1	[871.0, 870.0, 869.0, 601.0, 602.0, 603.0, 2.0, 1.0, 0.0]
739	MoeSQLmosa	6	1	[20.0, 19.0, 18.0, 2.0, 1.0, 2.0, 0.0, 1.0, 2.0]
739	MoeSQLmosa	7	1	[18.0, 17.0, 16.0, 0.0, 1.0, 2.0, 1.0, 0.0, 1.0]
739	MOTGA	0	6	[0.0, 0.0, 0.0, 0.0, 0.0, 0.0, 0.0, 0.0, 0.0]
740	MoeSQLmosa	0	1	[5.717417417417417, 0.0, 1.0, 6.717417417417417, 6.717417417417417, 6.717417417417417, 6.717417417417417]
740	MoeSQLmosa	1	1	[1.7976931348623156E306, 1.7976931348623156E306, 1.7976931348623156E306, 1.7976931348623156E306, 0.0, 1.7976931348623156E306, 1.7976931348623156E306]
740	MoeSQLmosa	2	1	[8.0, 9.0, 9.0, 0.0, 1.0, 9.0, 9.0]
740	MoeSQLmosa	3	1	[12.444444444444445, 13.444444444444445, 13.444444444444445, 13.444444444444445, 13.444444444444445, 0.0, 1.0]
740	MoeSQLmosa	4	1	[0.0, 1.0, 1.0, 1.0, 1.0, 1.0, 1.0]
740	MoeSQLmosa	5	1	[1.7976931348623156E306, 1.7976931348623156E306, 0.0, 1.7976931348623156E306, 1.7976931348623156E306, 1.7976931348623156E306, 1.7976931348623156E306]
740	MoeSQLmosa	6	1	[1.7976931348623156E306, 1.7976931348623156E306, 1.7976931348623156E306, 1.7976931348623156E306, 1.7976931348623156E306, 1.7976931348623156E306, 0.0]
740	MOTGA	0	7	[0.0, 0.0, 0.0, 0.0, 0.0, 0.0, 0.0]
741	MoeSQLmosa	0	1	[17.64885057471264, 18.64885057471264, 18.64885057471264, 0.0, 1.0]
741	MoeSQLmosa	1	1	[8.73035456855552, 0.0, 1.0, 9.73035456855552, 9.73035456855552]
741	MoeSQLmosa	2	1	[0.0, 1.0, 1.0, 1.0, 1.0]
741	MoeSQLmosa	3	1	[1.7976931348623156E306, 1.7976931348623156E306, 1.7976931348623156E306, 1.7976931348623156E306, 0.0]
741	MoeSQLmosa	4	1	[1.7976931348623156E306, 1.7976931348623156E306, 0.0, 1.7976931348623156E306, 1.7976931348623156E306]
741	MOTGA	0	5	[0.0, 0.0, 0.0, 0.0, 0.0]
742	MoeSQLmosa	0	3	[0.0]
742	MOTGA	0	3	[0.0]
743	MoeSQLmosa	0	1	[641.0, 640.0, 639.0, 1.0, 0.0, 1.0]
743	MoeSQLmosa	1	1	[1.0, 0.0, 1.0, 4.0, 3.0, 2.0]
743	MoeSQLmosa	2	1	[0.0, 1.0, 2.0, 2.0, 1.0, 0.0]
743	MoeSQLmosa	3	1	[2.0, 1.0, 0.0, 150.0, 149.0, 148.0]
743	MoeSQLmosa	4	1	[1154.0, 1153.0, 1152.0, 0.0, 1.0, 2.0]
743	MOTGA	0	4	[0.0, 0.0, 0.0, 0.0, 0.0, 0.0]
744	MoeSQLmosa	0	2	[0.0, 0.0]
744	MOTGA	0	2	[0.0, 0.0]
745	MoeSQLmosa	0	2	[1.0, 0.0, 16.0, 15.0, 0.0]
745	MoeSQLmosa	1	2	[0.0, 6.0, 0.0, 0.0, 1.0]
745	MOTGA	0	4	[0.0, 0.0, 0.0, 0.0, 0.0]
746	MoeSQLmosa	0	2	[0.0, 0.0]
746	MOTGA	0	2	[0.0, 0.0]
747	MoeSQLmosa	0	1	[0.0, 1.0, 1.0, 1.0, 1.0, 1.0, 1.0]
747	MoeSQLmosa	1	1	[14.0, 15.0, 15.0, 15.0, 15.0, 0.0, 1.0]
747	MoeSQLmosa	2	1	[14.0, 15.0, 15.0, 0.0, 1.0, 15.0, 15.0]
747	MoeSQLmosa	3	1	[40.621212121212125, 0.0, 1.0, 41.621212121212125, 41.621212121212125, 41.621212121212125, 41.621212121212125]
747	MoeSQLmosa	4	1	[1.7976931348623156E306, 1.7976931348623156E306, 1.7976931348623156E306, 1.7976931348623156E306, 0.0, 1.7976931348623156E306, 1.7976931348623156E306]
747	MoeSQLmosa	5	1	[1.7976931348623156E306, 1.7976931348623156E306, 0.0, 1.7976931348623156E306, 1.7976931348623156E306, 1.7976931348623156E306, 1.7976931348623156E306]
747	MoeSQLmosa	6	1	[1.7976931348623156E306, 1.7976931348623156E306, 1.7976931348623156E306, 1.7976931348623156E306, 1.7976931348623156E306, 1.7976931348623156E306, 0.0]
747	MOTGA	0	7	[0.0, 0.0, 0.0, 0.0, 0.0, 0.0, 0.0]
748	MoeSQLmosa	0	1	[0.0, 26.266170634920638]
748	MoeSQLmosa	1	1	[1.0, 0.0]
748	MOTGA	0	2	[0.0, 0.0]
749	MoeSQLmosa	0	1	[1.0, 0.0]
749	MoeSQLmosa	1	1	[0.0, 42.708333333333336]
749	MOTGA	0	2	[0.0, 0.0]
751	MoeSQLmosa	0	1	[1.0, 0.0, 1.0, 0.0, 1.0, 1.0]
751	MoeSQLmosa	1	1	[30.176565150249356, 29.176565150249356, 30.176565150249356, 29.176565150249356, 0.0, 1.0]
751	MoeSQLmosa	2	2	[0.0, 1.0, 2.0, 1.0, 2.0, 0.0]
751	MoeSQLmosa	3	1	[2.0, 1.0, 0.0, 1.0, 2.0, 2.0]
751	MOTGA	0	5	[0.0, 0.0, 0.0, 0.0, 0.0, 0.0]
752	MoeSQLmosa	0	1	[12.15909090909091, 13.15909090909091, 13.15909090909091, 0.0, 1.0]
752	MoeSQLmosa	1	1	[1.7976931348623156E306, 1.7976931348623156E306, 0.0, 1.7976931348623156E306, 1.7976931348623156E306]
752	MoeSQLmosa	2	1	[5.703081232492997, 0.0, 1.0, 6.703081232492997, 6.703081232492997]
752	MoeSQLmosa	3	1	[1.7976931348623156E306, 1.7976931348623156E306, 1.7976931348623156E306, 1.7976931348623156E306, 0.0]
752	MoeSQLmosa	4	1	[0.0, 1.0, 1.0, 1.0, 1.0]
752	MOTGA	0	5	[0.0, 0.0, 0.0, 0.0, 0.0]
753	MoeSQLmosa	0	1	[25.62083333333333, 0.0, 1.0, 26.62083333333333, 26.62083333333333, 26.62083333333333, 26.62083333333333]
753	MoeSQLmosa	1	1	[14.278037240537243, 15.278037240537243, 15.278037240537243, 0.0, 1.0, 15.278037240537243, 15.278037240537243]
753	MoeSQLmosa	2	1	[8.568326229042341, 9.568326229042341, 9.568326229042341, 9.568326229042341, 9.568326229042341, 0.0, 1.0]
753	MoeSQLmosa	3	1	[0.0, 1.0, 1.0, 1.0, 1.0, 1.0, 1.0]
753	MoeSQLmosa	4	1	[1.7976931348623156E306, 1.7976931348623156E306, 1.7976931348623156E306, 1.7976931348623156E306, 0.0, 1.7976931348623156E306, 1.7976931348623156E306]
753	MoeSQLmosa	5	1	[1.7976931348623156E306, 1.7976931348623156E306, 1.7976931348623156E306, 1.7976931348623156E306, 1.7976931348623156E306, 1.7976931348623156E306, 0.0]
753	MoeSQLmosa	6	1	[1.7976931348623156E306, 1.7976931348623156E306, 0.0, 1.7976931348623156E306, 1.7976931348623156E306, 1.7976931348623156E306, 1.7976931348623156E306]
753	MOTGA	0	7	[0.0, 0.0, 0.0, 0.0, 0.0, 0.0, 0.0]
754	MoeSQLmosa	0	1	[33.41666666666667, 34.41666666666667, 34.41666666666667, 34.41666666666667, 34.41666666666667, 0.0, 1.0]
754	MoeSQLmosa	1	1	[1.7976931348623156E306, 1.7976931348623156E306, 0.0, 1.7976931348623156E306, 1.7976931348623156E306, 1.7976931348623156E306, 1.7976931348623156E306]
754	MoeSQLmosa	2	1	[3.409090909090909, 0.0, 1.0, 4.409090909090909, 4.409090909090909, 4.409090909090909, 4.409090909090909]
754	MoeSQLmosa	3	1	[32.64663619972719, 33.64663619972719, 33.64663619972719, 0.0, 1.0, 33.64663619972719, 33.64663619972719]
754	MoeSQLmosa	4	1	[0.0, 1.0, 1.0, 1.0, 1.0, 1.0, 1.0]
754	MoeSQLmosa	5	1	[1.7976931348623156E306, 1.7976931348623156E306, 1.7976931348623156E306, 1.7976931348623156E306, 0.0, 1.7976931348623156E306, 1.7976931348623156E306]
754	MoeSQLmosa	6	1	[1.7976931348623156E306, 1.7976931348623156E306, 1.7976931348623156E306, 1.7976931348623156E306, 1.7976931348623156E306, 1.7976931348623156E306, 0.0]
754	MOTGA	0	7	[0.0, 0.0, 0.0, 0.0, 0.0, 0.0, 0.0]
755	MoeSQLmosa	0	1	[0.0, 14.185179290129074]
755	MoeSQLmosa	1	1	[1.0, 0.0]
755	MOTGA	0	2	[0.0, 0.0]
756	MoeSQLmosa	0	1	[1.0, 0.0, 1.0]
756	MoeSQLmosa	1	1	[0.0, 14.511378490790255, 1.0]
756	MoeSQLmosa	2	1	[1.7976931348623156E306, 1.7976931348623156E306, 0.0]
756	MOTGA	0	3	[0.0, 0.0, 0.0]
757	MoeSQLmosa	0	2	[0.0, 0.0]
757	MOTGA	0	2	[0.0, 0.0]
758	MoeSQLmosa	0	2	[0.0, 0.0, 1.0]
758	MoeSQLmosa	1	1	[1.7976931348623156E306, 1.7976931348623156E306, 0.0]
758	MOTGA	0	3	[0.0, 0.0, 0.0]
759	MoeSQLmosa	0	1	[20.21533114581895, 21.21533114581895, 21.21533114581895, 0.0, 1.0, 39.13199781248562, 21.21533114581895, 21.21533114581895, 20.21533114581895, 21.21533114581895, 146.22631617902437, 147.22631617902437, 148.22631617902437, 3.0]
759	MoeSQLmosa	1	1	[15.294209789348967, 0.0, 1.0, 16.29420978934897, 16.29420978934897, 52.673300698439874, 16.29420978934897, 16.29420978934897, 15.294209789348967, 16.29420978934897, 699.7590162391544, 700.7590162391544, 701.7590162391544, 3.0]
759	MoeSQLmosa	2	1	[0.0, 1.0, 1.0, 1.0, 1.0, 18.40224358974359, 1.0, 1.0, 0.0, 1.0, 855.1536878154302, 856.1536878154302, 857.1536878154302, 2.0]
759	MoeSQLmosa	3	1	[1.0, 2.0, 2.0, 2.0, 2.0, 0.0, 1.0, 2.0, 1.0, 2.0, 91.7044756582236, 92.7044756582236, 93.7044756582236, 3.0]
759	MoeSQLmosa	4	1	[1.7976931348623156E306, 1.7976931348623156E306, 0.0, 1.7976931348623156E306, 1.7976931348623156E306, 1.7976931348623156E306, 1.7976931348623156E306, 1.7976931348623156E306, 1.7976931348623156E306, 1.7976931348623156E306, 1.7976931348623156E306, 1.7976931348623156E306, 1.7976931348623156E306, 3.0]
759	MoeSQLmosa	5	3	[0.0, 1.0, 1.0, 1.0, 1.0, 18.40224358974359, 1.0, 1.0, 0.0, 1.0, 832.2227078154302, 833.2227078154302, 834.2227078154302, 0.0]
759	MoeSQLmosa	6	1	[1.0, 2.0, 2.0, 2.0, 2.0, 19.40224358974359, 2.0, 2.0, 1.0, 2.0, 1.0, 0.0, 1.0, 3.0]
759	MoeSQLmosa	7	1	[1.7976931348623156E306, 1.7976931348623156E306, 1.7976931348623156E306, 1.7976931348623156E306, 1.7976931348623156E306, 1.7976931348623156E306, 0.0, 1.7976931348623156E306, 1.7976931348623156E306, 1.7976931348623156E306, 1.7976931348623156E306, 1.7976931348623156E306, 1.7976931348623156E306, 3.0]
759	MoeSQLmosa	8	1	[1.0, 2.0, 2.0, 2.0, 2.0, 12.23483709273183, 2.0, 0.0, 1.0, 2.0, 3.6951017295104975, 4.6951017295104975, 5.6951017295104975, 3.0]
759	MoeSQLmosa	9	1	[1.0, 2.0, 2.0, 2.0, 2.0, 19.40224358974359, 2.0, 2.0, 1.0, 0.0, 833.2227078154302, 834.2227078154302, 835.2227078154302, 3.0]
759	MoeSQLmosa	10	1	[0.0, 1.0, 1.0, 1.0, 1.0, 18.40224358974359, 1.0, 1.0, 0.0, 1.0, 0.0, 1.0, 2.0, 2.0]
759	MoeSQLmosa	11	1	[2.0, 3.0, 3.0, 3.0, 3.0, 20.916666666666668, 3.0, 3.0, 2.0, 3.0, 2.0, 1.0, 0.0, 3.0]
759	MoeSQLmosa	12	1	[1.7976931348623156E306, 1.7976931348623156E306, 1.7976931348623156E306, 1.7976931348623156E306, 0.0, 1.7976931348623156E306, 1.7976931348623156E306, 1.7976931348623156E306, 1.7976931348623156E306, 1.7976931348623156E306, 1.7976931348623156E306, 1.7976931348623156E306, 1.7976931348623156E306, 3.0]
759	MOTGA	0	14	[0.0, 0.0, 0.0, 0.0, 0.0, 0.0, 0.0, 0.0, 0.0, 0.0, 0.0, 0.0, 0.0, 0.0]
760	MoeSQLmosa	0	1	[0.0, 27.96530806009946]
760	MoeSQLmosa	1	1	[1.0, 0.0]
760	MOTGA	0	2	[0.0, 0.0]
761	MoeSQLmosa	0	2	[0.0, 0.0]
761	MOTGA	0	2	[0.0, 0.0]
763	MoeSQLmosa	0	1	[0.0, 1.0, 2.0, 612.0, 611.0, 610.0]
763	MoeSQLmosa	1	1	[762.0, 763.0, 764.0, 2.0, 1.0, 0.0]
763	MoeSQLmosa	2	1	[546.0, 547.0, 548.0, 1.0, 0.0, 1.0]
763	MoeSQLmosa	3	1	[1.0, 0.0, 1.0, 881.0, 880.0, 879.0]
763	MoeSQLmosa	4	1	[1.0, 2.0, 3.0, 0.0, 1.0, 2.0]
763	MoeSQLmosa	5	1	[2.0, 1.0, 0.0, 2.0, 1.0, 0.0]
763	MOTGA	0	4	[0.0, 0.0, 0.0, 0.0, 0.0, 0.0]
764	MoeSQLmosa	0	2	[25.580171011933853, 24.580171011933853, 25.580171011933853, 0.0, 1.0, 0.0]
764	MoeSQLmosa	1	2	[0.0, 30.8237319897116, 1.0, 2.0, 3.0, 30.8237319897116]
764	MoeSQLmosa	2	2	[1.7976931348623156E306, 1.7976931348623156E306, 1.7976931348623156E306, 1.0, 0.0, 0.0]
764	MoeSQLmosa	3	2	[1.0, 0.0, 1.0, 2.0, 3.0, 2.0]
764	MoeSQLmosa	4	2	[1.7976931348623156E306, 1.7976931348623156E306, 0.0, 2.0, 3.0, 1.7976931348623156E306]
764	MOTGA	0	3	[25.580171011933853, 24.580171011933853, 25.580171011933853, 0.0, 0.0, 0.0]
764	MOTGA	1	4	[0.0, 0.0, 0.0, 2.0, 3.0, 2.0]
765	MoeSQLmosa	0	3	[0.0]
765	MOTGA	0	3	[0.0]
766	MoeSQLmosa	0	1	[1.7976931348623156E306, 1.7976931348623156E306, 1.7976931348623156E306, 1.7976931348623156E306, 0.0, 1.7976931348623156E306, 1.7976931348623156E306, 1.7976931348623156E306]
766	MoeSQLmosa	1	1	[24.46666666666667, 25.46666666666667, 25.46666666666667, 0.0, 1.0, 25.46666666666667, 25.46666666666667, 34.27359307359308]
766	MoeSQLmosa	2	1	[23.277893164841696, 24.277893164841696, 24.277893164841696, 24.277893164841696, 24.277893164841696, 0.0, 1.0, 33.08481957176811]
766	MoeSQLmosa	3	1	[40.79468653846646, 0.0, 1.0, 41.79468653846646, 41.79468653846646, 41.79468653846646, 41.79468653846646, 50.32993560312729]
766	MoeSQLmosa	4	1	[0.0, 1.0, 1.0, 1.0, 1.0, 1.0, 1.0, 9.806926406926408]
766	MoeSQLmosa	5	1	[1.0, 2.0, 2.0, 2.0, 2.0, 2.0, 2.0, 0.0]
766	MoeSQLmosa	6	1	[1.7976931348623156E306, 1.7976931348623156E306, 1.7976931348623156E306, 1.7976931348623156E306, 1.7976931348623156E306, 1.7976931348623156E306, 0.0, 1.7976931348623156E306]
766	MoeSQLmosa	7	1	[1.7976931348623156E306, 1.7976931348623156E306, 0.0, 1.7976931348623156E306, 1.7976931348623156E306, 1.7976931348623156E306, 1.7976931348623156E306, 1.7976931348623156E306]
766	MOTGA	0	8	[0.0, 0.0, 0.0, 0.0, 0.0, 0.0, 0.0, 0.0]
767	MoeSQLmosa	0	1	[22.92960052684638, 23.92960052684638, 23.92960052684638, 23.92960052684638, 23.92960052684638, 0.0, 1.0, 23.92960052684638, 23.92960052684638, 23.92960052684638, 22.92960052684638, 23.92960052684638, 22.92960052684638, 23.92960052684638, 24.92960052684638]
767	MoeSQLmosa	1	1	[1.0, 2.0, 2.0, 2.0, 2.0, 2.0, 2.0, 2.0, 2.0, 2.0, 1.0, 0.0, 54.730952656, 55.730952656, 56.730952656]
767	MoeSQLmosa	2	1	[0.0, 1.0, 1.0, 1.0, 1.0, 1.0, 1.0, 1.0, 1.0, 1.0, 0.0, 1.0, 3.6591817730000002, 4.659181773, 5.659181773]
767	MoeSQLmosa	3	1	[1.7976931348623156E306, 1.7976931348623156E306, 1.7976931348623156E306, 1.7976931348623156E306, 1.7976931348623156E306, 1.7976931348623156E306, 0.0, 1.7976931348623156E306, 1.7976931348623156E306, 1.7976931348623156E306, 1.7976931348623156E306, 1.7976931348623156E306, 1.7976931348623156E306, 1.7976931348623156E306, 1.7976931348623156E306]
767	MoeSQLmosa	4	1	[6.514495798319328, 7.514495798319328, 7.514495798319328, 7.514495798319328, 7.514495798319328, 7.514495798319328, 7.514495798319328, 0.0, 1.0, 7.514495798319328, 6.514495798319328, 7.514495798319328, 10.173677571319327, 11.173677571319327, 12.173677571319327]
767	MoeSQLmosa	5	1	[1.0, 2.0, 2.0, 2.0, 2.0, 2.0, 2.0, 2.0, 2.0, 2.0, 1.0, 2.0, 1.0, 0.0, 1.0]
767	MoeSQLmosa	6	1	[10.835119047619049, 0.0, 1.0, 11.835119047619049, 11.835119047619049, 11.835119047619049, 11.835119047619049, 11.835119047619049, 11.835119047619049, 11.835119047619049, 10.835119047619049, 11.835119047619049, 14.49430082061905, 15.49430082061905, 16.49430082061905]
767	MoeSQLmosa	7	1	[1.7976931348623156E306, 1.7976931348623156E306, 1.7976931348623156E306, 1.7976931348623156E306, 0.0, 1.7976931348623156E306, 1.7976931348623156E306, 1.7976931348623156E306, 1.7976931348623156E306, 1.7976931348623156E306, 1.7976931348623156E306, 1.7976931348623156E306, 1.7976931348623156E306, 1.7976931348623156E306, 1.7976931348623156E306]
767	MoeSQLmosa	8	1	[0.0, 1.0, 1.0, 1.0, 1.0, 1.0, 1.0, 1.0, 1.0, 1.0, 0.0, 1.0, 0.0, 1.0, 2.0]
767	MoeSQLmosa	9	1	[6.0, 7.0, 7.0, 0.0, 1.0, 7.0, 7.0, 7.0, 7.0, 7.0, 6.0, 7.0, 6.0, 7.0, 8.0]
767	MoeSQLmosa	10	1	[1.0, 2.0, 2.0, 2.0, 2.0, 2.0, 2.0, 2.0, 2.0, 0.0, 1.0, 2.0, 4.659181773, 5.659181773, 6.659181773]
767	MoeSQLmosa	11	1	[1.7976931348623156E306, 1.7976931348623156E306, 0.0, 1.7976931348623156E306, 1.7976931348623156E306, 1.7976931348623156E306, 1.7976931348623156E306, 1.7976931348623156E306, 1.7976931348623156E306, 1.7976931348623156E306, 1.7976931348623156E306, 1.7976931348623156E306, 1.7976931348623156E306, 1.7976931348623156E306, 1.7976931348623156E306]
767	MoeSQLmosa	12	1	[1.7976931348623156E306, 1.7976931348623156E306, 1.7976931348623156E306, 1.7976931348623156E306, 1.7976931348623156E306, 1.7976931348623156E306, 1.7976931348623156E306, 1.7976931348623156E306, 0.0, 1.7976931348623156E306, 1.7976931348623156E306, 1.7976931348623156E306, 1.7976931348623156E306, 1.7976931348623156E306, 1.7976931348623156E306]
767	MoeSQLmosa	13	1	[2.0, 3.0, 3.0, 3.0, 3.0, 3.0, 3.0, 3.0, 3.0, 3.0, 2.0, 3.0, 2.0, 1.0, 0.0]
767	MOTGA	0	13	[0.0, 0.0, 0.0, 0.0, 0.0, 0.0, 0.0, 0.0, 0.0, 0.0, 0.0, 0.0, 0.0, 0.0, 0.0]
768	MoeSQLmosa	0	1	[0.0, 27.392789379404622]
768	MoeSQLmosa	1	1	[1.0, 0.0]
768	MOTGA	0	2	[0.0, 0.0]
769	MoeSQLmosa	0	1	[1.0, 2.0, 2.0, 0.0, 1.0, 2.0]
769	MoeSQLmosa	1	1	[1.0, 2.0, 2.0, 2.0, 1.0, 0.0]
769	MoeSQLmosa	2	1	[0.0, 1.0, 1.0, 1.0, 0.0, 1.0]
769	MoeSQLmosa	3	1	[43.61904761904762, 0.0, 1.0, 44.61904761904762, 43.61904761904762, 44.61904761904762]
769	MoeSQLmosa	4	1	[1.7976931348623156E306, 1.7976931348623156E306, 0.0, 1.7976931348623156E306, 1.7976931348623156E306, 1.7976931348623156E306]
769	MOTGA	0	5	[0.0, 0.0, 0.0, 0.0, 0.0, 0.0]
770	MoeSQLmosa	0	1	[0.0, 31.516738602565294]
770	MoeSQLmosa	1	1	[1.0, 0.0]
770	MOTGA	0	2	[0.0, 0.0]
771	MoeSQLmosa	0	1	[0.0, 1.0]
771	MoeSQLmosa	1	1	[33.5, 0.0]
771	MOTGA	0	2	[0.0, 0.0]
772	MoeSQLmosa	0	1	[11.040750266282183, 12.040750266282183, 12.040750266282183, 0.0, 1.0, 12.040750266282183, 12.040750266282183, 20.513912338128463]
772	MoeSQLmosa	1	1	[17.946356006170582, 0.0, 1.0, 18.946356006170582, 18.946356006170582, 18.946356006170582, 18.946356006170582, 61.22710997442455]
772	MoeSQLmosa	2	1	[21.02442528735632, 22.02442528735632, 22.02442528735632, 22.02442528735632, 22.02442528735632, 0.0, 1.0, 30.554981063337685]
772	MoeSQLmosa	3	1	[1.0, 2.0, 2.0, 2.0, 2.0, 2.0, 2.0, 0.0]
772	MoeSQLmosa	4	1	[0.0, 1.0, 1.0, 1.0, 1.0, 1.0, 1.0, 1.0]
772	MoeSQLmosa	5	1	[1.7976931348623156E306, 1.7976931348623156E306, 0.0, 1.7976931348623156E306, 1.7976931348623156E306, 1.7976931348623156E306, 1.7976931348623156E306, 1.7976931348623156E306]
772	MoeSQLmosa	6	1	[1.7976931348623156E306, 1.7976931348623156E306, 1.7976931348623156E306, 1.7976931348623156E306, 0.0, 1.7976931348623156E306, 1.7976931348623156E306, 1.7976931348623156E306]
772	MoeSQLmosa	7	1	[1.7976931348623156E306, 1.7976931348623156E306, 1.7976931348623156E306, 1.7976931348623156E306, 1.7976931348623156E306, 1.7976931348623156E306, 0.0, 1.7976931348623156E306]
772	MOTGA	0	8	[0.0, 0.0, 0.0, 0.0, 0.0, 0.0, 0.0, 0.0]
773	MoeSQLmosa	0	1	[0.0, 13.115873015873017]
773	MoeSQLmosa	1	1	[1.0, 0.0]
773	MOTGA	0	2	[0.0, 0.0]
774	MoeSQLmosa	0	1	[27.166666666666668, 28.166666666666668, 28.166666666666668, 66.93968253968254, 0.0, 1.0, 28.166666666666668, 28.166666666666668]
774	MoeSQLmosa	1	1	[30.097930651868264, 0.0, 1.0, 37.03489035882797, 31.097930651868264, 31.097930651868264, 31.097930651868264, 31.097930651868264]
774	MoeSQLmosa	2	1	[40.87450980392157, 41.87450980392157, 41.87450980392157, 72.69368715434892, 41.87450980392157, 41.87450980392157, 0.0, 1.0]
774	MoeSQLmosa	3	1	[0.0, 1.0, 1.0, 9.678571428571429, 1.0, 1.0, 1.0, 1.0]
774	MoeSQLmosa	4	1	[1.7976931348623156E306, 1.7976931348623156E306, 0.0, 1.7976931348623156E306, 1.7976931348623156E306, 1.7976931348623156E306, 1.7976931348623156E306, 1.7976931348623156E306]
774	MoeSQLmosa	5	1	[1.0, 2.0, 2.0, 0.0, 2.0, 2.0, 2.0, 2.0]
774	MoeSQLmosa	6	1	[1.7976931348623156E306, 1.7976931348623156E306, 1.7976931348623156E306, 1.7976931348623156E306, 1.7976931348623156E306, 0.0, 1.7976931348623156E306, 1.7976931348623156E306]
774	MoeSQLmosa	7	1	[1.7976931348623156E306, 1.7976931348623156E306, 1.7976931348623156E306, 1.7976931348623156E306, 1.7976931348623156E306, 1.7976931348623156E306, 1.7976931348623156E306, 0.0]
774	MOTGA	0	8	[0.0, 0.0, 0.0, 0.0, 0.0, 0.0, 0.0, 0.0]
775	MoeSQLmosa	0	1	[1.7976931348623156E306, 1.7976931348623156E306, 0.0, 1.7976931348623156E306, 1.7976931348623156E306, 1.7976931348623156E306]
775	MoeSQLmosa	1	1	[14.24673202614379, 15.24673202614379, 15.24673202614379, 0.0, 1.0, 45.57078861369109]
775	MoeSQLmosa	2	1	[41.38207238239367, 0.0, 1.0, 42.38207238239367, 42.38207238239367, 51.28063697569511]
775	MoeSQLmosa	3	1	[0.0, 1.0, 1.0, 1.0, 1.0, 13.138665413533836]
775	MoeSQLmosa	4	1	[1.0, 2.0, 2.0, 2.0, 2.0, 0.0]
775	MoeSQLmosa	5	1	[1.7976931348623156E306, 1.7976931348623156E306, 1.7976931348623156E306, 1.7976931348623156E306, 0.0, 1.7976931348623156E306]
775	MOTGA	0	6	[0.0, 0.0, 0.0, 0.0, 0.0, 0.0]
776	MoeSQLmosa	0	1	[35.84383152184016, 36.84383152184016, 36.84383152184016, 0.0, 1.0]
776	MoeSQLmosa	1	1	[1.7976931348623156E306, 1.7976931348623156E306, 1.7976931348623156E306, 1.7976931348623156E306, 0.0]
776	MoeSQLmosa	2	2	[0.0, 0.0, 1.0, 1.0, 1.0]
776	MoeSQLmosa	3	1	[1.7976931348623156E306, 1.7976931348623156E306, 0.0, 1.7976931348623156E306, 1.7976931348623156E306]
776	MOTGA	0	5	[0.0, 0.0, 0.0, 0.0, 0.0]
777	MoeSQLmosa	0	1	[4.543211476968283, 5.543211476968283, 5.543211476968283, 5.543211476968283, 5.543211476968283, 0.0, 1.0]
777	MoeSQLmosa	1	1	[1.7976931348623156E306, 1.7976931348623156E306, 0.0, 1.7976931348623156E306, 1.7976931348623156E306, 1.7976931348623156E306, 1.7976931348623156E306]
777	MoeSQLmosa	2	1	[20.583522727272726, 21.583522727272726, 21.583522727272726, 0.0, 1.0, 21.583522727272726, 21.583522727272726]
777	MoeSQLmosa	3	1	[0.0, 1.0, 1.0, 1.0, 1.0, 1.0, 1.0]
777	MoeSQLmosa	4	1	[14.659523984955017, 0.0, 1.0, 15.659523984955017, 15.659523984955017, 15.659523984955017, 15.659523984955017]
777	MoeSQLmosa	5	1	[1.7976931348623156E306, 1.7976931348623156E306, 1.7976931348623156E306, 1.7976931348623156E306, 1.7976931348623156E306, 1.7976931348623156E306, 0.0]
777	MoeSQLmosa	6	1	[1.7976931348623156E306, 1.7976931348623156E306, 1.7976931348623156E306, 1.7976931348623156E306, 0.0, 1.7976931348623156E306, 1.7976931348623156E306]
777	MOTGA	0	7	[0.0, 0.0, 0.0, 0.0, 0.0, 0.0, 0.0]
778	MoeSQLmosa	0	2	[0.0, 0.0]
778	MOTGA	0	2	[0.0, 0.0]
779	MoeSQLmosa	0	1	[6.639792663476874, 0.0, 1.0, 7.639792663476874, 7.639792663476874, 7.639792663476874, 7.639792663476874, 29.4327702223165]
779	MoeSQLmosa	1	1	[1.0, 2.0, 2.0, 2.0, 2.0, 2.0, 2.0, 0.0]
779	MoeSQLmosa	2	1	[13.566058554448645, 14.566058554448645, 14.566058554448645, 0.0, 1.0, 14.566058554448645, 14.566058554448645, 43.75937177717363]
779	MoeSQLmosa	3	1	[8.42401059778109, 9.42401059778109, 9.42401059778109, 9.42401059778109, 9.42401059778109, 0.0, 1.0, 17.056363538957562]
779	MoeSQLmosa	4	1	[0.0, 1.0, 1.0, 1.0, 1.0, 1.0, 1.0, 22.792977558839624]
779	MoeSQLmosa	5	1	[1.7976931348623156E306, 1.7976931348623156E306, 0.0, 1.7976931348623156E306, 1.7976931348623156E306, 1.7976931348623156E306, 1.7976931348623156E306, 1.7976931348623156E306]
779	MoeSQLmosa	6	1	[1.7976931348623156E306, 1.7976931348623156E306, 1.7976931348623156E306, 1.7976931348623156E306, 0.0, 1.7976931348623156E306, 1.7976931348623156E306, 1.7976931348623156E306]
779	MoeSQLmosa	7	1	[1.7976931348623156E306, 1.7976931348623156E306, 1.7976931348623156E306, 1.7976931348623156E306, 1.7976931348623156E306, 1.7976931348623156E306, 0.0, 1.7976931348623156E306]
779	MOTGA	0	8	[0.0, 0.0, 0.0, 0.0, 0.0, 0.0, 0.0, 0.0]
780	MoeSQLmosa	0	1	[1.0, 2.0, 2.0, 0.0, 1.0]
780	MoeSQLmosa	1	1	[0.0, 1.0, 1.0, 1.0, 0.0]
780	MoeSQLmosa	2	1	[32.65709617180205, 0.0, 1.0, 33.65709617180205, 32.65709617180205]
780	MoeSQLmosa	3	1	[1.7976931348623156E306, 1.7976931348623156E306, 0.0, 1.7976931348623156E306, 1.7976931348623156E306]
780	MOTGA	0	4	[0.0, 0.0, 0.0, 0.0, 0.0]
781	MoeSQLmosa	0	1	[35.66666666666667, 36.66666666666667, 36.66666666666667, 0.0, 1.0]
781	MoeSQLmosa	1	1	[19.97849704094486, 0.0, 1.0, 20.97849704094486, 20.97849704094486]
781	MoeSQLmosa	2	1	[0.0, 1.0, 1.0, 1.0, 1.0]
781	MoeSQLmosa	3	1	[1.7976931348623156E306, 1.7976931348623156E306, 1.7976931348623156E306, 1.7976931348623156E306, 0.0]
781	MoeSQLmosa	4	1	[1.7976931348623156E306, 1.7976931348623156E306, 0.0, 1.7976931348623156E306, 1.7976931348623156E306]
781	MOTGA	0	5	[0.0, 0.0, 0.0, 0.0, 0.0]
782	MoeSQLmosa	0	1	[32.71360640301318, 33.71360640301318, 33.71360640301318, 87.71360640301319, 33.71360640301318, 33.71360640301318, 0.0, 1.0, 33.71360640301318, 32.71360640301318, 33.71360640301318]
782	MoeSQLmosa	1	1	[1.7976931348623156E306, 1.7976931348623156E306, 1.7976931348623156E306, 0.0, 0.0, 1.0, 1.7976931348623156E306, 1.7976931348623156E306, 1.7976931348623156E306, 1.7976931348623156E306, 1.7976931348623156E306]
782	MoeSQLmosa	2	1	[32.85961675159383, 0.0, 1.0, 63.85961675159383, 33.85961675159383, 33.85961675159383, 33.85961675159383, 33.85961675159383, 33.85961675159383, 32.85961675159383, 33.85961675159383]
782	MoeSQLmosa	3	1	[1.7976931348623156E306, 1.7976931348623156E306, 0.0, 1.7976931348623156E306, 1.7976931348623156E306, 1.7976931348623156E306, 1.7976931348623156E306, 1.7976931348623156E306, 1.7976931348623156E306, 1.7976931348623156E306, 1.7976931348623156E306]
782	MoeSQLmosa	4	1	[1.7976931348623156E306, 1.7976931348623156E306, 1.7976931348623156E306, 0.0, 1.0, 0.0, 1.7976931348623156E306, 1.7976931348623156E306, 1.7976931348623156E306, 1.7976931348623156E306, 1.7976931348623156E306]
782	MoeSQLmosa	5	1	[0.0, 1.0, 1.0, 31.0, 1.0, 1.0, 1.0, 1.0, 1.0, 0.0, 1.0]
782	MoeSQLmosa	6	1	[1.7976931348623156E306, 1.7976931348623156E306, 1.7976931348623156E306, 1.7976931348623156E306, 1.7976931348623156E306, 1.7976931348623156E306, 1.7976931348623156E306, 0.0, 1.7976931348623156E306, 1.7976931348623156E306, 1.7976931348623156E306]
782	MoeSQLmosa	7	1	[1.0, 2.0, 2.0, 12.0, 2.0, 2.0, 2.0, 2.0, 0.0, 1.0, 2.0]
782	MoeSQLmosa	8	1	[1.0, 2.0, 2.0, 32.0, 2.0, 2.0, 2.0, 2.0, 2.0, 1.0, 0.0]
782	MOTGA	0	9	[0.0, 0.0, 0.0, 0.0, 0.0, 0.0, 0.0, 0.0, 0.0, 0.0, 0.0]
783	MoeSQLmosa	0	1	[1.0, 0.0, 1.0, 0.0, 1.0, 1.0]
783	MoeSQLmosa	1	1	[0.0, 1.0, 2.0, 1.0, 2.0, 2.0]
783	MoeSQLmosa	2	1	[1.7976931348623156E306, 1.7976931348623156E306, 1.7976931348623156E306, 1.7976931348623156E306, 1.7976931348623156E306, 0.0]
783	MoeSQLmosa	3	1	[2.0, 1.0, 0.0, 1.0, 2.0, 2.0]
783	MoeSQLmosa	4	1	[37.88289345063538, 36.88289345063538, 37.88289345063538, 36.88289345063538, 0.0, 1.0]
783	MOTGA	0	5	[0.0, 0.0, 0.0, 0.0, 0.0, 0.0]
784	MoeSQLmosa	0	2	[0.0, 0.0]
784	MOTGA	0	2	[0.0, 0.0]
785	MoeSQLmosa	0	1	[3.0, 2.0, 1.0, 1.0, 0.0, 1.0]
785	MoeSQLmosa	1	1	[97.0, 96.0, 95.0, 2.0, 1.0, 0.0]
785	MoeSQLmosa	2	1	[2.0, 1.0, 0.0, 795.0, 796.0, 797.0]
785	MoeSQLmosa	3	1	[0.0, 1.0, 2.0, 660.0, 661.0, 662.0]
785	MoeSQLmosa	4	1	[1.0, 0.0, 1.0, 941.0, 942.0, 943.0]
785	MoeSQLmosa	5	1	[981.0, 980.0, 979.0, 0.0, 1.0, 2.0]
785	MOTGA	0	5	[0.0, 0.0, 0.0, 0.0, 0.0, 0.0]
786	MoeSQLmosa	0	1	[13.266666666666666, 14.266666666666666, 14.266666666666666, 0.0, 1.0]
786	MoeSQLmosa	1	1	[1.7976931348623156E306, 1.7976931348623156E306, 1.7976931348623156E306, 1.7976931348623156E306, 0.0]
786	MoeSQLmosa	2	1	[13.266666666666666, 0.0, 1.0, 14.266666666666666, 14.266666666666666]
786	MoeSQLmosa	3	1	[0.0, 1.0, 1.0, 1.0, 1.0]
786	MoeSQLmosa	4	1	[1.7976931348623156E306, 1.7976931348623156E306, 0.0, 1.7976931348623156E306, 1.7976931348623156E306]
786	MOTGA	0	5	[0.0, 0.0, 0.0, 0.0, 0.0]
787	MoeSQLmosa	0	1	[1.0, 0.0, 1.0]
787	MoeSQLmosa	1	1	[0.0, 31.904139433551197, 1.0]
787	MoeSQLmosa	2	1	[1.7976931348623156E306, 1.7976931348623156E306, 0.0]
787	MOTGA	0	3	[0.0, 0.0, 0.0]
790	MoeSQLmosa	0	2	[0.0, 0.0]
790	MOTGA	0	2	[0.0, 0.0]
791	MoeSQLmosa	0	1	[13.266666666666666, 0.0, 1.0, 14.266666666666666, 14.266666666666666]
791	MoeSQLmosa	1	1	[23.510661172681637, 24.510661172681637, 24.510661172681637, 0.0, 1.0]
791	MoeSQLmosa	2	1	[0.0, 1.0, 1.0, 1.0, 1.0]
791	MoeSQLmosa	3	1	[1.7976931348623156E306, 1.7976931348623156E306, 0.0, 1.7976931348623156E306, 1.7976931348623156E306]
791	MoeSQLmosa	4	1	[1.7976931348623156E306, 1.7976931348623156E306, 1.7976931348623156E306, 1.7976931348623156E306, 0.0]
791	MOTGA	0	5	[0.0, 0.0, 0.0, 0.0, 0.0]
792	MoeSQLmosa	0	1	[1.0, 0.0]
792	MoeSQLmosa	1	1	[0.0, 28.584343434343435]
792	MOTGA	0	2	[0.0, 0.0]
793	MoeSQLmosa	0	1	[40.19794381787803, 0.0, 1.0, 41.19794381787803, 41.19794381787803, 41.19794381787803, 41.19794381787803]
793	MoeSQLmosa	1	1	[1.7976931348623156E306, 1.7976931348623156E306, 0.0, 1.7976931348623156E306, 1.7976931348623156E306, 1.7976931348623156E306, 1.7976931348623156E306]
793	MoeSQLmosa	2	1	[0.0, 1.0, 1.0, 1.0, 1.0, 1.0, 1.0]
793	MoeSQLmosa	3	1	[14.875, 15.875, 15.875, 15.875, 15.875, 0.0, 1.0]
793	MoeSQLmosa	4	1	[5.920556665297198, 6.920556665297198, 6.920556665297198, 0.0, 1.0, 6.920556665297198, 6.920556665297198]
793	MoeSQLmosa	5	1	[1.7976931348623156E306, 1.7976931348623156E306, 1.7976931348623156E306, 1.7976931348623156E306, 0.0, 1.7976931348623156E306, 1.7976931348623156E306]
793	MoeSQLmosa	6	1	[1.7976931348623156E306, 1.7976931348623156E306, 1.7976931348623156E306, 1.7976931348623156E306, 1.7976931348623156E306, 1.7976931348623156E306, 0.0]
793	MOTGA	0	7	[0.0, 0.0, 0.0, 0.0, 0.0, 0.0, 0.0]
794	MoeSQLmosa	0	1	[29.69214154356355, 30.69214154356355, 30.69214154356355, 0.0, 1.0, 30.69214154356355, 29.69214154356355, 30.69214154356355, 77.69214154356355, 30.69214154356355, 111.69214154356355, 30.69214154356355]
794	MoeSQLmosa	1	1	[1.7976931348623156E306, 1.7976931348623156E306, 1.7976931348623156E306, 1.7976931348623156E306, 0.0, 1.7976931348623156E306, 1.7976931348623156E306, 1.7976931348623156E306, 1.7976931348623156E306, 1.7976931348623156E306, 1.7976931348623156E306, 1.7976931348623156E306]
794	MoeSQLmosa	2	1	[29.0, 30.0, 30.0, 30.0, 30.0, 30.0, 29.0, 30.0, 0.0, 1.0, 85.0, 30.0]
794	MoeSQLmosa	3	1	[38.178694284731435, 0.0, 1.0, 39.178694284731435, 39.178694284731435, 39.178694284731435, 38.178694284731435, 39.178694284731435, 89.17869428473144, 39.178694284731435, 103.17869428473144, 39.178694284731435]
794	MoeSQLmosa	4	1	[39.0, 40.0, 40.0, 40.0, 40.0, 40.0, 39.0, 40.0, 90.0, 40.0, 0.0, 1.0]
794	MoeSQLmosa	5	1	[1.7976931348623156E306, 1.7976931348623156E306, 1.7976931348623156E306, 1.7976931348623156E306, 1.7976931348623156E306, 1.7976931348623156E306, 1.7976931348623156E306, 1.7976931348623156E306, 1.7976931348623156E306, 0.0, 1.7976931348623156E306, 1.7976931348623156E306]
794	MoeSQLmosa	6	1	[0.0, 1.0, 1.0, 1.0, 1.0, 1.0, 0.0, 1.0, 30.0, 1.0, 74.0, 1.0]
794	MoeSQLmosa	7	1	[1.0, 2.0, 2.0, 2.0, 2.0, 0.0, 1.0, 2.0, 62.0, 2.0, 47.0, 2.0]
794	MoeSQLmosa	8	1	[1.7976931348623156E306, 1.7976931348623156E306, 1.7976931348623156E306, 1.7976931348623156E306, 1.7976931348623156E306, 1.7976931348623156E306, 1.7976931348623156E306, 1.7976931348623156E306, 1.7976931348623156E306, 1.7976931348623156E306, 1.7976931348623156E306, 0.0]
794	MoeSQLmosa	9	1	[1.0, 2.0, 2.0, 2.0, 2.0, 2.0, 1.0, 0.0, 31.0, 2.0, 80.0, 2.0]
794	MoeSQLmosa	10	1	[1.7976931348623156E306, 1.7976931348623156E306, 0.0, 1.7976931348623156E306, 1.7976931348623156E306, 1.7976931348623156E306, 1.7976931348623156E306, 1.7976931348623156E306, 1.7976931348623156E306, 1.7976931348623156E306, 1.7976931348623156E306, 1.7976931348623156E306]
794	MOTGA	0	11	[0.0, 0.0, 0.0, 0.0, 0.0, 0.0, 0.0, 0.0, 0.0, 0.0, 0.0, 0.0]
795	MoeSQLmosa	0	1	[1.0, 0.0, 1.0, 0.0, 1.0, 1.0]
795	MoeSQLmosa	1	1	[18.204875550254723, 17.204875550254723, 18.204875550254723, 17.204875550254723, 0.0, 1.0]
795	MoeSQLmosa	2	1	[2.0, 1.0, 0.0, 1.0, 2.0, 2.0]
795	MoeSQLmosa	3	1	[0.0, 1.0, 2.0, 1.0, 2.0, 2.0]
795	MoeSQLmosa	4	1	[1.7976931348623156E306, 1.7976931348623156E306, 1.7976931348623156E306, 1.7976931348623156E306, 1.7976931348623156E306, 0.0]
795	MOTGA	0	5	[0.0, 0.0, 0.0, 0.0, 0.0, 0.0]
797	MoeSQLmosa	0	1	[1.0, 2.0, 0.0, 1.0, 2.0]
797	MoeSQLmosa	1	1	[1.0, 2.0, 2.0, 1.0, 0.0]
797	MoeSQLmosa	2	2	[0.0, 0.0, 1.0, 0.0, 1.0]
797	MOTGA	0	4	[0.0, 0.0, 0.0, 0.0, 0.0]
798	MoeSQLmosa	0	2	[0.0, 1.0, 0.0]
798	MoeSQLmosa	1	1	[1.0, 0.0, 1.0]
798	MOTGA	0	3	[0.0, 0.0, 0.0]
799	MoeSQLmosa	0	1	[0.0, 45.47820512820513, 1.0, 462.0, 461.0, 460.0, 99.0, 98.0, 97.0]
799	MoeSQLmosa	1	1	[1.0, 0.0, 1.0, 3.0, 2.0, 1.0, 101.0, 100.0, 99.0]
799	MoeSQLmosa	2	2	[0.0, 9.051623089554123, 1.0, 2.0, 1.0, 0.0, 1.0, 0.0, 1.0]
799	MoeSQLmosa	3	1	[1.7976931348623156E306, 1.7976931348623156E306, 0.0, 1.7976931348623156E306, 1.7976931348623156E306, 1.7976931348623156E306, 1.7976931348623156E306, 1.7976931348623156E306, 1.7976931348623156E306]
799	MoeSQLmosa	4	1	[1.0, 10.993734608141388, 2.0, 1.0, 0.0, 1.0, 241.405, 240.405, 239.405]
799	MoeSQLmosa	5	1	[2.0, 45.668796992481205, 3.0, 0.0, 1.0, 2.0, 101.0, 100.0, 99.0]
799	MoeSQLmosa	6	1	[2.0, 26.344444444444445, 3.0, 935.0, 934.0, 933.0, 0.0, 1.0, 2.0]
799	MoeSQLmosa	7	1	[0.0, 23.344444444444445, 1.0, 2.0, 1.0, 0.0, 2.0, 1.0, 0.0]
799	MOTGA	0	7	[0.0, 0.0, 0.0, 0.0, 0.0, 0.0, 0.0, 0.0, 0.0]
800	MoeSQLmosa	0	1	[1.0, 0.0]
800	MoeSQLmosa	1	1	[0.0, 23.153984495896257]
800	MOTGA	0	2	[0.0, 0.0]
801	MoeSQLmosa	0	1	[0.0, 18.64076483944905, 1.0]
801	MoeSQLmosa	1	1	[1.0, 0.0, 1.0]
801	MoeSQLmosa	2	1	[1.7976931348623156E306, 1.7976931348623156E306, 0.0]
801	MOTGA	0	3	[0.0, 0.0, 0.0]
802	MoeSQLmosa	0	2	[0.0, 0.0]
802	MOTGA	0	2	[0.0, 0.0]
803	MoeSQLmosa	0	2	[34.71895250513671, 35.71895250513671, 35.71895250513671, 35.71895250513671, 0.0, 1.0, 34.71895250513671, 1.7976931348623156E306, 1.7976931348623156E306]
803	MoeSQLmosa	1	2	[8.086594202898553, 0.0, 1.0, 9.086594202898553, 9.086594202898553, 9.086594202898553, 8.086594202898553, 1.7976931348623156E306, 1.7976931348623156E306]
803	MoeSQLmosa	2	2	[0.0, 1.0, 1.0, 1.0, 1.0, 1.0, 0.0, 1.7976931348623156E306, 1.7976931348623156E306]
803	MoeSQLmosa	3	2	[1.7976931348623156E306, 1.7976931348623156E306, 0.0, 1.7976931348623156E306, 1.7976931348623156E306, 1.7976931348623156E306, 1.7976931348623156E306, 3.595386269724631E306, 3.595386269724631E306]
803	MoeSQLmosa	4	2	[1.0, 2.0, 2.0, 0.0, 2.0, 2.0, 1.7976931348623156E306, 1.0, 1.7976931348623156E306]
803	MoeSQLmosa	5	2	[0.0, 1.0, 1.0, 1.0, 1.0, 1.0, 1.7976931348623156E306, 0.0, 1.7976931348623156E306]
803	MoeSQLmosa	6	2	[1.7976931348623156E306, 1.7976931348623156E306, 1.7976931348623156E306, 1.7976931348623156E306, 1.7976931348623156E306, 0.0, 1.7976931348623156E306, 3.595386269724631E306, 3.595386269724631E306]
803	MoeSQLmosa	7	2	[0.0, 1.0, 1.0, 1.0, 1.0, 1.0, 1.7976931348623156E306, 1.7976931348623156E306, 0.0]
803	MOTGA	0	7	[0.0, 0.0, 0.0, 1.0, 0.0, 0.0, 0.0, 1.7976931348623156E306, 0.0]
803	MOTGA	1	4	[0.0, 1.0, 1.0, 0.0, 1.0, 1.0, 0.0, 0.0, 1.7976931348623156E306]
804	MoeSQLmosa	0	2	[1.0, 0.0, 1.0, 2.0, 1.0, 0.0]
804	MoeSQLmosa	1	1	[0.0, 1.0, 1.0, 1.0, 0.0, 1.0]
804	MoeSQLmosa	2	1	[1.7976931348623156E306, 1.7976931348623156E306, 0.0, 1.7976931348623156E306, 1.7976931348623156E306, 1.7976931348623156E306]
804	MoeSQLmosa	3	1	[1.0, 2.0, 2.0, 0.0, 1.0, 2.0]
804	MOTGA	0	5	[0.0, 0.0, 0.0, 0.0, 0.0, 0.0]
805	MoeSQLmosa	0	1	[1.0, 0.0]
805	MoeSQLmosa	1	1	[0.0, 25.379591836734694]
805	MOTGA	0	2	[0.0, 0.0]
806	MoeSQLmosa	0	1	[0.0, 19.652877591110943]
806	MoeSQLmosa	1	1	[1.0, 0.0]
806	MOTGA	0	2	[0.0, 0.0]
808	MoeSQLmosa	0	2	[0.0, 0.0]
808	MOTGA	0	2	[0.0, 0.0]
809	MoeSQLmosa	0	3	[0.0]
809	MOTGA	0	3	[0.0]
810	MoeSQLmosa	0	1	[1.0, 0.0]
810	MoeSQLmosa	1	1	[0.0, 18.87992514610047]
810	MOTGA	0	2	[0.0, 0.0]
812	MoeSQLmosa	0	1	[46.01262626262627, 47.01262626262627, 47.01262626262627, 0.0, 1.0]
812	MoeSQLmosa	1	1	[1.7976931348623156E306, 1.7976931348623156E306, 0.0, 1.7976931348623156E306, 1.7976931348623156E306]
812	MoeSQLmosa	2	1	[15.095958255664138, 0.0, 1.0, 16.095958255664137, 16.095958255664137]
812	MoeSQLmosa	3	1	[0.0, 1.0, 1.0, 1.0, 1.0]
812	MoeSQLmosa	4	1	[1.7976931348623156E306, 1.7976931348623156E306, 1.7976931348623156E306, 1.7976931348623156E306, 0.0]
812	MOTGA	0	5	[0.0, 0.0, 0.0, 0.0, 0.0]
813	MoeSQLmosa	0	2	[0.0, 0.0, 1.0]
813	MoeSQLmosa	1	1	[1.7976931348623156E306, 1.7976931348623156E306, 0.0]
813	MOTGA	0	3	[0.0, 0.0, 0.0]
814	MoeSQLmosa	0	1	[10.044242814242814, 11.044242814242814, 11.044242814242814, 11.044242814242814, 11.044242814242814, 0.0, 1.0]
814	MoeSQLmosa	1	1	[29.88974358974359, 30.88974358974359, 30.88974358974359, 0.0, 1.0, 30.88974358974359, 30.88974358974359]
814	MoeSQLmosa	2	1	[1.7976931348623156E306, 1.7976931348623156E306, 1.7976931348623156E306, 1.7976931348623156E306, 1.7976931348623156E306, 1.7976931348623156E306, 0.0]
814	MoeSQLmosa	3	1	[6.870833333333334, 0.0, 1.0, 7.870833333333334, 7.870833333333334, 7.870833333333334, 7.870833333333334]
814	MoeSQLmosa	4	1	[0.0, 1.0, 1.0, 1.0, 1.0, 1.0, 1.0]
814	MoeSQLmosa	5	1	[1.7976931348623156E306, 1.7976931348623156E306, 0.0, 1.7976931348623156E306, 1.7976931348623156E306, 1.7976931348623156E306, 1.7976931348623156E306]
814	MoeSQLmosa	6	1	[1.7976931348623156E306, 1.7976931348623156E306, 1.7976931348623156E306, 1.7976931348623156E306, 0.0, 1.7976931348623156E306, 1.7976931348623156E306]
814	MOTGA	0	7	[0.0, 0.0, 0.0, 0.0, 0.0, 0.0, 0.0]
815	MoeSQLmosa	0	1	[14.707578591335395, 15.707578591335395, 15.707578591335395, 0.0, 1.0]
815	MoeSQLmosa	1	1	[14.707578591335395, 0.0, 1.0, 15.707578591335395, 15.707578591335395]
815	MoeSQLmosa	2	1	[0.0, 1.0, 1.0, 1.0, 1.0]
815	MoeSQLmosa	3	1	[1.7976931348623156E306, 1.7976931348623156E306, 0.0, 1.7976931348623156E306, 1.7976931348623156E306]
815	MoeSQLmosa	4	1	[1.7976931348623156E306, 1.7976931348623156E306, 1.7976931348623156E306, 1.7976931348623156E306, 0.0]
815	MOTGA	0	5	[0.0, 0.0, 0.0, 0.0, 0.0]
816	MoeSQLmosa	0	2	[20.723492827755024, 21.723492827755024, 21.723492827755024, 82.72349282775502, 21.723492827755024, 0.0, 1.0, 21.723492827755024, 21.723492827755024, 21.723492827755024, 20.723492827755024, 21.723492827755024, 21.723492827755024, 1.7976931348623156E306, 1.7976931348623156E306, 1.7976931348623156E306, 1.7976931348623156E306, 1.7976931348623156E306, 1.7976931348623156E306, 20.723492827755024, 1.7976931348623156E306, 1.7976931348623156E306, 3.0, 3.0]
816	MoeSQLmosa	1	2	[14.524677985948477, 15.524677985948477, 15.524677985948477, 73.52467798594847, 15.524677985948477, 15.524677985948477, 15.524677985948477, 0.0, 1.0, 15.524677985948477, 14.524677985948477, 15.524677985948477, 15.524677985948477, 1.7976931348623156E306, 1.7976931348623156E306, 1.7976931348623156E306, 1.7976931348623156E306, 1.7976931348623156E306, 1.7976931348623156E306, 14.524677985948477, 1.7976931348623156E306, 1.7976931348623156E306, 3.0, 3.0]
816	MoeSQLmosa	2	2	[38.0, 39.0, 39.0, 0.0, 1.0, 39.0, 39.0, 39.0, 39.0, 39.0, 38.0, 39.0, 39.0, 1.7976931348623156E306, 1.7976931348623156E306, 1.7976931348623156E306, 1.7976931348623156E306, 1.7976931348623156E306, 1.7976931348623156E306, 38.0, 1.7976931348623156E306, 1.7976931348623156E306, 3.0, 3.0]
816	MoeSQLmosa	3	2	[0.0, 1.0, 1.0, 29.0, 1.0, 1.0, 1.0, 1.0, 1.0, 1.0, 0.0, 1.0, 1.0, 1.7976931348623156E306, 1.7976931348623156E306, 1.7976931348623156E306, 1.7976931348623156E306, 1.7976931348623156E306, 1.7976931348623156E306, 0.0, 1.7976931348623156E306, 1.7976931348623156E306, 2.0, 2.0]
816	MoeSQLmosa	4	2	[1.7976931348623156E306, 1.7976931348623156E306, 1.7976931348623156E306, 1.7976931348623156E306, 1.7976931348623156E306, 1.7976931348623156E306, 1.7976931348623156E306, 1.7976931348623156E306, 1.7976931348623156E306, 1.7976931348623156E306, 1.7976931348623156E306, 1.7976931348623156E306, 0.0, 1.7976931348623156E306, 1.7976931348623156E306, 1.7976931348623156E306, 1.7976931348623156E306, 1.7976931348623156E306, 1.7976931348623156E306, 1.7976931348623156E306, 1.7976931348623156E306, 1.7976931348623156E306, 3.0, 3.0]
816	MoeSQLmosa	5	2	[1.7976931348623156E306, 1.7976931348623156E306, 1.7976931348623156E306, 1.7976931348623156E306, 1.7976931348623156E306, 1.7976931348623156E306, 0.0, 1.7976931348623156E306, 1.7976931348623156E306, 1.7976931348623156E306, 1.7976931348623156E306, 1.7976931348623156E306, 1.7976931348623156E306, 3.595386269724631E306, 3.595386269724631E306, 3.595386269724631E306, 3.595386269724631E306, 3.595386269724631E306, 3.595386269724631E306, 1.7976931348623156E306, 3.595386269724631E306, 3.595386269724631E306, 3.0, 3.0]
816	MoeSQLmosa	6	2	[0.8571428571428571, 0.0, 1.0, 38.857142857142854, 1.8571428571428572, 1.8571428571428572, 1.8571428571428572, 1.8571428571428572, 1.8571428571428572, 1.8571428571428572, 0.8571428571428571, 1.8571428571428572, 1.8571428571428572, 1.7976931348623156E306, 0.8571428571428571, 1.7976931348623156E306, 1.7976931348623156E306, 1.7976931348623156E306, 1.7976931348623156E306, 0.8571428571428571, 1.7976931348623156E306, 1.7976931348623156E306, 3.0, 3.0]
816	MoeSQLmosa	7	2	[1.7976931348623156E306, 1.7976931348623156E306, 1.7976931348623156E306, 1.7976931348623156E306, 1.7976931348623156E306, 1.7976931348623156E306, 1.7976931348623156E306, 1.7976931348623156E306, 1.7976931348623156E306, 1.7976931348623156E306, 1.7976931348623156E306, 1.7976931348623156E306, 84.13759992898623, 1.7976931348623156E306, 1.7976931348623156E306, 1.7976931348623156E306, 1.7976931348623156E306, 1.7976931348623156E306, 1.7976931348623156E306, 1.7976931348623156E306, 84.13759992898623, 1.7976931348623156E306, 3.0, 3.0]
816	MoeSQLmosa	8	2	[85.06335868371009, 57.23898938256061, 58.23898938256061, 130.0633586837101, 86.06335868371009, 57.23898938256061, 58.23898938256061, 56.64873860229897, 57.64873860229897, 86.06335868371009, 85.06335868371009, 84.06335868371009, 86.06335868371009, 1.7976931348623156E306, 1.7976931348623156E306, 1.7976931348623156E306, 1.7976931348623156E306, 1.7976931348623156E306, 85.06335868371009, 85.06335868371009, 1.7976931348623156E306, 1.7976931348623156E306, 3.0, 3.0]
816	MoeSQLmosa	9	2	[1.0, 2.0, 2.0, 30.0, 2.0, 2.0, 2.0, 2.0, 2.0, 2.0, 1.0, 0.0, 2.0, 1.7976931348623156E306, 1.7976931348623156E306, 1.7976931348623156E306, 1.7976931348623156E306, 1.7976931348623156E306, 1.7976931348623156E306, 1.0, 1.7976931348623156E306, 1.7976931348623156E306, 3.0, 3.0]
816	MoeSQLmosa	10	2	[1.7976931348623156E306, 1.7976931348623156E306, 1.7976931348623156E306, 1.7976931348623156E306, 0.0, 1.7976931348623156E306, 1.7976931348623156E306, 1.7976931348623156E306, 1.7976931348623156E306, 1.7976931348623156E306, 1.7976931348623156E306, 1.7976931348623156E306, 1.7976931348623156E306, 3.595386269724631E306, 3.595386269724631E306, 3.595386269724631E306, 3.595386269724631E306, 3.595386269724631E306, 3.595386269724631E306, 1.7976931348623156E306, 3.595386269724631E306, 3.595386269724631E306, 3.0, 3.0]
816	MoeSQLmosa	11	2	[1.7976931348623156E306, 1.7976931348623156E306, 1.7976931348623156E306, 1.7976931348623156E306, 1.7976931348623156E306, 1.7976931348623156E306, 1.7976931348623156E306, 1.7976931348623156E306, 1.7976931348623156E306, 1.7976931348623156E306, 1.7976931348623156E306, 1.7976931348623156E306, 78.0208543101234, 1.7976931348623156E306, 1.7976931348623156E306, 1.7976931348623156E306, 1.7976931348623156E306, 1.7976931348623156E306, 1.7976931348623156E306, 1.7976931348623156E306, 78.0208543101234, 1.7976931348623156E306, 3.0, 3.0]
816	MoeSQLmosa	12	2	[1.7976931348623156E306, 1.7976931348623156E306, 0.0, 1.7976931348623156E306, 1.7976931348623156E306, 1.7976931348623156E306, 1.7976931348623156E306, 1.7976931348623156E306, 1.7976931348623156E306, 1.7976931348623156E306, 1.7976931348623156E306, 1.7976931348623156E306, 1.7976931348623156E306, 3.595386269724631E306, 3.595386269724631E306, 3.595386269724631E306, 3.595386269724631E306, 1.7976931348623156E306, 3.595386269724631E306, 1.7976931348623156E306, 3.595386269724631E306, 3.595386269724631E306, 3.0, 3.0]
816	MoeSQLmosa	13	2	[1.7976931348623156E306, 1.7976931348623156E306, 1.7976931348623156E306, 1.7976931348623156E306, 1.7976931348623156E306, 1.7976931348623156E306, 1.7976931348623156E306, 1.7976931348623156E306, 1.7976931348623156E306, 1.7976931348623156E306, 1.7976931348623156E306, 1.7976931348623156E306, 99.48535508042069, 1.7976931348623156E306, 1.7976931348623156E306, 1.7976931348623156E306, 1.7976931348623156E306, 1.7976931348623156E306, 1.7976931348623156E306, 1.7976931348623156E306, 99.48535508042069, 1.7976931348623156E306, 3.0, 3.0]
816	MoeSQLmosa	14	2	[1.7976931348623156E306, 1.7976931348623156E306, 1.7976931348623156E306, 1.7976931348623156E306, 1.7976931348623156E306, 1.7976931348623156E306, 1.7976931348623156E306, 1.7976931348623156E306, 1.7976931348623156E306, 1.7976931348623156E306, 1.7976931348623156E306, 1.7976931348623156E306, 0.0, 1.7976931348623156E306, 1.7976931348623156E306, 1.7976931348623156E306, 1.7976931348623156E306, 1.7976931348623156E306, 1.7976931348623156E306, 1.7976931348623156E306, 0.0, 1.7976931348623156E306, 3.0, 3.0]
816	MoeSQLmosa	15	2	[1.0, 2.0, 2.0, 30.0, 2.0, 2.0, 2.0, 2.0, 2.0, 0.0, 1.0, 2.0, 2.0, 1.7976931348623156E306, 1.7976931348623156E306, 1.7976931348623156E306, 1.7976931348623156E306, 1.7976931348623156E306, 1.7976931348623156E306, 1.0, 1.7976931348623156E306, 1.7976931348623156E306, 3.0, 3.0]
816	MoeSQLmosa	16	2	[1.7976931348623156E306, 1.7976931348623156E306, 1.7976931348623156E306, 1.7976931348623156E306, 1.7976931348623156E306, 1.7976931348623156E306, 1.7976931348623156E306, 1.7976931348623156E306, 1.7976931348623156E306, 1.7976931348623156E306, 1.7976931348623156E306, 1.7976931348623156E306, 0.0, 1.7976931348623156E306, 1.7976931348623156E306, 1.7976931348623156E306, 1.7976931348623156E306, 1.7976931348623156E306, 1.7976931348623156E306, 1.7976931348623156E306, 1.7976931348623156E306, 1.7976931348623156E306, 3.0, 3.0]
816	MoeSQLmosa	17	2	[0.0, 1.0, 1.0, 19.0, 1.0, 1.0, 1.0, 1.0, 1.0, 1.0, 0.0, 1.0, 1.0, 1.7976931348623156E306, 0.0, 1.7976931348623156E306, 1.7976931348623156E306, 1.7976931348623156E306, 1.7976931348623156E306, 0.0, 1.7976931348623156E306, 1.7976931348623156E306, 2.0, 2.0]
816	MoeSQLmosa	18	2	[1.7976931348623156E306, 1.7976931348623156E306, 1.7976931348623156E306, 1.7976931348623156E306, 1.7976931348623156E306, 1.7976931348623156E306, 1.7976931348623156E306, 1.7976931348623156E306, 0.0, 1.7976931348623156E306, 1.7976931348623156E306, 1.7976931348623156E306, 1.7976931348623156E306, 3.595386269724631E306, 3.595386269724631E306, 3.595386269724631E306, 3.595386269724631E306, 3.595386269724631E306, 3.595386269724631E306, 1.7976931348623156E306, 3.595386269724631E306, 3.595386269724631E306, 3.0, 3.0]
816	MoeSQLmosa	19	5	[0.0, 1.0, 1.0, 29.0, 1.0, 1.0, 1.0, 1.0, 1.0, 1.0, 0.0, 1.0, 1.0, 0.0, 1.7976931348623156E306, 1.7976931348623156E306, 1.7976931348623156E306, 1.7976931348623156E306, 1.7976931348623156E306, 0.0, 0.0, 1.7976931348623156E306, 0.0, 0.0]
816	MOTGA	0	9	[0.8571428571428571, 0.0, 0.0, 0.0, 0.0, 0.0, 0.0, 0.0, 1.0, 1.8571428571428572, 0.8571428571428571, 0.0, 1.8571428571428572, 1.7976931348623156E306, 0.8571428571428571, 1.7976931348623156E306, 1.7976931348623156E306, 1.7976931348623156E306, 1.7976931348623156E306, 0.8571428571428571, 1.7976931348623156E306, 1.7976931348623156E306, 3.0, 3.0]
816	MOTGA	1	10	[0.0, 1.0, 1.0, 19.0, 1.0, 1.0, 1.0, 1.0, 0.0, 0.0, 0.0, 1.0, 0.0, 0.0, 0.0, 1.7976931348623156E306, 1.7976931348623156E306, 1.7976931348623156E306, 1.7976931348623156E306, 0.0, 0.0, 1.7976931348623156E306, 0.0, 0.0]
818	MoeSQLmosa	0	2	[0.0, 0.0]
818	MOTGA	0	2	[0.0, 0.0]
819	MoeSQLmosa	0	1	[1.0, 0.0]
819	MoeSQLmosa	1	1	[0.0, 26.807539682539684]
819	MOTGA	0	2	[0.0, 0.0]
820	MoeSQLmosa	0	1	[1.0, 0.0]
820	MoeSQLmosa	1	1	[0.0, 30.354884004884006]
820	MOTGA	0	2	[0.0, 0.0]
821	MoeSQLmosa	0	1	[35.0, 36.0, 36.0, 0.0, 1.0, 72.0, 41.0, 42.0, 103.0, 47.0, 53.0, 66.0, 41.0, 35.0, 65.0, 36.0, 41.0, 36.0, 76.0, 46.0, 71.0, 96.0, 60.229166666666664]
821	MoeSQLmosa	1	1	[1.7976931348623156E306, 1.7976931348623156E306, 1.7976931348623156E306, 1.7976931348623156E306, 0.0, 1.7976931348623156E306, 1.7976931348623156E306, 1.7976931348623156E306, 1.7976931348623156E306, 1.7976931348623156E306, 1.7976931348623156E306, 1.7976931348623156E306, 1.7976931348623156E306, 1.7976931348623156E306, 1.7976931348623156E306, 1.7976931348623156E306, 1.7976931348623156E306, 1.7976931348623156E306, 1.7976931348623156E306, 1.7976931348623156E306, 1.7976931348623156E306, 1.7976931348623156E306, 1.7976931348623156E306]
821	MoeSQLmosa	2	1	[24.0, 25.0, 25.0, 25.0, 25.0, 87.0, 172.0, 25.0, 0.0, 24.0, 48.0, 1.0, 0.0, 86.0, 0.0, 1.0, 110.0, 87.0, 108.0, 23.0, 85.0, 86.0, 28.236363636363635]
821	MoeSQLmosa	3	1	[0.0, 1.0, 1.0, 1.0, 1.0, 140.0, 63.0, 64.0, 217.0, 128.0, 191.0, 77.0, 63.0, 0.0, 76.0, 1.0, 63.0, 1.0, 203.0, 127.0, 139.0, 153.0, 4.2287878787878785]
821	MoeSQLmosa	4	1	[1.0, 0.0, 1.0, 2.0, 2.0, 141.0, 64.0, 65.0, 218.0, 129.0, 192.0, 78.0, 64.0, 1.0, 77.0, 2.0, 64.0, 2.0, 204.0, 128.0, 140.0, 154.0, 5.4787878787878785]
821	MoeSQLmosa	5	1	[1.7976931348623156E306, 1.7976931348623156E306, 1.7976931348623156E306, 1.7976931348623156E306, 1.7976931348623156E306, 1.7976931348623156E306, 1.7976931348623156E306, 0.0, 1.7976931348623156E306, 1.7976931348623156E306, 1.7976931348623156E306, 5.393079404586947E306, 1.7976931348623156E306, 3.595386269724631E306, 3.595386269724631E306, 22.0, 1.7976931348623156E306, 5.393079404586947E306, 3.595386269724631E306, 3.595386269724631E306, 1.7976931348623156E306, 5.393079404586947E306, 1.7976931348623156E306]
821	MoeSQLmosa	6	1	[22.0, 23.0, 23.0, 23.0, 23.0, 77.0, 152.0, 1.0, 0.0, 22.0, 0.0, 1.0, 44.0, 98.0, 22.0, 23.0, 76.0, 77.0, 97.0, 22.0, 75.0, 76.0, 26.228787878787877]
821	MoeSQLmosa	7	1	[1.7976931348623156E306, 1.7976931348623156E306, 1.7976931348623156E306, 1.7976931348623156E306, 1.7976931348623156E306, 1.7976931348623156E306, 1.7976931348623156E306, 5.393079404586947E306, 1.7976931348623156E306, 1.7976931348623156E306, 1.7976931348623156E306, 0.0, 1.7976931348623156E306, 3.595386269724631E306, 1.7976931348623156E306, 5.393079404586947E306, 3.595386269724631E306, 7.0, 3.595386269724631E306, 1.7976931348623156E306, 3.595386269724631E306, 6.0, 1.7976931348623156E306]
821	MoeSQLmosa	8	1	[1.7976931348623156E306, 1.7976931348623156E306, 1.7976931348623156E306, 1.7976931348623156E306, 1.7976931348623156E306, 1.7976931348623156E306, 1.7976931348623156E306, 68.0, 1.7976931348623156E306, 3.595386269724631E306, 3.595386269724631E306, 5.393079404586947E306, 1.7976931348623156E306, 1.7976931348623156E306, 1.7976931348623156E306, 0.0, 3.595386269724631E306, 5.393079404586947E306, 5.393079404586947E306, 5.393079404586947E306, 1.7976931348623156E306, 5.393079404586947E306, 1.7976931348623156E306]
821	MoeSQLmosa	9	1	[0.0, 1.0, 1.0, 1.0, 1.0, 77.0, 83.0, 143.0, 71.0, 0.0, 71.0, 1.0, 72.0, 78.0, 71.0, 72.0, 149.0, 8.0, 149.0, 143.0, 77.0, 7.0, 6.153921568627451]
821	MoeSQLmosa	10	1	[0.0, 1.0, 1.0, 1.0, 1.0, 0.0, 3.0, 69.0, 4.0, 73.0, 141.0, 4.0, 3.0, 7.0, 3.0, 1.0, 75.0, 8.0, 75.0, 72.0, 6.0, 7.0, 5.153921568627451]
821	MoeSQLmosa	11	1	[1.7976931348623156E306, 1.7976931348623156E306, 0.0, 1.7976931348623156E306, 1.7976931348623156E306, 1.7976931348623156E306, 1.7976931348623156E306, 1.7976931348623156E306, 1.7976931348623156E306, 1.7976931348623156E306, 1.7976931348623156E306, 1.7976931348623156E306, 1.7976931348623156E306, 1.7976931348623156E306, 1.7976931348623156E306, 1.7976931348623156E306, 1.7976931348623156E306, 1.7976931348623156E306, 1.7976931348623156E306, 1.7976931348623156E306, 1.7976931348623156E306, 1.7976931348623156E306, 1.7976931348623156E306]
821	MoeSQLmosa	12	1	[1.0, 2.0, 2.0, 2.0, 2.0, 14.0, 7.0, 75.0, 21.0, 82.0, 155.0, 8.0, 7.0, 1.0, 7.0, 2.0, 74.0, 2.0, 87.0, 81.0, 13.0, 14.0, 0.0]
821	MoeSQLmosa	13	1	[5.0, 6.0, 6.0, 6.0, 6.0, 5.0, 0.0, 1.0, 10.0, 62.0, 0.0, 5.0, 124.0, 62.0, 66.0, 63.0, 0.0, 1.0, 66.0, 62.0, 4.0, 9.0, 11.153921568627451]
821	MoeSQLmosa	14	1	[1.7976931348623156E306, 1.7976931348623156E306, 1.7976931348623156E306, 1.7976931348623156E306, 1.7976931348623156E306, 3.595386269724631E306, 1.7976931348623156E306, 5.393079404586947E306, 3.595386269724631E306, 1.7976931348623156E306, 1.7976931348623156E306, 3.0, 1.7976931348623156E306, 1.7976931348623156E306, 3.595386269724631E306, 5.393079404586947E306, 1.7976931348623156E306, 0.0, 5.393079404586947E306, 1.7976931348623156E306, 5.393079404586947E306, 6.0, 1.7976931348623156E306]
821	MoeSQLmosa	15	1	[1.7976931348623156E306, 1.7976931348623156E306, 1.7976931348623156E306, 1.7976931348623156E306, 1.7976931348623156E306, 3.595386269724631E306, 1.7976931348623156E306, 5.393079404586947E306, 3.595386269724631E306, 1.7976931348623156E306, 1.7976931348623156E306, 1.0, 1.7976931348623156E306, 5.393079404586947E306, 1.7976931348623156E306, 5.393079404586947E306, 5.393079404586947E306, 2.0, 1.7976931348623156E306, 3.595386269724631E306, 1.7976931348623156E306, 0.0, 1.7976931348623156E306]
821	MoeSQLmosa	16	1	[1.0, 2.0, 2.0, 2.0, 2.0, 1.0, 0.0, 8.0, 2.0, 7.0, 14.0, 2.0, 0.0, 1.0, 0.0, 1.0, 8.0, 3.0, 6.0, 7.0, 0.0, 1.0, 6.207638888888889]
821	MoeSQLmosa	17	1	[1.0, 2.0, 2.0, 2.0, 2.0, 1.0, 2.0, 3.0, 0.0, 1.0, 2.0, 1.0, 0.0, 2.0, 0.0, 2.0, 3.0, 3.0, 1.0, 0.0, 2.0, 2.0, 7.281006493506494]
821	MoeSQLmosa	18	1	[0.0, 1.0, 1.0, 1.0, 1.0, 2.0, 1.0, 3.0, 3.0, 2.0, 3.0, 2.0, 1.0, 2.0, 1.0, 2.0, 3.0, 3.0, 0.0, 1.0, 1.0, 1.0, 6.281006493506494]
821	MOTGA	0	17	[0.0, 0.0, 0.0, 0.0, 0.0, 0.0, 0.0, 0.0, 0.0, 0.0, 0.0, 0.0, 0.0, 0.0, 0.0, 0.0, 0.0, 0.0, 0.0, 0.0, 0.0, 0.0, 0.0]
822	MoeSQLmosa	0	2	[0.0, 0.0]
822	MOTGA	0	2	[0.0, 0.0]
823	MoeSQLmosa	0	1	[5.822619047619048, 6.822619047619048, 6.822619047619048, 6.822619047619048, 6.822619047619048, 6.822619047619048, 6.822619047619048, 0.0, 6.822619047619048, 6.822619047619048, 6.822619047619048, 6.822619047619048, 6.822619047619048, 6.822619047619048, 6.822619047619048, 67.82261904761904, 6.822619047619048, 18.613168310802585, 5.822619047619048, 6.822619047619048, 5.822619047619048, 6.822619047619048, 6.822619047619048, 5.822619047619048, 5.822619047619048, 6.822619047619048, 5.822619047619048, 6.822619047619048, 5.822619047619048, 6.822619047619048, 0.0, 1.0, 5.822619047619048, 6.822619047619048, 5.822619047619048, 6.822619047619048, 5.822619047619048, 6.822619047619048, 5.822619047619048, 6.822619047619048, 5.822619047619048, 6.822619047619048, 5.822619047619048, 6.822619047619048, 6.822619047619048, 5.822619047619048]
823	MoeSQLmosa	1	1	[14.0, 15.0, 15.0, 15.0, 15.0, 15.0, 15.0, 0.0, 15.0, 15.0, 15.0, 15.0, 15.0, 15.0, 15.0, 76.0, 15.0, 26.790549263183536, 14.0, 15.0, 14.0, 15.0, 15.0, 14.0, 14.0, 15.0, 14.0, 15.0, 14.0, 15.0, 1.0, 0.0, 14.0, 15.0, 14.0, 15.0, 14.0, 15.0, 14.0, 15.0, 14.0, 15.0, 14.0, 15.0, 15.0, 14.0]
823	MoeSQLmosa	2	1	[13.0, 14.0, 14.0, 14.0, 0.0, 14.0, 14.0, 14.0, 14.0, 14.0, 14.0, 14.0, 14.0, 14.0, 14.0, 75.0, 14.0, 25.790549263183536, 13.0, 14.0, 13.0, 14.0, 14.0, 13.0, 0.0, 1.0, 13.0, 14.0, 13.0, 14.0, 13.0, 14.0, 13.0, 14.0, 13.0, 14.0, 13.0, 14.0, 13.0, 14.0, 13.0, 14.0, 13.0, 14.0, 14.0, 13.0]
823	MoeSQLmosa	3	1	[13.0, 14.0, 14.0, 14.0, 14.0, 14.0, 14.0, 14.0, 14.0, 14.0, 14.0, 14.0, 14.0, 0.0, 14.0, 75.0, 14.0, 25.790549263183536, 13.0, 14.0, 13.0, 14.0, 13.0, 14.0, 13.0, 14.0, 13.0, 14.0, 13.0, 14.0, 13.0, 14.0, 13.0, 14.0, 13.0, 14.0, 13.0, 14.0, 13.0, 14.0, 13.0, 14.0, 0.0, 1.0, 14.0, 13.0]
823	MoeSQLmosa	4	1	[5.0, 6.0, 6.0, 6.0, 6.0, 6.0, 6.0, 6.0, 6.0, 0.0, 6.0, 6.0, 6.0, 6.0, 6.0, 67.0, 6.0, 17.790549263183536, 5.0, 6.0, 5.0, 6.0, 6.0, 5.0, 5.0, 6.0, 5.0, 6.0, 5.0, 6.0, 5.0, 6.0, 5.0, 6.0, 0.0, 1.0, 5.0, 6.0, 5.0, 6.0, 5.0, 6.0, 5.0, 6.0, 5.0, 6.0]
823	MoeSQLmosa	5	1	[12.728166067681007, 13.728166067681007, 0.0, 13.728166067681007, 13.728166067681007, 13.728166067681007, 13.728166067681007, 13.728166067681007, 13.728166067681007, 13.728166067681007, 13.728166067681007, 13.728166067681007, 13.728166067681007, 13.728166067681007, 13.728166067681007, 74.728166067681, 13.728166067681007, 25.518715330864545, 12.728166067681007, 13.728166067681007, 0.0, 1.0, 12.728166067681007, 13.728166067681007, 12.728166067681007, 13.728166067681007, 12.728166067681007, 13.728166067681007, 12.728166067681007, 13.728166067681007, 12.728166067681007, 13.728166067681007, 12.728166067681007, 13.728166067681007, 12.728166067681007, 13.728166067681007, 12.728166067681007, 13.728166067681007, 12.728166067681007, 13.728166067681007, 12.728166067681007, 13.728166067681007, 12.728166067681007, 13.728166067681007, 13.728166067681007, 12.728166067681007]
823	MoeSQLmosa	6	1	[0.0, 1.0, 1.0, 1.0, 1.0, 1.0, 1.0, 1.0, 1.0, 1.0, 1.0, 1.0, 1.0, 1.0, 1.0, 62.0, 1.0, 12.790549263183536, 0.0, 1.0, 0.0, 1.0, 1.0, 0.0, 1.0, 0.0, 0.0, 1.0, 0.0, 1.0, 0.0, 1.0, 0.0, 1.0, 0.0, 1.0, 0.0, 1.0, 0.0, 1.0, 0.0, 1.0, 0.0, 1.0, 1.0, 0.0]
823	MoeSQLmosa	7	1	[0.0, 1.0, 1.0, 1.0, 1.0, 1.0, 1.0, 1.0, 1.0, 1.0, 1.0, 1.0, 1.0, 1.0, 1.0, 62.0, 1.0, 12.790549263183536, 0.0, 1.0, 0.0, 1.0, 0.0, 1.0, 0.0, 1.0, 0.0, 1.0, 0.0, 1.0, 0.0, 1.0, 0.0, 1.0, 0.0, 1.0, 0.0, 1.0, 0.0, 1.0, 0.0, 1.0, 0.0, 1.0, 1.0, 0.0]
823	MoeSQLmosa	8	1	[35.0, 36.0, 36.0, 36.0, 36.0, 36.0, 36.0, 36.0, 36.0, 36.0, 36.0, 36.0, 36.0, 36.0, 0.0, 97.0, 36.0, 47.790549263183536, 35.0, 36.0, 35.0, 36.0, 36.0, 35.0, 36.0, 35.0, 35.0, 36.0, 35.0, 36.0, 35.0, 36.0, 35.0, 36.0, 35.0, 36.0, 35.0, 36.0, 35.0, 36.0, 35.0, 36.0, 35.0, 36.0, 0.0, 1.0]
823	MoeSQLmosa	9	1	[5.0, 6.0, 6.0, 6.0, 6.0, 6.0, 6.0, 6.0, 6.0, 0.0, 6.0, 6.0, 6.0, 6.0, 6.0, 67.0, 6.0, 17.790549263183536, 5.0, 6.0, 5.0, 6.0, 6.0, 5.0, 5.0, 6.0, 5.0, 6.0, 5.0, 6.0, 5.0, 6.0, 5.0, 6.0, 1.0, 0.0, 5.0, 6.0, 5.0, 6.0, 5.0, 6.0, 5.0, 6.0, 5.0, 6.0]
823	MoeSQLmosa	10	1	[10.0, 0.0, 11.0, 11.0, 11.0, 11.0, 11.0, 11.0, 11.0, 11.0, 11.0, 11.0, 11.0, 11.0, 11.0, 72.0, 11.0, 22.790549263183536, 0.0, 1.0, 10.0, 11.0, 11.0, 10.0, 11.0, 10.0, 11.0, 10.0, 10.0, 11.0, 10.0, 11.0, 10.0, 11.0, 10.0, 11.0, 10.0, 11.0, 10.0, 11.0, 10.0, 11.0, 10.0, 11.0, 11.0, 10.0]
823	MoeSQLmosa	11	1	[0.0, 1.0, 1.0, 1.0, 1.0, 1.0, 1.0, 1.0, 1.0, 1.0, 1.0, 1.0, 1.0, 1.0, 1.0, 62.0, 1.0, 12.790549263183536, 1.0, 0.0, 0.0, 1.0, 0.0, 1.0, 1.0, 0.0, 0.0, 1.0, 0.0, 1.0, 0.0, 1.0, 0.0, 1.0, 0.0, 1.0, 0.0, 1.0, 0.0, 1.0, 0.0, 1.0, 0.0, 1.0, 1.0, 0.0]
823	MoeSQLmosa	12	1	[5.0, 6.0, 6.0, 6.0, 6.0, 0.0, 6.0, 6.0, 6.0, 6.0, 6.0, 6.0, 6.0, 6.0, 6.0, 67.0, 6.0, 17.790549263183536, 5.0, 6.0, 5.0, 6.0, 5.0, 6.0, 5.0, 6.0, 0.0, 1.0, 5.0, 6.0, 5.0, 6.0, 5.0, 6.0, 5.0, 6.0, 5.0, 6.0, 5.0, 6.0, 5.0, 6.0, 5.0, 6.0, 6.0, 5.0]
823	MoeSQLmosa	13	1	[10.0, 11.0, 11.0, 11.0, 11.0, 11.0, 11.0, 11.0, 11.0, 11.0, 11.0, 11.0, 0.0, 11.0, 11.0, 72.0, 11.0, 22.790549263183536, 10.0, 11.0, 10.0, 11.0, 10.0, 11.0, 10.0, 11.0, 10.0, 11.0, 10.0, 11.0, 10.0, 11.0, 10.0, 11.0, 10.0, 11.0, 10.0, 11.0, 10.0, 11.0, 0.0, 1.0, 10.0, 11.0, 11.0, 10.0]
823	MoeSQLmosa	14	2	[5.0, 6.0, 6.0, 6.0, 6.0, 6.0, 6.0, 6.0, 6.0, 6.0, 0.0, 0.0, 6.0, 6.0, 6.0, 61.0, 6.0, 17.790549263183536, 5.0, 6.0, 5.0, 6.0, 5.0, 6.0, 5.0, 6.0, 5.0, 6.0, 5.0, 6.0, 5.0, 6.0, 5.0, 6.0, 5.0, 6.0, 0.0, 1.0, 0.0, 1.0, 5.0, 6.0, 5.0, 6.0, 6.0, 5.0]
823	MoeSQLmosa	15	1	[0.0, 1.0, 1.0, 1.0, 1.0, 1.0, 1.0, 1.0, 1.0, 1.0, 1.0, 1.0, 1.0, 1.0, 1.0, 56.0, 1.0, 12.586523498288205, 0.0, 1.0, 0.0, 1.0, 0.0, 1.0, 0.0, 1.0, 0.0, 1.0, 0.0, 1.0, 0.0, 1.0, 0.0, 1.0, 0.0, 1.0, 0.0, 1.0, 0.0, 1.0, 0.0, 1.0, 1.0, 0.0, 1.0, 0.0]
823	MoeSQLmosa	16	1	[6.0, 7.0, 7.0, 7.0, 7.0, 7.0, 0.0, 7.0, 7.0, 7.0, 7.0, 7.0, 7.0, 7.0, 7.0, 62.0, 7.0, 17.790549263183536, 6.0, 7.0, 6.0, 7.0, 6.0, 7.0, 6.0, 7.0, 6.0, 7.0, 0.0, 1.0, 6.0, 7.0, 6.0, 7.0, 6.0, 7.0, 6.0, 7.0, 6.0, 7.0, 6.0, 7.0, 6.0, 7.0, 7.0, 6.0]
823	MoeSQLmosa	17	1	[23.0, 24.0, 24.0, 0.0, 24.0, 24.0, 24.0, 24.0, 24.0, 24.0, 24.0, 24.0, 24.0, 24.0, 24.0, 85.0, 24.0, 35.790549263183536, 23.0, 24.0, 23.0, 24.0, 0.0, 1.0, 24.0, 23.0, 23.0, 24.0, 23.0, 24.0, 23.0, 24.0, 23.0, 24.0, 23.0, 24.0, 23.0, 24.0, 23.0, 24.0, 23.0, 24.0, 23.0, 24.0, 24.0, 23.0]
823	MoeSQLmosa	18	1	[14.0, 15.0, 15.0, 15.0, 15.0, 15.0, 15.0, 15.0, 0.0, 15.0, 15.0, 15.0, 15.0, 15.0, 15.0, 62.0, 15.0, 25.790549263183536, 14.0, 15.0, 14.0, 15.0, 14.0, 15.0, 14.0, 15.0, 14.0, 15.0, 14.0, 15.0, 14.0, 15.0, 0.0, 1.0, 14.0, 15.0, 14.0, 15.0, 14.0, 15.0, 14.0, 15.0, 14.0, 15.0, 15.0, 14.0]
823	MoeSQLmosa	19	1	[0.0, 1.0, 1.0, 1.0, 1.0, 1.0, 1.0, 1.0, 1.0, 1.0, 1.0, 1.0, 1.0, 1.0, 1.0, 48.0, 1.0, 11.790549263183536, 0.0, 1.0, 0.0, 1.0, 0.0, 1.0, 0.0, 1.0, 0.0, 1.0, 0.0, 1.0, 0.0, 1.0, 0.0, 1.0, 0.0, 1.0, 0.0, 1.0, 0.0, 1.0, 1.0, 0.0, 0.0, 1.0, 1.0, 0.0]
823	MoeSQLmosa	20	1	[1.7976931348623156E306, 1.7976931348623156E306, 1.7976931348623156E306, 1.7976931348623156E306, 1.7976931348623156E306, 1.7976931348623156E306, 1.7976931348623156E306, 1.7976931348623156E306, 1.7976931348623156E306, 1.7976931348623156E306, 1.7976931348623156E306, 1.7976931348623156E306, 1.7976931348623156E306, 1.7976931348623156E306, 1.7976931348623156E306, 1.7976931348623156E306, 0.0, 1.7976931348623156E306, 1.7976931348623156E306, 1.7976931348623156E306, 1.7976931348623156E306, 1.7976931348623156E306, 1.7976931348623156E306, 1.7976931348623156E306, 1.7976931348623156E306, 1.7976931348623156E306, 1.7976931348623156E306, 1.7976931348623156E306, 1.7976931348623156E306, 1.7976931348623156E306, 1.7976931348623156E306, 1.7976931348623156E306, 1.7976931348623156E306, 1.7976931348623156E306, 1.7976931348623156E306, 1.7976931348623156E306, 1.7976931348623156E306, 1.7976931348623156E306, 1.7976931348623156E306, 1.7976931348623156E306, 1.7976931348623156E306, 1.7976931348623156E306, 1.7976931348623156E306, 1.7976931348623156E306, 1.7976931348623156E306, 1.7976931348623156E306]
823	MoeSQLmosa	21	1	[0.0, 1.0, 1.0, 1.0, 1.0, 1.0, 1.0, 1.0, 1.0, 1.0, 1.0, 1.0, 1.0, 1.0, 1.0, 48.0, 1.0, 11.790549263183536, 0.0, 1.0, 0.0, 1.0, 0.0, 1.0, 0.0, 1.0, 0.0, 1.0, 1.0, 0.0, 0.0, 1.0, 0.0, 1.0, 0.0, 1.0, 0.0, 1.0, 0.0, 1.0, 0.0, 1.0, 0.0, 1.0, 1.0, 0.0]
823	MoeSQLmosa	22	1	[0.0, 1.0, 1.0, 1.0, 1.0, 1.0, 1.0, 1.0, 1.0, 1.0, 1.0, 1.0, 1.0, 1.0, 1.0, 44.0, 1.0, 11.790549263183536, 0.0, 1.0, 0.0, 1.0, 1.0, 0.0, 0.0, 1.0, 0.0, 1.0, 0.0, 1.0, 0.0, 1.0, 1.0, 0.0, 0.0, 1.0, 0.0, 1.0, 0.0, 1.0, 0.0, 1.0, 0.0, 1.0, 1.0, 0.0]
823	MoeSQLmosa	23	1	[50.0, 51.0, 51.0, 51.0, 51.0, 51.0, 51.0, 51.0, 51.0, 51.0, 51.0, 51.0, 51.0, 51.0, 51.0, 0.0, 1.0, 50.5, 50.0, 51.0, 50.0, 51.0, 50.0, 51.0, 50.0, 51.0, 51.0, 50.0, 51.0, 50.0, 50.0, 51.0, 50.0, 51.0, 50.0, 51.0, 50.0, 51.0, 50.0, 51.0, 50.0, 51.0, 50.0, 51.0, 50.0, 51.0]
823	MoeSQLmosa	24	1	[0.0, 1.0, 1.0, 1.0, 1.0, 1.0, 1.0, 1.0, 1.0, 1.0, 1.0, 1.0, 1.0, 1.0, 1.0, 44.0, 1.0, 6.0, 0.0, 1.0, 0.0, 1.0, 1.0, 0.0, 0.0, 1.0, 0.0, 1.0, 0.0, 1.0, 0.0, 1.0, 0.0, 1.0, 0.0, 1.0, 1.0, 0.0, 0.0, 1.0, 0.0, 1.0, 0.0, 1.0, 1.0, 0.0]
823	MoeSQLmosa	25	1	[0.0, 1.0, 1.0, 1.0, 1.0, 1.0, 1.0, 1.0, 1.0, 1.0, 1.0, 1.0, 1.0, 1.0, 1.0, 44.0, 1.0, 6.0, 0.0, 1.0, 0.0, 1.0, 1.0, 0.0, 0.0, 1.0, 1.0, 0.0, 0.0, 1.0, 0.0, 1.0, 0.0, 1.0, 0.0, 1.0, 0.0, 1.0, 0.0, 1.0, 0.0, 1.0, 0.0, 1.0, 0.0, 1.0]
823	MoeSQLmosa	26	1	[0.0, 1.0, 1.0, 1.0, 1.0, 1.0, 1.0, 1.0, 1.0, 1.0, 1.0, 1.0, 1.0, 1.0, 1.0, 48.0, 1.0, 6.0, 0.0, 1.0, 0.0, 1.0, 0.0, 1.0, 0.0, 1.0, 0.0, 1.0, 0.0, 1.0, 0.0, 1.0, 0.0, 1.0, 0.0, 1.0, 0.0, 1.0, 1.0, 0.0, 0.0, 1.0, 0.0, 1.0, 1.0, 0.0]
823	MoeSQLmosa	27	1	[13.0, 14.0, 0.0, 14.0, 14.0, 14.0, 14.0, 14.0, 14.0, 14.0, 14.0, 14.0, 14.0, 14.0, 14.0, 61.0, 14.0, 19.0, 13.0, 14.0, 1.0, 0.0, 13.0, 14.0, 14.0, 13.0, 13.0, 14.0, 13.0, 14.0, 13.0, 14.0, 13.0, 14.0, 13.0, 14.0, 13.0, 14.0, 13.0, 14.0, 13.0, 14.0, 13.0, 14.0, 14.0, 13.0]
823	MoeSQLmosa	28	1	[1.0, 2.0, 2.0, 2.0, 2.0, 2.0, 2.0, 2.0, 2.0, 2.0, 2.0, 2.0, 2.0, 2.0, 2.0, 49.0, 2.0, 0.0, 1.0, 2.0, 1.0, 2.0, 1.0, 2.0, 1.0, 2.0, 1.0, 2.0, 1.0, 2.0, 1.0, 2.0, 1.0, 2.0, 1.0, 2.0, 1.0, 2.0, 1.0, 2.0, 1.0, 2.0, 1.0, 2.0, 2.0, 1.0]
823	MOTGA	0	25	[0.0, 0.0, 0.0, 0.0, 0.0, 0.0, 0.0, 0.0, 0.0, 0.0, 0.0, 0.0, 0.0, 0.0, 0.0, 0.0, 0.0, 0.0, 0.0, 0.0, 0.0, 0.0, 0.0, 0.0, 0.0, 0.0, 0.0, 0.0, 0.0, 0.0, 0.0, 0.0, 0.0, 0.0, 0.0, 0.0, 0.0, 0.0, 0.0, 0.0, 0.0, 0.0, 0.0, 0.0, 0.0, 0.0]
824	MoeSQLmosa	0	1	[26.240460314560607, 0.0, 1.0, 27.240460314560607, 27.240460314560607]
824	MoeSQLmosa	1	1	[16.545738082580186, 17.545738082580186, 17.545738082580186, 0.0, 1.0]
824	MoeSQLmosa	2	1	[0.0, 1.0, 1.0, 1.0, 1.0]
824	MoeSQLmosa	3	1	[1.7976931348623156E306, 1.7976931348623156E306, 0.0, 1.7976931348623156E306, 1.7976931348623156E306]
824	MoeSQLmosa	4	1	[1.7976931348623156E306, 1.7976931348623156E306, 1.7976931348623156E306, 1.7976931348623156E306, 0.0]
824	MOTGA	0	5	[0.0, 0.0, 0.0, 0.0, 0.0]
825	MoeSQLmosa	0	1	[24.365409148017843, 25.365409148017843, 25.365409148017843, 0.0, 1.0, 25.365409148017843, 25.365409148017843]
825	MoeSQLmosa	1	1	[4.665280576522422, 0.0, 1.0, 5.665280576522422, 5.665280576522422, 5.665280576522422, 5.665280576522422]
825	MoeSQLmosa	2	1	[7.0130952380952385, 8.01309523809524, 8.01309523809524, 8.01309523809524, 8.01309523809524, 0.0, 1.0]
825	MoeSQLmosa	3	1	[1.7976931348623156E306, 1.7976931348623156E306, 0.0, 1.7976931348623156E306, 1.7976931348623156E306, 1.7976931348623156E306, 1.7976931348623156E306]
825	MoeSQLmosa	4	1	[0.0, 1.0, 1.0, 1.0, 1.0, 1.0, 1.0]
825	MoeSQLmosa	5	1	[1.7976931348623156E306, 1.7976931348623156E306, 1.7976931348623156E306, 1.7976931348623156E306, 0.0, 1.7976931348623156E306, 1.7976931348623156E306]
825	MoeSQLmosa	6	1	[1.7976931348623156E306, 1.7976931348623156E306, 1.7976931348623156E306, 1.7976931348623156E306, 1.7976931348623156E306, 1.7976931348623156E306, 0.0]
825	MOTGA	0	7	[0.0, 0.0, 0.0, 0.0, 0.0, 0.0, 0.0]
826	MoeSQLmosa	0	1	[1.0, 0.0]
826	MoeSQLmosa	1	1	[0.0, 33.60474617974617]
826	MOTGA	0	2	[0.0, 0.0]
827	MoeSQLmosa	0	2	[33.89340851400062, 34.89340851400062, 34.89340851400062, 34.89340851400062, 33.89340851400062, 34.89340851400062, 0.0, 0.0, 1.0]
827	MoeSQLmosa	1	2	[0.0, 1.0, 1.0, 1.0, 0.0, 1.0, 2.0, 2.0, 1.0]
827	MoeSQLmosa	2	2	[1.7976931348623156E306, 1.7976931348623156E306, 1.7976931348623156E306, 1.7976931348623156E306, 1.7976931348623156E306, 1.7976931348623156E306, 0.0, 1.0, 0.0]
827	MoeSQLmosa	3	2	[19.70641025641026, 0.0, 1.0, 20.70641025641026, 19.70641025641026, 20.70641025641026, 2.0, 19.70641025641026, 20.70641025641026]
827	MoeSQLmosa	4	2	[1.0, 2.0, 2.0, 0.0, 1.0, 2.0, 3.0, 2.0, 1.0]
827	MoeSQLmosa	5	2	[1.0, 2.0, 2.0, 2.0, 1.0, 0.0, 3.0, 2.0, 1.0]
827	MoeSQLmosa	6	2	[1.7976931348623156E306, 1.7976931348623156E306, 0.0, 1.7976931348623156E306, 1.7976931348623156E306, 1.7976931348623156E306, 2.0, 1.7976931348623156E306, 1.7976931348623156E306]
827	MOTGA	0	7	[0.0, 0.0, 0.0, 0.0, 0.0, 0.0, 0.0, 2.0, 5.0]
828	MoeSQLmosa	0	2	[0.0, 0.0]
828	MOTGA	0	2	[0.0, 0.0]
829	MoeSQLmosa	0	2	[0.0, 0.0, 1.0]
829	MoeSQLmosa	1	1	[1.7976931348623156E306, 1.7976931348623156E306, 0.0]
829	MOTGA	0	3	[0.0, 0.0, 0.0]
830	MoeSQLmosa	0	2	[0.0, 0.0, 1.0]
830	MoeSQLmosa	1	1	[1.7976931348623156E306, 1.7976931348623156E306, 0.0]
830	MOTGA	0	3	[0.0, 0.0, 0.0]
831	MoeSQLmosa	0	1	[16.358905915349638, 0.0, 1.0, 29.691632267473274, 171.35890591534962, 98.35890591534964, 99.35890591534964, 89.35890591534964, 90.35890591534964, 243.35890591534962]
831	MoeSQLmosa	1	2	[0.0, 1.0, 1.0, 8.290526466997054, 163.0, 48.0, 0.0, 115.0, 116.0, 292.0]
831	MoeSQLmosa	2	1	[0.0, 1.0, 1.0, 27.904490926805497, 57.0, 128.0, 58.0, 0.0, 1.0, 141.0]
831	MoeSQLmosa	3	1	[0.0, 1.0, 1.0, 9.50909090909091, 37.0, 0.0, 1.0, 111.0, 38.0, 162.0]
831	MoeSQLmosa	4	1	[1.7976931348623156E306, 1.7976931348623156E306, 1.7976931348623156E306, 1.7976931348623156E306, 1.7976931348623156E306, 3.595386269724631E306, 1.7976931348623156E306, 1.7976931348623156E306, 0.0, 1.7976931348623156E306]
831	MoeSQLmosa	5	1	[0.0, 1.0, 1.0, 8.123859800330388, 39.0, 77.0, 1.0, 142.0, 1.0, 0.0]
831	MoeSQLmosa	6	1	[1.0, 2.0, 2.0, 0.0, 61.0, 131.0, 62.0, 1.0, 2.0, 146.0]
831	MoeSQLmosa	7	1	[58.0, 59.0, 59.0, 103.62285714285713, 0.0, 62.0, 1.0, 58.0, 1.0, 58.0]
831	MoeSQLmosa	8	1	[1.7976931348623156E306, 1.7976931348623156E306, 0.0, 1.7976931348623156E306, 5.393079404586947E306, 5.393079404586947E306, 1.7976931348623156E306, 1.7976931348623156E306, 3.595386269724631E306, 3.595386269724631E306]
831	MOTGA	0	9	[0.0, 0.0, 0.0, 0.0, 0.0, 0.0, 0.0, 0.0, 0.0, 0.0]
832	MoeSQLmosa	0	2	[0.0, 0.0]
832	MOTGA	0	2	[0.0, 0.0]
833	MoeSQLmosa	0	2	[0.0, 0.0]
833	MOTGA	0	2	[0.0, 0.0]
834	MoeSQLmosa	0	1	[0.0, 14.42757617626039]
834	MoeSQLmosa	1	1	[1.0, 0.0]
834	MOTGA	0	2	[0.0, 0.0]
835	MoeSQLmosa	0	3	[0.0]
835	MOTGA	0	3	[0.0]
836	MoeSQLmosa	0	1	[1.0, 0.0]
836	MoeSQLmosa	1	1	[0.0, 35.97172028796619]
836	MOTGA	0	2	[0.0, 0.0]
837	MoeSQLmosa	0	1	[14.0, 0.0, 1.0, 15.0, 15.0, 15.0, 15.0]
837	MoeSQLmosa	1	1	[22.332900432900434, 23.332900432900434, 23.332900432900434, 23.332900432900434, 23.332900432900434, 0.0, 1.0]
837	MoeSQLmosa	2	1	[1.7976931348623156E306, 1.7976931348623156E306, 1.7976931348623156E306, 1.7976931348623156E306, 1.7976931348623156E306, 1.7976931348623156E306, 0.0]
837	MoeSQLmosa	3	1	[0.0, 1.0, 1.0, 1.0, 1.0, 1.0, 1.0]
837	MoeSQLmosa	4	1	[1.7976931348623156E306, 1.7976931348623156E306, 0.0, 1.7976931348623156E306, 1.7976931348623156E306, 1.7976931348623156E306, 1.7976931348623156E306]
837	MoeSQLmosa	5	1	[1.8, 2.8, 2.8, 0.0, 1.0, 2.8, 2.8]
837	MoeSQLmosa	6	1	[1.7976931348623156E306, 1.7976931348623156E306, 1.7976931348623156E306, 1.7976931348623156E306, 0.0, 1.7976931348623156E306, 1.7976931348623156E306]
837	MOTGA	0	7	[0.0, 0.0, 0.0, 0.0, 0.0, 0.0, 0.0]
838	MoeSQLmosa	0	2	[0.0, 0.0]
838	MOTGA	0	2	[0.0, 0.0]
839	MoeSQLmosa	0	1	[1.0, 0.0]
839	MoeSQLmosa	1	1	[0.0, 39.958333333333336]
839	MOTGA	0	2	[0.0, 0.0]
840	MoeSQLmosa	0	1	[1.0, 0.0, 1.0]
840	MoeSQLmosa	1	1	[0.0, 36.87462698671121, 1.0]
840	MoeSQLmosa	2	1	[1.7976931348623156E306, 1.7976931348623156E306, 0.0]
840	MOTGA	0	3	[0.0, 0.0, 0.0]
841	MoeSQLmosa	0	1	[1.0, 0.0]
841	MoeSQLmosa	1	1	[0.0, 40.04050116550117]
841	MOTGA	0	2	[0.0, 0.0]
842	MoeSQLmosa	0	1	[9.580708748855765, 10.580708748855765, 10.580708748855765, 10.580708748855765, 10.580708748855765, 0.0, 1.0, 26.06083140397842]
842	MoeSQLmosa	1	1	[10.012950937950938, 11.012950937950938, 11.012950937950938, 0.0, 1.0, 11.012950937950938, 11.012950937950938, 18.189617604617602]
842	MoeSQLmosa	2	1	[9.818633990168511, 0.0, 1.0, 10.818633990168511, 10.818633990168511, 10.818633990168511, 10.818633990168511, 34.01614273142725]
842	MoeSQLmosa	3	1	[1.7976931348623156E306, 1.7976931348623156E306, 1.7976931348623156E306, 1.7976931348623156E306, 1.7976931348623156E306, 1.7976931348623156E306, 0.0, 1.7976931348623156E306]
842	MoeSQLmosa	4	1	[0.0, 1.0, 1.0, 1.0, 1.0, 1.0, 1.0, 8.176666666666666]
842	MoeSQLmosa	5	1	[1.7976931348623156E306, 1.7976931348623156E306, 0.0, 1.7976931348623156E306, 1.7976931348623156E306, 1.7976931348623156E306, 1.7976931348623156E306, 1.7976931348623156E306]
842	MoeSQLmosa	6	1	[1.7976931348623156E306, 1.7976931348623156E306, 1.7976931348623156E306, 1.7976931348623156E306, 0.0, 1.7976931348623156E306, 1.7976931348623156E306, 1.7976931348623156E306]
842	MoeSQLmosa	7	1	[1.0, 2.0, 2.0, 2.0, 2.0, 2.0, 2.0, 0.0]
842	MOTGA	0	8	[0.0, 0.0, 0.0, 0.0, 0.0, 0.0, 0.0, 0.0]
843	MoeSQLmosa	0	2	[0.0, 0.0]
843	MOTGA	0	2	[0.0, 0.0]
845	MoeSQLmosa	0	2	[0.0, 0.0]
845	MOTGA	0	2	[0.0, 0.0]
846	MoeSQLmosa	0	2	[0.0, 0.0]
846	MOTGA	0	2	[0.0, 0.0]
847	MoeSQLmosa	0	1	[0.0, 30.98692973692974]
847	MoeSQLmosa	1	1	[1.0, 0.0]
847	MOTGA	0	2	[0.0, 0.0]
848	MoeSQLmosa	0	1	[0.0, 1.0, 1.0, 1.0, 0.0, 1.0]
848	MoeSQLmosa	1	1	[25.87926522881151, 0.0, 1.0, 26.87926522881151, 25.87926522881151, 26.87926522881151]
848	MoeSQLmosa	2	1	[1.0, 2.0, 2.0, 0.0, 1.0, 2.0]
848	MoeSQLmosa	3	1	[1.7976931348623156E306, 1.7976931348623156E306, 0.0, 1.7976931348623156E306, 1.7976931348623156E306, 1.7976931348623156E306]
848	MoeSQLmosa	4	1	[1.0, 2.0, 2.0, 2.0, 1.0, 0.0]
848	MOTGA	0	5	[0.0, 0.0, 0.0, 0.0, 0.0, 0.0]
849	MoeSQLmosa	0	2	[0.0, 0.0]
849	MOTGA	0	2	[0.0, 0.0]
850	MoeSQLmosa	0	1	[1.0, 0.0]
850	MoeSQLmosa	1	1	[0.0, 21.660579290863712]
850	MOTGA	0	2	[0.0, 0.0]
851	MoeSQLmosa	0	2	[0.0, 0.0]
851	MOTGA	0	2	[0.0, 0.0]
852	MoeSQLmosa	0	1	[0.0, 26.803554942448926]
852	MoeSQLmosa	1	1	[1.0, 0.0]
852	MOTGA	0	2	[0.0, 0.0]
853	MoeSQLmosa	0	1	[16.76800655193584, 0.0, 1.0, 17.76800655193584, 17.76800655193584, 17.76800655193584, 17.76800655193584]
853	MoeSQLmosa	1	1	[20.720178803175116, 21.720178803175116, 21.720178803175116, 0.0, 1.0, 21.720178803175116, 21.720178803175116]
853	MoeSQLmosa	2	1	[27.125282153146724, 28.125282153146724, 28.125282153146724, 28.125282153146724, 28.125282153146724, 0.0, 1.0]
853	MoeSQLmosa	3	1	[0.0, 1.0, 1.0, 1.0, 1.0, 1.0, 1.0]
853	MoeSQLmosa	4	1	[1.7976931348623156E306, 1.7976931348623156E306, 0.0, 1.7976931348623156E306, 1.7976931348623156E306, 1.7976931348623156E306, 1.7976931348623156E306]
853	MoeSQLmosa	5	1	[1.7976931348623156E306, 1.7976931348623156E306, 1.7976931348623156E306, 1.7976931348623156E306, 1.7976931348623156E306, 1.7976931348623156E306, 0.0]
853	MoeSQLmosa	6	1	[1.7976931348623156E306, 1.7976931348623156E306, 1.7976931348623156E306, 1.7976931348623156E306, 0.0, 1.7976931348623156E306, 1.7976931348623156E306]
853	MOTGA	0	7	[0.0, 0.0, 0.0, 0.0, 0.0, 0.0, 0.0]
854	MoeSQLmosa	0	2	[0.0, 23.560457264569926, 0.0]
854	MoeSQLmosa	1	1	[1.0, 0.0, 1.0]
854	MOTGA	0	3	[0.0, 0.0, 0.0]
855	MoeSQLmosa	0	1	[1.7976931348623156E306, 1.7976931348623156E306, 1.7976931348623156E306, 1.7976931348623156E306, 0.0, 1.7976931348623156E306, 1.7976931348623156E306]
855	MoeSQLmosa	1	1	[13.432350106034317, 14.432350106034317, 14.432350106034317, 14.432350106034317, 14.432350106034317, 0.0, 1.0]
855	MoeSQLmosa	2	1	[14.199931318681319, 0.0, 1.0, 15.199931318681319, 15.199931318681319, 15.199931318681319, 15.199931318681319]
855	MoeSQLmosa	3	1	[42.81666666666667, 43.81666666666667, 43.81666666666667, 0.0, 1.0, 43.81666666666667, 43.81666666666667]
855	MoeSQLmosa	4	1	[0.0, 1.0, 1.0, 1.0, 1.0, 1.0, 1.0]
855	MoeSQLmosa	5	1	[1.7976931348623156E306, 1.7976931348623156E306, 0.0, 1.7976931348623156E306, 1.7976931348623156E306, 1.7976931348623156E306, 1.7976931348623156E306]
855	MoeSQLmosa	6	1	[1.7976931348623156E306, 1.7976931348623156E306, 1.7976931348623156E306, 1.7976931348623156E306, 1.7976931348623156E306, 1.7976931348623156E306, 0.0]
855	MOTGA	0	7	[0.0, 0.0, 0.0, 0.0, 0.0, 0.0, 0.0]
856	MoeSQLmosa	0	1	[0.0, 17.804635578447666]
856	MoeSQLmosa	1	1	[1.0, 0.0]
856	MOTGA	0	2	[0.0, 0.0]
857	MoeSQLmosa	0	1	[0.0, 20.47801321485532, 1.0, 2.0, 1.0, 0.0]
857	MoeSQLmosa	1	2	[1.0, 0.0, 0.0, 3.0, 2.0, 1.0]
857	MoeSQLmosa	2	1	[2.0, 22.47801321485532, 3.0, 0.0, 1.0, 2.0]
857	MoeSQLmosa	3	1	[1.0, 44.75, 2.0, 1.0, 0.0, 1.0]
857	MOTGA	0	5	[0.0, 0.0, 0.0, 0.0, 0.0, 0.0]
858	MoeSQLmosa	0	2	[0.0, 0.0, 1.0, 16.62403846153846, 15.624038461538461, 14.624038461538461, 1.0, 2.0, 3.0, 0.0]
858	MoeSQLmosa	1	1	[1.7976931348623156E306, 1.7976931348623156E306, 0.0, 1.7976931348623156E306, 1.7976931348623156E306, 1.7976931348623156E306, 1.7976931348623156E306, 1.7976931348623156E306, 1.7976931348623156E306, 1.7976931348623156E306]
858	MoeSQLmosa	2	1	[0.0, 1.0, 1.0, 2.0, 1.0, 0.0, 376.2358429381745, 377.2358429381745, 378.2358429381745, 0.0]
858	MoeSQLmosa	3	1	[0.0, 1.0, 1.0, 374.0, 373.0, 372.0, 0.0, 1.0, 2.0, 0.0]
858	MoeSQLmosa	4	1	[1.0, 2.0, 2.0, 3.0, 2.0, 1.0, 1.0, 0.0, 1.0, 1.0]
858	MoeSQLmosa	5	1	[2.0, 3.0, 3.0, 0.0, 1.0, 2.0, 22.206745078493668, 23.206745078493668, 24.206745078493668, 0.0]
858	MoeSQLmosa	6	1	[1.0, 2.0, 2.0, 1.0, 0.0, 1.0, 9.236, 10.236, 11.236, 0.0]
858	MoeSQLmosa	7	1	[2.0, 3.0, 3.0, 4.0, 3.0, 2.0, 2.0, 1.0, 0.0, 2.0]
858	MOTGA	0	7	[0.0, 0.0, 0.0, 0.0, 0.0, 0.0, 0.0, 0.0, 0.0, 0.0]
859	MoeSQLmosa	0	1	[1.0, 0.0, 1.0]
859	MoeSQLmosa	1	1	[0.0, 15.148411649018323, 1.0]
859	MoeSQLmosa	2	1	[1.7976931348623156E306, 1.7976931348623156E306, 0.0]
859	MOTGA	0	3	[0.0, 0.0, 0.0]
860	MoeSQLmosa	0	2	[0.0, 0.0]
860	MOTGA	0	2	[0.0, 0.0]
861	MoeSQLmosa	0	1	[1.0, 0.0, 1.0]
861	MoeSQLmosa	1	1	[0.0, 23.21666666666667, 1.0]
861	MoeSQLmosa	2	1	[1.7976931348623156E306, 1.7976931348623156E306, 0.0]
861	MOTGA	0	3	[0.0, 0.0, 0.0]
862	MoeSQLmosa	0	1	[0.0, 17.838873604642995]
862	MoeSQLmosa	1	1	[1.0, 0.0]
862	MOTGA	0	2	[0.0, 0.0]
863	MoeSQLmosa	0	2	[0.0, 0.0]
863	MOTGA	0	2	[0.0, 0.0]
864	MoeSQLmosa	0	1	[42.8187151421251, 41.8187151421251, 42.8187151421251, 41.8187151421251, 0.0]
864	MoeSQLmosa	1	1	[1.0, 0.0, 1.0, 0.0, 1.0]
864	MoeSQLmosa	2	1	[2.0, 1.0, 0.0, 1.0, 2.0]
864	MoeSQLmosa	3	1	[0.0, 1.0, 2.0, 1.0, 2.0]
864	MOTGA	0	4	[0.0, 0.0, 0.0, 0.0, 0.0]
865	MoeSQLmosa	0	1	[0.0, 1.0, 1.0, 0.0, 1.0]
865	MoeSQLmosa	1	2	[1.0, 0.0, 0.0, 1.0, 2.0]
865	MoeSQLmosa	2	1	[1.0, 2.0, 2.0, 1.0, 0.0]
865	MOTGA	0	4	[0.0, 0.0, 0.0, 0.0, 0.0]
866	MoeSQLmosa	0	2	[0.0, 0.0]
866	MOTGA	0	2	[0.0, 0.0]
867	MoeSQLmosa	0	1	[31.568228883745224, 30.568228883745224, 31.568228883745224, 30.568228883745224, 0.0]
867	MoeSQLmosa	1	1	[0.0, 1.0, 2.0, 1.0, 2.0]
867	MoeSQLmosa	2	1	[1.0, 0.0, 1.0, 0.0, 1.0]
867	MoeSQLmosa	3	1	[2.0, 1.0, 0.0, 1.0, 2.0]
867	MOTGA	0	4	[0.0, 0.0, 0.0, 0.0, 0.0]
868	MoeSQLmosa	0	1	[35.3875, 36.3875, 36.3875, 0.0, 1.0, 36.3875, 36.3875]
868	MoeSQLmosa	1	1	[17.28190357894583, 18.28190357894583, 18.28190357894583, 18.28190357894583, 18.28190357894583, 0.0, 1.0]
868	MoeSQLmosa	2	1	[8.047569587275468, 0.0, 1.0, 9.047569587275468, 9.047569587275468, 9.047569587275468, 9.047569587275468]
868	MoeSQLmosa	3	1	[0.0, 1.0, 1.0, 1.0, 1.0, 1.0, 1.0]
868	MoeSQLmosa	4	1	[1.7976931348623156E306, 1.7976931348623156E306, 1.7976931348623156E306, 1.7976931348623156E306, 1.7976931348623156E306, 1.7976931348623156E306, 0.0]
868	MoeSQLmosa	5	1	[1.7976931348623156E306, 1.7976931348623156E306, 1.7976931348623156E306, 1.7976931348623156E306, 0.0, 1.7976931348623156E306, 1.7976931348623156E306]
868	MoeSQLmosa	6	1	[1.7976931348623156E306, 1.7976931348623156E306, 0.0, 1.7976931348623156E306, 1.7976931348623156E306, 1.7976931348623156E306, 1.7976931348623156E306]
868	MOTGA	0	7	[0.0, 0.0, 0.0, 0.0, 0.0, 0.0, 0.0]
869	MoeSQLmosa	0	1	[1.0, 0.0]
869	MoeSQLmosa	1	1	[0.0, 29.695726553029502]
869	MOTGA	0	2	[0.0, 0.0]
870	MoeSQLmosa	0	1	[1.0, 0.0]
870	MoeSQLmosa	1	1	[0.0, 16.257578316005564]
870	MOTGA	0	2	[0.0, 0.0]
871	MoeSQLmosa	0	1	[1.0, 2.0, 2.0, 0.0, 1.0, 2.0]
871	MoeSQLmosa	1	1	[0.0, 1.0, 1.0, 1.0, 0.0, 1.0]
871	MoeSQLmosa	2	1	[1.0, 2.0, 2.0, 2.0, 1.0, 0.0]
871	MoeSQLmosa	3	1	[3.0, 0.0, 1.0, 4.0, 3.0, 4.0]
871	MoeSQLmosa	4	1	[1.7976931348623156E306, 1.7976931348623156E306, 0.0, 1.7976931348623156E306, 1.7976931348623156E306, 1.7976931348623156E306]
871	MOTGA	0	5	[0.0, 0.0, 0.0, 0.0, 0.0, 0.0]
872	MoeSQLmosa	0	1	[22.486065901690903, 23.486065901690903, 23.486065901690903, 0.0, 1.0, 23.486065901690903, 23.486065901690903]
872	MoeSQLmosa	1	1	[6.481511544011544, 7.481511544011544, 7.481511544011544, 7.481511544011544, 7.481511544011544, 0.0, 1.0]
872	MoeSQLmosa	2	1	[11.346418406072107, 0.0, 1.0, 12.346418406072107, 12.346418406072107, 12.346418406072107, 12.346418406072107]
872	MoeSQLmosa	3	1	[1.7976931348623156E306, 1.7976931348623156E306, 1.7976931348623156E306, 1.7976931348623156E306, 0.0, 1.7976931348623156E306, 1.7976931348623156E306]
872	MoeSQLmosa	4	1	[0.0, 1.0, 1.0, 1.0, 1.0, 1.0, 1.0]
872	MoeSQLmosa	5	1	[1.7976931348623156E306, 1.7976931348623156E306, 1.7976931348623156E306, 1.7976931348623156E306, 1.7976931348623156E306, 1.7976931348623156E306, 0.0]
872	MoeSQLmosa	6	1	[1.7976931348623156E306, 1.7976931348623156E306, 0.0, 1.7976931348623156E306, 1.7976931348623156E306, 1.7976931348623156E306, 1.7976931348623156E306]
872	MOTGA	0	7	[0.0, 0.0, 0.0, 0.0, 0.0, 0.0, 0.0]
873	MoeSQLmosa	0	2	[0.0, 0.0]
873	MOTGA	0	2	[0.0, 0.0]
874	MoeSQLmosa	0	1	[21.46666666666667, 22.46666666666667, 0.0, 1.0]
874	MoeSQLmosa	1	1	[8.400162665724203, 0.0, 9.400162665724203, 9.400162665724203]
874	MoeSQLmosa	2	1	[0.0, 1.0, 1.0, 1.0]
874	MoeSQLmosa	3	1	[1.7976931348623156E306, 1.7976931348623156E306, 1.7976931348623156E306, 0.0]
874	MOTGA	0	4	[0.0, 0.0, 0.0, 0.0]
875	MoeSQLmosa	0	2	[0.0, 0.0, 1.0]
875	MoeSQLmosa	1	1	[1.7976931348623156E306, 1.7976931348623156E306, 0.0]
875	MOTGA	0	3	[0.0, 0.0, 0.0]
876	MoeSQLmosa	0	2	[0.0, 0.0]
876	MOTGA	0	2	[0.0, 0.0]
877	MoeSQLmosa	0	2	[0.0, 0.0]
877	MOTGA	0	2	[0.0, 0.0]
878	MoeSQLmosa	0	1	[1.0, 0.0]
878	MoeSQLmosa	1	1	[0.0, 16.620220057720058]
878	MOTGA	0	2	[0.0, 0.0]
880	MoeSQLmosa	0	1	[28.806677374185636, 29.806677374185636, 29.806677374185636, 29.806677374185636, 29.806677374185636, 0.0, 1.0, 3.0, 3.0]
880	MoeSQLmosa	1	1	[6.884848484848485, 7.884848484848485, 7.884848484848485, 0.0, 1.0, 7.884848484848485, 7.884848484848485, 3.0, 3.0]
880	MoeSQLmosa	2	1	[7.688832935986635, 0.0, 1.0, 8.688832935986635, 8.688832935986635, 8.688832935986635, 8.688832935986635, 3.0, 3.0]
880	MoeSQLmosa	3	1	[1.7976931348623156E306, 1.7976931348623156E306, 1.7976931348623156E306, 1.7976931348623156E306, 1.7976931348623156E306, 1.7976931348623156E306, 0.0, 3.0, 3.0]
880	MoeSQLmosa	4	1	[0.0, 1.0, 1.0, 1.0, 1.0, 1.0, 1.0, 2.0, 2.0]
880	MoeSQLmosa	5	1	[1.7976931348623156E306, 1.7976931348623156E306, 1.7976931348623156E306, 1.7976931348623156E306, 0.0, 1.7976931348623156E306, 1.7976931348623156E306, 3.0, 3.0]
880	MoeSQLmosa	6	1	[1.7976931348623156E306, 1.7976931348623156E306, 0.0, 1.7976931348623156E306, 1.7976931348623156E306, 1.7976931348623156E306, 1.7976931348623156E306, 3.0, 3.0]
880	MoeSQLmosa	7	3	[0.0, 1.0, 1.0, 1.0, 1.0, 1.0, 1.0, 0.0, 1.0]
880	MoeSQLmosa	8	3	[0.0, 1.0, 1.0, 1.0, 1.0, 1.0, 1.0, 1.0, 0.0]
880	MOTGA	0	12	[0.0, 0.0, 0.0, 0.0, 0.0, 0.0, 0.0, 0.0, 0.0]
881	MoeSQLmosa	0	1	[1.0, 0.0]
881	MoeSQLmosa	1	1	[0.0, 18.33142385605301]
881	MOTGA	0	2	[0.0, 0.0]
882	MoeSQLmosa	0	1	[0.0, 38.77218372617489, 1.0, 3.0]
882	MoeSQLmosa	1	1	[1.0, 0.0, 1.0, 2.0]
882	MoeSQLmosa	2	1	[1.7976931348623156E306, 1.7976931348623156E306, 0.0, 3.0]
882	MoeSQLmosa	3	3	[1.0, 0.0, 1.0, 0.0]
882	MOTGA	0	5	[0.0, 0.0, 0.0, 0.0]
883	MoeSQLmosa	0	1	[18.73780555284315, 19.73780555284315, 19.73780555284315, 0.0, 1.0]
883	MoeSQLmosa	1	1	[0.0, 1.0, 1.0, 1.0, 1.0]
883	MoeSQLmosa	2	1	[14.414035087719299, 0.0, 1.0, 15.414035087719299, 15.414035087719299]
883	MoeSQLmosa	3	1	[1.7976931348623156E306, 1.7976931348623156E306, 0.0, 1.7976931348623156E306, 1.7976931348623156E306]
883	MoeSQLmosa	4	1	[1.7976931348623156E306, 1.7976931348623156E306, 1.7976931348623156E306, 1.7976931348623156E306, 0.0]
883	MOTGA	0	5	[0.0, 0.0, 0.0, 0.0, 0.0]
884	MoeSQLmosa	0	1	[0.0, 1.0, 2.0]
884	MoeSQLmosa	1	1	[2.0, 1.0, 0.0]
884	MoeSQLmosa	2	1	[1.0, 0.0, 1.0]
884	MOTGA	0	3	[0.0, 0.0, 0.0]
885	MoeSQLmosa	0	2	[0.0, 0.0]
885	MOTGA	0	2	[0.0, 0.0]
886	MoeSQLmosa	0	2	[0.0, 0.0]
886	MOTGA	0	2	[0.0, 0.0]
887	MoeSQLmosa	0	1	[32.26693404634581, 33.26693404634581, 33.26693404634581, 33.26693404634581, 33.26693404634581, 0.0, 1.0]
887	MoeSQLmosa	1	1	[0.0, 1.0, 1.0, 1.0, 1.0, 1.0, 1.0]
887	MoeSQLmosa	2	1	[19.502393850719038, 20.502393850719038, 20.502393850719038, 0.0, 1.0, 20.502393850719038, 20.502393850719038]
887	MoeSQLmosa	3	1	[29.490403482726443, 0.0, 1.0, 30.490403482726443, 30.490403482726443, 30.490403482726443, 30.490403482726443]
887	MoeSQLmosa	4	1	[1.7976931348623156E306, 1.7976931348623156E306, 1.7976931348623156E306, 1.7976931348623156E306, 1.7976931348623156E306, 1.7976931348623156E306, 0.0]
887	MoeSQLmosa	5	1	[1.7976931348623156E306, 1.7976931348623156E306, 1.7976931348623156E306, 1.7976931348623156E306, 0.0, 1.7976931348623156E306, 1.7976931348623156E306]
887	MoeSQLmosa	6	1	[1.7976931348623156E306, 1.7976931348623156E306, 0.0, 1.7976931348623156E306, 1.7976931348623156E306, 1.7976931348623156E306, 1.7976931348623156E306]
887	MOTGA	0	7	[0.0, 0.0, 0.0, 0.0, 0.0, 0.0, 0.0]
888	MoeSQLmosa	0	1	[0.0, 21.508462197773532]
888	MoeSQLmosa	1	1	[1.0, 0.0]
888	MOTGA	0	2	[0.0, 0.0]
889	MoeSQLmosa	0	1	[34.80761904761905, 35.80761904761905, 35.80761904761905, 35.80761904761905, 0.0, 1.0, 34.80761904761905, 35.80761904761905]
889	MoeSQLmosa	1	1	[0.0, 1.0, 1.0, 1.0, 1.0, 1.0, 0.0, 1.0]
889	MoeSQLmosa	2	1	[6.0, 0.0, 7.0, 7.0, 7.0, 7.0, 1.0, 0.0]
889	MoeSQLmosa	3	1	[9.623809523809525, 10.623809523809525, 0.0, 1.0, 10.623809523809525, 10.623809523809525, 9.623809523809525, 10.623809523809525]
889	MoeSQLmosa	4	1	[1.7976931348623156E306, 1.7976931348623156E306, 1.7976931348623156E306, 0.0, 1.7976931348623156E306, 1.7976931348623156E306, 1.7976931348623156E306, 1.7976931348623156E306]
889	MoeSQLmosa	5	1	[1.7976931348623156E306, 1.7976931348623156E306, 1.7976931348623156E306, 1.7976931348623156E306, 1.7976931348623156E306, 0.0, 1.7976931348623156E306, 1.7976931348623156E306]
889	MOTGA	0	6	[0.0, 0.0, 0.0, 0.0, 0.0, 0.0, 0.0, 0.0]
890	MoeSQLmosa	0	2	[0.0, 0.0]
890	MOTGA	0	2	[0.0, 0.0]
891	MoeSQLmosa	0	2	[1.0, 0.0, 1.0, 2.0, 2.0, 1.0]
891	MoeSQLmosa	1	2	[40.53331164449585, 39.53331164449585, 40.53331164449585, 0.0, 0.0, 1.0]
891	MoeSQLmosa	2	2	[0.0, 18.422222222222224, 1.0, 2.0, 18.422222222222224, 19.422222222222224]
891	MoeSQLmosa	3	2	[1.7976931348623156E306, 1.7976931348623156E306, 0.0, 2.0, 1.7976931348623156E306, 1.7976931348623156E306]
891	MoeSQLmosa	4	2	[1.7976931348623156E306, 1.7976931348623156E306, 1.7976931348623156E306, 0.0, 1.0, 0.0]
891	MOTGA	0	4	[0.0, 0.0, 0.0, 2.0, 2.0, 1.7976931348623156E306]
891	MOTGA	1	2	[1.7976931348623156E306, 1.7976931348623156E306, 1.7976931348623156E306, 0.0, 1.0, 0.0]
892	MoeSQLmosa	0	1	[9.665501165501166, 0.0, 1.0, 10.665501165501166, 10.665501165501166, 10.665501165501166, 10.665501165501166, 44.14125874125875]
892	MoeSQLmosa	1	1	[10.579738885555539, 11.579738885555539, 11.579738885555539, 11.579738885555539, 11.579738885555539, 0.0, 1.0, 54.679199216365745]
892	MoeSQLmosa	2	1	[8.925659082701335, 9.925659082701335, 9.925659082701335, 0.0, 1.0, 9.925659082701335, 9.925659082701335, 36.90455894101296]
892	MoeSQLmosa	3	1	[1.7976931348623156E306, 1.7976931348623156E306, 0.0, 1.7976931348623156E306, 1.7976931348623156E306, 1.7976931348623156E306, 1.7976931348623156E306, 1.7976931348623156E306]
892	MoeSQLmosa	4	1	[0.0, 1.0, 1.0, 1.0, 1.0, 1.0, 1.0, 10.275112539452163]
892	MoeSQLmosa	5	1	[1.0, 2.0, 2.0, 2.0, 2.0, 2.0, 2.0, 0.0]
892	MoeSQLmosa	6	1	[1.7976931348623156E306, 1.7976931348623156E306, 1.7976931348623156E306, 1.7976931348623156E306, 1.7976931348623156E306, 1.7976931348623156E306, 0.0, 1.7976931348623156E306]
892	MoeSQLmosa	7	1	[1.7976931348623156E306, 1.7976931348623156E306, 1.7976931348623156E306, 1.7976931348623156E306, 0.0, 1.7976931348623156E306, 1.7976931348623156E306, 1.7976931348623156E306]
892	MOTGA	0	8	[0.0, 0.0, 0.0, 0.0, 0.0, 0.0, 0.0, 0.0]
893	MoeSQLmosa	0	1	[2.0, 1.0, 2.0, 2.0, 1.0, 2.0, 2.0, 1.0, 0.0, 1.0, 2.0, 2.0]
893	MoeSQLmosa	1	1	[15.666856939787976, 14.666856939787976, 15.666856939787976, 15.666856939787976, 14.666856939787976, 15.666856939787976, 15.666856939787976, 14.666856939787976, 15.666856939787976, 14.666856939787976, 0.0, 1.0]
893	MoeSQLmosa	2	1	[0.0, 1.0, 2.0, 2.0, 1.0, 2.0, 2.0, 1.0, 2.0, 1.0, 2.0, 2.0]
893	MoeSQLmosa	3	1	[2.0, 1.0, 2.0, 0.0, 1.0, 2.0, 2.0, 1.0, 2.0, 1.0, 2.0, 2.0]
893	MoeSQLmosa	4	1	[2.0, 1.0, 2.0, 2.0, 1.0, 2.0, 0.0, 1.0, 2.0, 1.0, 2.0, 2.0]
893	MoeSQLmosa	5	1	[1.0, 0.0, 1.0, 1.0, 0.0, 1.0, 1.0, 0.0, 1.0, 0.0, 1.0, 1.0]
893	MoeSQLmosa	6	1	[2.0, 1.0, 0.0, 2.0, 1.0, 2.0, 2.0, 1.0, 2.0, 1.0, 2.0, 2.0]
893	MoeSQLmosa	7	1	[1.7976931348623156E306, 1.7976931348623156E306, 1.7976931348623156E306, 1.7976931348623156E306, 1.7976931348623156E306, 1.7976931348623156E306, 1.7976931348623156E306, 1.7976931348623156E306, 1.7976931348623156E306, 1.7976931348623156E306, 1.7976931348623156E306, 0.0]
893	MoeSQLmosa	8	1	[2.0, 1.0, 2.0, 2.0, 1.0, 0.0, 2.0, 1.0, 2.0, 1.0, 2.0, 2.0]
893	MOTGA	0	9	[0.0, 0.0, 0.0, 0.0, 0.0, 0.0, 0.0, 0.0, 0.0, 0.0, 0.0, 0.0]
894	MoeSQLmosa	0	1	[1.0, 0.0, 2.0]
894	MoeSQLmosa	1	1	[0.0, 21.75093764778639, 3.0]
894	MoeSQLmosa	2	3	[1.0, 0.0, 0.0]
894	MOTGA	0	4	[0.0, 0.0, 0.0]
895	MoeSQLmosa	0	3	[633.5497835497836, 632.5497835497836, 633.5497835497836, 633.5497835497836, 632.5497835497836, 631.5497835497836, 632.5497835497836, 633.5497835497836, 633.5497835497836, 0.0, 0.0, 593.0, 632.5497835497836, 2.0, 632.5497835497836]
895	MoeSQLmosa	1	2	[35.55079365079365, 34.55079365079365, 35.55079365079365, 35.55079365079365, 34.55079365079365, 35.55079365079365, 34.55079365079365, 35.55079365079365, 35.55079365079365, 0.0, 1.0, 0.0, 34.55079365079365, 2.0, 34.55079365079365]
895	MoeSQLmosa	2	2	[1.7976931348623156E306, 1.7976931348623156E306, 1.7976931348623156E306, 1.7976931348623156E306, 1.7976931348623156E306, 1.7976931348623156E306, 1.7976931348623156E306, 1.7976931348623156E306, 0.0, 2.0, 3.0, 1.7976931348623156E306, 1.7976931348623156E306, 2.0, 1.7976931348623156E306]
895	MoeSQLmosa	3	3	[0.0, 1.0, 2.0, 2.0, 1.0, 2.0, 1.0, 0.0, 1.0, 2.0, 3.0, 41.26774193548387, 1.0, 2.0, 1.0]
895	MoeSQLmosa	4	2	[2.0, 1.0, 2.0, 2.0, 1.0, 0.0, 1.0, 2.0, 2.0, 2.0, 3.0, 1.0, 1.0, 2.0, 1.0]
895	MoeSQLmosa	5	2	[1.0, 0.0, 1.0, 1.0, 0.0, 1.0, 0.0, 1.0, 1.0, 2.0, 3.0, 2.0, 1.0, 1.0, 2.0]
895	MoeSQLmosa	6	3	[1.0, 0.0, 1.0, 1.0, 0.0, 1.0, 0.0, 1.0, 1.0, 2.0, 3.0, 2.0, 0.0, 1.0, 1.0]
895	MoeSQLmosa	7	4	[1.0, 0.0, 1.0, 1.0, 0.0, 1.0, 0.0, 1.0, 1.0, 2.0, 3.0, 2.0, 0.0, 1.0, 0.0]
895	MoeSQLmosa	8	3	[1.0, 0.0, 1.0, 1.0, 0.0, 1.0, 0.0, 1.0, 1.0, 2.0, 3.0, 2.0, 1.0, 0.0, 2.0]
895	MoeSQLmosa	9	2	[2.0, 1.0, 0.0, 2.0, 1.0, 2.0, 1.0, 2.0, 2.0, 2.0, 3.0, 1.0, 1.0, 2.0, 1.0]
895	MoeSQLmosa	10	2	[2.0, 1.0, 2.0, 0.0, 1.0, 2.0, 1.0, 2.0, 2.0, 2.0, 3.0, 1.0, 1.0, 2.0, 1.0]
895	MOTGA	0	3	[35.55079365079365, 34.55079365079365, 35.55079365079365, 35.55079365079365, 34.55079365079365, 35.55079365079365, 34.55079365079365, 35.55079365079365, 35.55079365079365, 0.0, 0.0, 0.0, 34.55079365079365, 2.0, 34.55079365079365]
895	MOTGA	1	14	[0.0, 0.0, 0.0, 0.0, 0.0, 0.0, 0.0, 0.0, 0.0, 2.0, 3.0, 2.0, 0.0, 0.0, 0.0]
896	MoeSQLmosa	0	2	[0.0, 0.0]
896	MOTGA	0	2	[0.0, 0.0]
897	MoeSQLmosa	0	1	[34.464646464646464, 35.464646464646464, 35.464646464646464, 35.464646464646464, 35.464646464646464, 0.0, 1.0]
897	MoeSQLmosa	1	1	[28.07118359979553, 0.0, 1.0, 29.07118359979553, 29.07118359979553, 29.07118359979553, 29.07118359979553]
897	MoeSQLmosa	2	1	[15.843261782099146, 16.843261782099148, 16.843261782099148, 0.0, 1.0, 16.843261782099148, 16.843261782099148]
897	MoeSQLmosa	3	1	[1.7976931348623156E306, 1.7976931348623156E306, 1.7976931348623156E306, 1.7976931348623156E306, 0.0, 1.7976931348623156E306, 1.7976931348623156E306]
897	MoeSQLmosa	4	1	[0.0, 1.0, 1.0, 1.0, 1.0, 1.0, 1.0]
897	MoeSQLmosa	5	1	[1.7976931348623156E306, 1.7976931348623156E306, 1.7976931348623156E306, 1.7976931348623156E306, 1.7976931348623156E306, 1.7976931348623156E306, 0.0]
897	MoeSQLmosa	6	1	[1.7976931348623156E306, 1.7976931348623156E306, 0.0, 1.7976931348623156E306, 1.7976931348623156E306, 1.7976931348623156E306, 1.7976931348623156E306]
897	MOTGA	0	7	[0.0, 0.0, 0.0, 0.0, 0.0, 0.0, 0.0]
898	MoeSQLmosa	0	1	[46.0, 47.0, 47.0, 0.0, 1.0, 147.0, 187.0, 169.0, 107.0, 46.0, 107.0, 47.0, 108.0, 148.0, 107.0, 108.0, 209.0, 88.0, 209.0, 169.0, 147.0, 87.0, 49.31301247771836]
898	MoeSQLmosa	1	1	[1.7976931348623156E306, 1.7976931348623156E306, 1.7976931348623156E306, 1.7976931348623156E306, 0.0, 1.7976931348623156E306, 1.7976931348623156E306, 1.7976931348623156E306, 1.7976931348623156E306, 1.7976931348623156E306, 1.7976931348623156E306, 1.7976931348623156E306, 1.7976931348623156E306, 1.7976931348623156E306, 1.7976931348623156E306, 1.7976931348623156E306, 1.7976931348623156E306, 1.7976931348623156E306, 1.7976931348623156E306, 1.7976931348623156E306, 1.7976931348623156E306, 1.7976931348623156E306, 1.7976931348623156E306]
898	MoeSQLmosa	2	1	[3.417741935483871, 0.0, 1.0, 4.417741935483871, 4.417741935483871, 88.41774193548387, 152.41774193548386, 42.417741935483875, 22.41774193548387, 3.417741935483871, 22.41774193548387, 4.417741935483871, 23.41774193548387, 87.41774193548387, 22.41774193548387, 23.41774193548387, 106.41774193548387, 69.41774193548387, 106.41774193548387, 42.417741935483875, 86.41774193548387, 68.41774193548387, 41.048297491039435]
898	MoeSQLmosa	3	1	[0.0, 1.0, 1.0, 1.0, 1.0, 81.0, 145.0, 31.0, 15.0, 0.0, 15.0, 1.0, 16.0, 80.0, 15.0, 16.0, 95.0, 66.0, 95.0, 31.0, 79.0, 65.0, 37.63055555555556]
898	MoeSQLmosa	4	1	[1.7976931348623156E306, 1.7976931348623156E306, 1.7976931348623156E306, 1.7976931348623156E306, 1.7976931348623156E306, 3.595386269724631E306, 1.7976931348623156E306, 5.393079404586947E306, 3.595386269724631E306, 1.7976931348623156E306, 1.7976931348623156E306, 59.0, 1.7976931348623156E306, 1.7976931348623156E306, 3.595386269724631E306, 5.393079404586947E306, 1.7976931348623156E306, 0.0, 5.393079404586947E306, 1.7976931348623156E306, 5.393079404586947E306, 118.0, 1.7976931348623156E306]
898	MoeSQLmosa	5	1	[1.7976931348623156E306, 1.7976931348623156E306, 1.7976931348623156E306, 1.7976931348623156E306, 1.7976931348623156E306, 1.7976931348623156E306, 1.7976931348623156E306, 43.0, 1.7976931348623156E306, 3.595386269724631E306, 3.595386269724631E306, 5.393079404586947E306, 1.7976931348623156E306, 1.7976931348623156E306, 1.7976931348623156E306, 0.0, 3.595386269724631E306, 5.393079404586947E306, 5.393079404586947E306, 5.393079404586947E306, 1.7976931348623156E306, 5.393079404586947E306, 1.7976931348623156E306]
898	MoeSQLmosa	6	1	[1.7976931348623156E306, 1.7976931348623156E306, 1.7976931348623156E306, 1.7976931348623156E306, 1.7976931348623156E306, 1.7976931348623156E306, 1.7976931348623156E306, 0.0, 1.7976931348623156E306, 1.7976931348623156E306, 1.7976931348623156E306, 5.393079404586947E306, 1.7976931348623156E306, 3.595386269724631E306, 3.595386269724631E306, 106.0, 1.7976931348623156E306, 5.393079404586947E306, 3.595386269724631E306, 3.595386269724631E306, 1.7976931348623156E306, 5.393079404586947E306, 1.7976931348623156E306]
898	MoeSQLmosa	7	1	[1.7976931348623156E306, 1.7976931348623156E306, 0.0, 1.7976931348623156E306, 1.7976931348623156E306, 1.7976931348623156E306, 1.7976931348623156E306, 1.7976931348623156E306, 1.7976931348623156E306, 1.7976931348623156E306, 1.7976931348623156E306, 1.7976931348623156E306, 1.7976931348623156E306, 1.7976931348623156E306, 1.7976931348623156E306, 1.7976931348623156E306, 1.7976931348623156E306, 1.7976931348623156E306, 1.7976931348623156E306, 1.7976931348623156E306, 1.7976931348623156E306, 1.7976931348623156E306, 1.7976931348623156E306]
898	MoeSQLmosa	8	1	[91.0, 92.0, 92.0, 92.0, 92.0, 91.0, 0.0, 1.0, 182.0, 115.0, 0.0, 91.0, 230.0, 115.0, 205.0, 116.0, 0.0, 1.0, 205.0, 115.0, 90.0, 181.0, 94.31385281385282]
898	MoeSQLmosa	9	1	[0.0, 1.0, 1.0, 1.0, 1.0, 0.0, 4.0, 38.0, 5.0, 43.0, 80.0, 5.0, 4.0, 9.0, 4.0, 1.0, 46.0, 10.0, 46.0, 42.0, 8.0, 9.0, 2.3333333333333335]
898	MoeSQLmosa	10	1	[8.0, 9.0, 9.0, 9.0, 9.0, 9.0, 16.0, 38.0, 0.0, 39.0, 76.0, 1.0, 0.0, 8.0, 0.0, 1.0, 45.0, 9.0, 45.0, 38.0, 7.0, 8.0, 11.313852813852813]
898	MoeSQLmosa	11	1	[1.7976931348623156E306, 1.7976931348623156E306, 1.7976931348623156E306, 1.7976931348623156E306, 1.7976931348623156E306, 1.7976931348623156E306, 1.7976931348623156E306, 5.393079404586947E306, 1.7976931348623156E306, 1.7976931348623156E306, 1.7976931348623156E306, 0.0, 1.7976931348623156E306, 3.595386269724631E306, 1.7976931348623156E306, 5.393079404586947E306, 3.595386269724631E306, 3.0, 3.595386269724631E306, 1.7976931348623156E306, 3.595386269724631E306, 2.0, 1.7976931348623156E306]
898	MoeSQLmosa	12	1	[1.0, 2.0, 2.0, 2.0, 2.0, 1.0, 0.0, 76.0, 2.0, 75.0, 150.0, 2.0, 0.0, 1.0, 0.0, 1.0, 76.0, 3.0, 74.0, 75.0, 0.0, 1.0, 4.313852813852813]
898	MoeSQLmosa	13	1	[0.0, 1.0, 1.0, 1.0, 1.0, 154.0, 40.0, 41.0, 268.0, 80.0, 120.0, 114.0, 40.0, 0.0, 113.0, 1.0, 40.0, 1.0, 192.0, 79.0, 153.0, 227.0, 3.313852813852814]
898	MoeSQLmosa	14	1	[1.7976931348623156E306, 1.7976931348623156E306, 1.7976931348623156E306, 1.7976931348623156E306, 1.7976931348623156E306, 3.595386269724631E306, 1.7976931348623156E306, 5.393079404586947E306, 3.595386269724631E306, 1.7976931348623156E306, 1.7976931348623156E306, 1.0, 1.7976931348623156E306, 5.393079404586947E306, 1.7976931348623156E306, 5.393079404586947E306, 5.393079404586947E306, 2.0, 1.7976931348623156E306, 3.595386269724631E306, 1.7976931348623156E306, 0.0, 1.7976931348623156E306]
898	MoeSQLmosa	15	1	[1.0, 2.0, 2.0, 2.0, 2.0, 1.0, 116.0, 83.0, 117.0, 197.0, 278.0, 117.0, 116.0, 232.0, 116.0, 2.0, 313.0, 233.0, 311.0, 196.0, 231.0, 232.0, 0.0]
898	MoeSQLmosa	16	1	[1.0, 2.0, 2.0, 2.0, 2.0, 2.0, 4.0, 3.0, 0.0, 1.0, 2.0, 1.0, 0.0, 3.0, 0.0, 2.0, 4.0, 4.0, 2.0, 0.0, 3.0, 3.0, 3.3333333333333335]
898	MoeSQLmosa	17	1	[0.0, 1.0, 1.0, 1.0, 1.0, 2.0, 1.0, 3.0, 3.0, 2.0, 3.0, 2.0, 1.0, 2.0, 1.0, 2.0, 3.0, 3.0, 0.0, 1.0, 1.0, 1.0, 3.313852813852814]
898	MOTGA	0	17	[0.0, 0.0, 0.0, 0.0, 0.0, 0.0, 0.0, 0.0, 0.0, 0.0, 0.0, 0.0, 0.0, 0.0, 0.0, 0.0, 0.0, 0.0, 0.0, 0.0, 0.0, 0.0, 0.0]
899	MoeSQLmosa	0	3	[0.0]
899	MOTGA	0	3	[0.0]
900	MoeSQLmosa	0	1	[0.0, 38.25070517355166]
900	MoeSQLmosa	1	1	[1.0, 0.0]
900	MOTGA	0	2	[0.0, 0.0]
901	MoeSQLmosa	0	2	[0.0, 0.0]
901	MOTGA	0	2	[0.0, 0.0]
902	MoeSQLmosa	0	1	[1.0, 0.0]
902	MoeSQLmosa	1	1	[0.0, 21.355616104583234]
902	MOTGA	0	2	[0.0, 0.0]
903	MoeSQLmosa	0	1	[1.0, 0.0]
903	MoeSQLmosa	1	1	[0.0, 13.858013045513045]
903	MOTGA	0	2	[0.0, 0.0]
904	MoeSQLmosa	0	2	[0.0, 0.0]
904	MOTGA	0	2	[0.0, 0.0]
905	MoeSQLmosa	0	1	[1.0, 0.0, 1.0, 0.0, 1.0, 1.0]
905	MoeSQLmosa	1	1	[42.461480180036666, 41.461480180036666, 42.461480180036666, 41.461480180036666, 0.0, 1.0]
905	MoeSQLmosa	2	1	[2.0, 1.0, 0.0, 1.0, 2.0, 2.0]
905	MoeSQLmosa	3	1	[0.0, 1.0, 2.0, 1.0, 2.0, 2.0]
905	MoeSQLmosa	4	1	[1.7976931348623156E306, 1.7976931348623156E306, 1.7976931348623156E306, 1.7976931348623156E306, 1.7976931348623156E306, 0.0]
905	MOTGA	0	5	[0.0, 0.0, 0.0, 0.0, 0.0, 0.0]
906	MoeSQLmosa	0	2	[0.0, 0.0]
906	MOTGA	0	2	[0.0, 0.0]
907	MoeSQLmosa	0	1	[1.0, 2.0, 3.0, 1.0, 0.0, 1.0]
907	MoeSQLmosa	1	2	[275.0, 276.0, 277.0, 0.0, 1.0, 0.0]
907	MoeSQLmosa	2	2	[0.0, 1.0, 0.0, 356.0, 355.0, 354.0]
907	MoeSQLmosa	3	1	[1.0, 0.0, 1.0, 3.0, 2.0, 1.0]
907	MOTGA	0	4	[0.0, 0.0, 0.0, 0.0, 0.0, 0.0]
908	MoeSQLmosa	0	2	[0.0, 0.0]
908	MOTGA	0	2	[0.0, 0.0]
909	MoeSQLmosa	0	1	[22.153535353535354, 62.82853535353535, 24.153535353535354, 23.153535353535354, 22.153535353535354, 0.0, 1.0, 22.153535353535354, 23.153535353535354, 22.153535353535354]
909	MoeSQLmosa	1	1	[0.0, 23.88837685611879, 2.0, 1.0, 0.0, 1.0, 1.0, 0.0, 1.0, 0.0]
909	MoeSQLmosa	2	1	[1.7976931348623156E306, 1.7976931348623156E306, 1.7976931348623156E306, 1.7976931348623156E306, 1.7976931348623156E306, 1.7976931348623156E306, 0.0, 1.7976931348623156E306, 1.7976931348623156E306, 1.7976931348623156E306]
909	MoeSQLmosa	3	1	[1.0, 0.0, 148.0, 147.0, 146.0, 2.0, 2.0, 0.0, 1.0, 1.0]
909	MoeSQLmosa	4	1	[0.0, 6.0, 2.0, 1.0, 0.0, 1.0, 1.0, 1.0, 0.0, 0.0]
909	MoeSQLmosa	5	1	[2.0, 8.0, 0.0, 1.0, 2.0, 3.0, 3.0, 3.0, 2.0, 0.0]
909	MoeSQLmosa	6	1	[1.0, 7.0, 1.0, 0.0, 1.0, 2.0, 2.0, 2.0, 1.0, 0.0]
909	MOTGA	0	6	[0.0, 0.0, 0.0, 0.0, 0.0, 0.0, 0.0, 0.0, 0.0, 0.0]
910	MoeSQLmosa	0	2	[0.0, 0.0, 1.0]
910	MoeSQLmosa	1	1	[1.7976931348623156E306, 1.7976931348623156E306, 0.0]
910	MOTGA	0	3	[0.0, 0.0, 0.0]
912	MoeSQLmosa	0	2	[0.0, 0.0]
912	MOTGA	0	2	[0.0, 0.0]
913	MoeSQLmosa	0	1	[11.23778991600228, 12.23778991600228, 12.23778991600228, 0.0, 1.0, 12.23778991600228, 12.23778991600228, 11.23778991600228, 3.0]
913	MoeSQLmosa	1	1	[13.0, 14.0, 14.0, 14.0, 14.0, 0.0, 0.0, 1.0, 3.0]
913	MoeSQLmosa	2	1	[37.19761904761905, 0.0, 1.0, 38.19761904761905, 38.19761904761905, 38.19761904761905, 37.19761904761905, 38.19761904761905, 3.0]
913	MoeSQLmosa	3	1	[0.0, 1.0, 1.0, 1.0, 1.0, 1.0, 0.0, 1.0, 2.0]
913	MoeSQLmosa	4	1	[1.7976931348623156E306, 1.7976931348623156E306, 0.0, 1.7976931348623156E306, 1.7976931348623156E306, 1.7976931348623156E306, 1.7976931348623156E306, 1.7976931348623156E306, 3.0]
913	MoeSQLmosa	5	1	[1.7976931348623156E306, 1.7976931348623156E306, 1.7976931348623156E306, 1.7976931348623156E306, 0.0, 1.7976931348623156E306, 1.7976931348623156E306, 1.7976931348623156E306, 3.0]
913	MoeSQLmosa	6	1	[0.0, 1.0, 1.0, 1.0, 1.0, 1.0, 1.0, 0.0, 2.0]
913	MoeSQLmosa	7	3	[0.0, 1.0, 1.0, 1.0, 1.0, 1.0, 0.0, 1.0, 0.0]
913	MOTGA	0	9	[0.0, 0.0, 0.0, 0.0, 0.0, 0.0, 0.0, 0.0, 0.0]
914	MoeSQLmosa	0	1	[0.0, 20.951110483719177]
914	MoeSQLmosa	1	1	[1.0, 0.0]
914	MOTGA	0	2	[0.0, 0.0]
915	MoeSQLmosa	0	1	[25.500396825396823, 0.0, 1.0, 26.500396825396823, 25.500396825396823, 26.500396825396823, 3.0]
915	MoeSQLmosa	1	1	[1.7976931348623156E306, 1.7976931348623156E306, 0.0, 1.7976931348623156E306, 1.7976931348623156E306, 1.7976931348623156E306, 3.0]
915	MoeSQLmosa	2	1	[0.0, 1.0, 1.0, 1.0, 0.0, 1.0, 2.0]
915	MoeSQLmosa	3	1	[1.0, 2.0, 2.0, 2.0, 1.0, 0.0, 3.0]
915	MoeSQLmosa	4	1	[1.0, 2.0, 2.0, 0.0, 1.0, 2.0, 3.0]
915	MoeSQLmosa	5	3	[0.0, 1.0, 1.0, 1.0, 0.0, 1.0, 0.0]
915	MOTGA	0	7	[0.0, 0.0, 0.0, 0.0, 0.0, 0.0, 0.0]
916	MoeSQLmosa	0	1	[1.0, 2.0, 2.0, 2.0, 1.0, 0.0]
916	MoeSQLmosa	1	1	[29.807900432900432, 0.0, 1.0, 30.807900432900432, 29.807900432900432, 30.807900432900432]
916	MoeSQLmosa	2	1	[0.0, 1.0, 1.0, 1.0, 0.0, 1.0]
916	MoeSQLmosa	3	1	[1.0, 2.0, 2.0, 0.0, 1.0, 2.0]
916	MoeSQLmosa	4	1	[1.7976931348623156E306, 1.7976931348623156E306, 0.0, 1.7976931348623156E306, 1.7976931348623156E306, 1.7976931348623156E306]
916	MOTGA	0	5	[0.0, 0.0, 0.0, 0.0, 0.0, 0.0]
917	MoeSQLmosa	0	3	[0.0]
917	MOTGA	0	3	[0.0]
918	MoeSQLmosa	0	1	[1.0, 0.0, 1.0]
918	MoeSQLmosa	1	1	[0.0, 29.330952380952382, 1.0]
918	MoeSQLmosa	2	1	[1.7976931348623156E306, 1.7976931348623156E306, 0.0]
918	MOTGA	0	3	[0.0, 0.0, 0.0]
919	MoeSQLmosa	0	2	[0.0, 0.0, 1.0]
919	MoeSQLmosa	1	1	[1.7976931348623156E306, 1.7976931348623156E306, 0.0]
919	MOTGA	0	3	[0.0, 0.0, 0.0]
920	MoeSQLmosa	0	1	[1.0, 0.0]
920	MoeSQLmosa	1	1	[0.0, 22.407760598095745]
920	MOTGA	0	2	[0.0, 0.0]
921	MoeSQLmosa	0	1	[7.879586763444344, 8.879586763444344, 8.879586763444344, 0.0, 1.0, 8.879586763444344, 8.879586763444344]
921	MoeSQLmosa	1	1	[10.541739330480056, 0.0, 1.0, 11.541739330480056, 11.541739330480056, 11.541739330480056, 11.541739330480056]
921	MoeSQLmosa	2	1	[5.8596035515565355, 6.8596035515565355, 6.8596035515565355, 6.8596035515565355, 6.8596035515565355, 0.0, 1.0]
921	MoeSQLmosa	3	1	[1.7976931348623156E306, 1.7976931348623156E306, 1.7976931348623156E306, 1.7976931348623156E306, 0.0, 1.7976931348623156E306, 1.7976931348623156E306]
921	MoeSQLmosa	4	1	[1.7976931348623156E306, 1.7976931348623156E306, 1.7976931348623156E306, 1.7976931348623156E306, 1.7976931348623156E306, 1.7976931348623156E306, 0.0]
921	MoeSQLmosa	5	1	[0.0, 1.0, 1.0, 1.0, 1.0, 1.0, 1.0]
921	MoeSQLmosa	6	1	[1.7976931348623156E306, 1.7976931348623156E306, 0.0, 1.7976931348623156E306, 1.7976931348623156E306, 1.7976931348623156E306, 1.7976931348623156E306]
921	MOTGA	0	7	[0.0, 0.0, 0.0, 0.0, 0.0, 0.0, 0.0]
922	MoeSQLmosa	0	1	[1.0, 0.0, 1.0, 0.0, 1.0, 1.0]
922	MoeSQLmosa	1	1	[30.31987622800316, 29.31987622800316, 30.31987622800316, 29.31987622800316, 0.0, 1.0]
922	MoeSQLmosa	2	1	[0.0, 1.0, 2.0, 1.0, 2.0, 2.0]
922	MoeSQLmosa	3	1	[1.7976931348623156E306, 1.7976931348623156E306, 1.7976931348623156E306, 1.7976931348623156E306, 1.7976931348623156E306, 0.0]
922	MoeSQLmosa	4	1	[2.0, 1.0, 0.0, 1.0, 2.0, 2.0]
922	MOTGA	0	5	[0.0, 0.0, 0.0, 0.0, 0.0, 0.0]
923	MoeSQLmosa	0	1	[0.0, 44.98033126293996]
923	MoeSQLmosa	1	1	[1.0, 0.0]
923	MOTGA	0	2	[0.0, 0.0]
924	MoeSQLmosa	0	1	[0.0, 6.239177489177489]
924	MoeSQLmosa	1	1	[1.0, 0.0]
924	MOTGA	0	2	[0.0, 0.0]
925	MoeSQLmosa	0	2	[0.0, 0.0]
925	MOTGA	0	2	[0.0, 0.0]
926	MoeSQLmosa	0	2	[0.0, 0.0, 1.0]
926	MoeSQLmosa	1	1	[1.7976931348623156E306, 1.7976931348623156E306, 0.0]
926	MOTGA	0	3	[0.0, 0.0, 0.0]
927	MoeSQLmosa	0	2	[0.0, 0.0]
927	MOTGA	0	2	[0.0, 0.0]
928	MoeSQLmosa	0	1	[19.144987692595567, 0.0, 1.0, 20.144987692595567, 20.144987692595567, 20.144987692595567, 19.144987692595567, 20.144987692595567]
928	MoeSQLmosa	1	1	[7.604356060606062, 8.604356060606062, 8.604356060606062, 0.0, 1.0, 8.604356060606062, 7.604356060606062, 8.604356060606062]
928	MoeSQLmosa	2	1	[0.0, 1.0, 1.0, 1.0, 1.0, 1.0, 0.0, 1.0]
928	MoeSQLmosa	3	1	[1.0, 2.0, 2.0, 2.0, 2.0, 0.0, 1.0, 2.0]
928	MoeSQLmosa	4	1	[1.7976931348623156E306, 1.7976931348623156E306, 0.0, 1.7976931348623156E306, 1.7976931348623156E306, 1.7976931348623156E306, 1.7976931348623156E306, 1.7976931348623156E306]
928	MoeSQLmosa	5	1	[1.0, 2.0, 2.0, 2.0, 2.0, 2.0, 1.0, 0.0]
928	MoeSQLmosa	6	1	[1.7976931348623156E306, 1.7976931348623156E306, 1.7976931348623156E306, 1.7976931348623156E306, 0.0, 1.7976931348623156E306, 1.7976931348623156E306, 1.7976931348623156E306]
928	MOTGA	0	7	[0.0, 0.0, 0.0, 0.0, 0.0, 0.0, 0.0, 0.0]
929	MoeSQLmosa	0	1	[0.0, 21.95416294817368]
929	MoeSQLmosa	1	1	[1.0, 0.0]
929	MOTGA	0	2	[0.0, 0.0]
930	MoeSQLmosa	0	1	[26.796812154348917, 0.0, 1.0, 27.796812154348917, 27.796812154348917, 27.796812154348917, 27.796812154348917]
930	MoeSQLmosa	1	1	[10.595238095238095, 11.595238095238095, 11.595238095238095, 11.595238095238095, 11.595238095238095, 0.0, 1.0]
930	MoeSQLmosa	2	1	[23.038795518207284, 24.038795518207284, 24.038795518207284, 0.0, 1.0, 24.038795518207284, 24.038795518207284]
930	MoeSQLmosa	3	1	[1.7976931348623156E306, 1.7976931348623156E306, 0.0, 1.7976931348623156E306, 1.7976931348623156E306, 1.7976931348623156E306, 1.7976931348623156E306]
930	MoeSQLmosa	4	1	[1.7976931348623156E306, 1.7976931348623156E306, 1.7976931348623156E306, 1.7976931348623156E306, 1.7976931348623156E306, 1.7976931348623156E306, 0.0]
930	MoeSQLmosa	5	1	[0.0, 1.0, 1.0, 1.0, 1.0, 1.0, 1.0]
930	MoeSQLmosa	6	1	[1.7976931348623156E306, 1.7976931348623156E306, 1.7976931348623156E306, 1.7976931348623156E306, 0.0, 1.7976931348623156E306, 1.7976931348623156E306]
930	MOTGA	0	7	[0.0, 0.0, 0.0, 0.0, 0.0, 0.0, 0.0]
931	MoeSQLmosa	0	1	[0.0, 13.709644522144522]
931	MoeSQLmosa	1	1	[1.0, 0.0]
931	MOTGA	0	2	[0.0, 0.0]
932	MoeSQLmosa	0	1	[1.0, 0.0]
932	MoeSQLmosa	1	1	[0.0, 11.904161930024]
932	MOTGA	0	2	[0.0, 0.0]
933	MoeSQLmosa	0	1	[20.246278439605508, 21.246278439605508, 21.246278439605508, 0.0, 1.0, 21.246278439605508, 20.246278439605508, 21.246278439605508, 3.0]
933	MoeSQLmosa	1	1	[0.0, 1.0, 1.0, 1.0, 1.0, 1.0, 0.0, 1.0, 2.0]
933	MoeSQLmosa	2	1	[20.246278439605508, 0.0, 1.0, 21.246278439605508, 21.246278439605508, 21.246278439605508, 20.246278439605508, 21.246278439605508, 3.0]
933	MoeSQLmosa	3	1	[1.0, 2.0, 2.0, 2.0, 2.0, 0.0, 1.0, 2.0, 3.0]
933	MoeSQLmosa	4	1	[1.0, 2.0, 2.0, 2.0, 2.0, 2.0, 1.0, 0.0, 3.0]
933	MoeSQLmosa	5	1	[1.7976931348623156E306, 1.7976931348623156E306, 1.7976931348623156E306, 1.7976931348623156E306, 0.0, 1.7976931348623156E306, 1.7976931348623156E306, 1.7976931348623156E306, 3.0]
933	MoeSQLmosa	6	1	[1.7976931348623156E306, 1.7976931348623156E306, 0.0, 1.7976931348623156E306, 1.7976931348623156E306, 1.7976931348623156E306, 1.7976931348623156E306, 1.7976931348623156E306, 3.0]
933	MoeSQLmosa	7	3	[0.0, 1.0, 1.0, 1.0, 1.0, 1.0, 0.0, 1.0, 0.0]
933	MOTGA	0	9	[0.0, 0.0, 0.0, 0.0, 0.0, 0.0, 0.0, 0.0, 0.0]
934	MoeSQLmosa	0	2	[0.0, 0.0, 1.0, 1.0, 0.0, 1.0, 2.0, 2.0, 2.0, 2.0]
934	MoeSQLmosa	1	1	[1.7976931348623156E306, 1.7976931348623156E306, 0.0, 1.7976931348623156E306, 1.7976931348623156E306, 1.7976931348623156E306, 3.0, 3.0, 3.0, 3.0]
934	MoeSQLmosa	2	1	[1.0, 2.0, 2.0, 2.0, 1.0, 0.0, 3.0, 3.0, 3.0, 3.0]
934	MoeSQLmosa	3	1	[1.0, 2.0, 2.0, 0.0, 1.0, 2.0, 3.0, 3.0, 3.0, 3.0]
934	MoeSQLmosa	4	3	[0.0, 1.0, 1.0, 1.0, 0.0, 1.0, 0.0, 1.0, 0.0, 1.0]
934	MoeSQLmosa	5	3	[0.0, 1.0, 1.0, 1.0, 0.0, 1.0, 1.0, 0.0, 1.0, 0.0]
934	MOTGA	0	11	[0.0, 0.0, 0.0, 0.0, 0.0, 0.0, 0.0, 0.0, 0.0, 0.0]
936	MoeSQLmosa	0	2	[0.0, 0.0]
936	MOTGA	0	2	[0.0, 0.0]
937	MoeSQLmosa	0	3	[0.0]
937	MOTGA	0	3	[0.0]
939	MoeSQLmosa	0	2	[0.0, 0.0]
939	MOTGA	0	2	[0.0, 0.0]
940	MoeSQLmosa	0	2	[0.0, 0.0]
940	MOTGA	0	2	[0.0, 0.0]
941	MoeSQLmosa	0	2	[1.7976931348623156E306, 1.7976931348623156E306, 1.7976931348623156E306, 0.0, 1.0, 1.7976931348623156E306, 1.7976931348623156E306, 1.7976931348623156E306, 1.7976931348623156E306, 1.7976931348623156E306, 1.7976931348623156E306, 1.7976931348623156E306, 1.7976931348623156E306, 1.7976931348623156E306]
941	MoeSQLmosa	1	2	[1.7976931348623156E306, 1.7976931348623156E306, 1.7976931348623156E306, 0.0, 1.0, 1.7976931348623156E306, 1.7976931348623156E306, 1.7976931348623156E306, 1.7976931348623156E306, 1.7976931348623156E306, 1.7976931348623156E306, 1.7976931348623156E306, 1.7976931348623156E306, 0.0]
941	MoeSQLmosa	2	2	[1.7976931348623156E306, 1.7976931348623156E306, 1.7976931348623156E306, 0.0, 0.0, 1.7976931348623156E306, 1.7976931348623156E306, 1.7976931348623156E306, 1.7976931348623156E306, 1.7976931348623156E306, 1.7976931348623156E306, 1.7976931348623156E306, 1.7976931348623156E306, 1.7976931348623156E306]
941	MoeSQLmosa	3	2	[1.7976931348623156E306, 1.7976931348623156E306, 1.7976931348623156E306, 0.0, 1.0, 1.7976931348623156E306, 1.7976931348623156E306, 0.0, 1.7976931348623156E306, 1.7976931348623156E306, 1.7976931348623156E306, 1.7976931348623156E306, 1.7976931348623156E306, 1.7976931348623156E306]
941	MoeSQLmosa	4	2	[1.7976931348623156E306, 1.7976931348623156E306, 1.7976931348623156E306, 0.0, 1.0, 1.7976931348623156E306, 0.0, 1.7976931348623156E306, 1.7976931348623156E306, 1.7976931348623156E306, 1.7976931348623156E306, 1.7976931348623156E306, 1.7976931348623156E306, 1.7976931348623156E306]
941	MoeSQLmosa	5	3	[6.939825758087391, 7.939825758087391, 7.939825758087391, 0.0, 1.0, 0.0, 1.7976931348623156E306, 1.7976931348623156E306, 1.7976931348623156E306, 1.7976931348623156E306, 1.7976931348623156E306, 1.7976931348623156E306, 0.0, 1.7976931348623156E306]
941	MoeSQLmosa	6	2	[1.7976931348623156E306, 1.7976931348623156E306, 1.7976931348623156E306, 0.0, 1.0, 1.7976931348623156E306, 1.7976931348623156E306, 1.7976931348623156E306, 0.0, 1.7976931348623156E306, 1.7976931348623156E306, 1.7976931348623156E306, 1.7976931348623156E306, 1.7976931348623156E306]
941	MoeSQLmosa	7	2	[1.7976931348623156E306, 1.7976931348623156E306, 1.7976931348623156E306, 0.0, 1.0, 1.7976931348623156E306, 1.7976931348623156E306, 1.7976931348623156E306, 1.7976931348623156E306, 1.7976931348623156E306, 0.0, 1.7976931348623156E306, 1.7976931348623156E306, 1.7976931348623156E306]
941	MoeSQLmosa	8	2	[6.891279540064334, 7.891279540064334, 7.891279540064334, 0.0, 1.0, 0.0, 1.7976931348623156E306, 1.7976931348623156E306, 1.7976931348623156E306, 1.7976931348623156E306, 1.7976931348623156E306, 0.0, 1.7976931348623156E306, 1.7976931348623156E306]
941	MoeSQLmosa	9	3	[0.0, 0.0, 1.0, 1.0, 1.0, 0.0, 1.7976931348623156E306, 1.7976931348623156E306, 1.7976931348623156E306, 1.7976931348623156E306, 1.7976931348623156E306, 1.7976931348623156E306, 1.7976931348623156E306, 1.7976931348623156E306]
941	MoeSQLmosa	10	2	[1.7976931348623156E306, 1.7976931348623156E306, 0.0, 1.7976931348623156E306, 1.7976931348623156E306, 1.7976931348623156E306, 3.595386269724631E306, 3.595386269724631E306, 3.595386269724631E306, 3.595386269724631E306, 3.595386269724631E306, 3.595386269724631E306, 3.595386269724631E306, 3.595386269724631E306]
941	MoeSQLmosa	11	2	[41.3, 42.3, 42.3, 0.0, 1.0, 0.0, 1.7976931348623156E306, 1.7976931348623156E306, 1.7976931348623156E306, 0.0, 1.7976931348623156E306, 1.7976931348623156E306, 1.7976931348623156E306, 1.7976931348623156E306]
941	MOTGA	0	12	[0.0, 0.0, 0.0, 0.0, 0.0, 0.0, 0.0, 0.0, 0.0, 0.0, 0.0, 0.0, 0.0, 0.0]
942	MoeSQLmosa	0	2	[0.0, 0.0]
942	MOTGA	0	2	[0.0, 0.0]
943	MoeSQLmosa	0	1	[1.0, 0.0]
943	MoeSQLmosa	1	1	[0.0, 27.604860196164545]
943	MOTGA	0	2	[0.0, 0.0]
944	MoeSQLmosa	0	1	[0.0, 20.933668689938486, 1.0, 3.0]
944	MoeSQLmosa	1	1	[1.0, 0.0, 1.0, 2.0]
944	MoeSQLmosa	2	1	[1.7976931348623156E306, 1.7976931348623156E306, 0.0, 3.0]
944	MoeSQLmosa	3	3	[1.0, 0.0, 1.0, 0.0]
944	MOTGA	0	5	[0.0, 0.0, 0.0, 0.0]
945	MoeSQLmosa	0	1	[1.0, 0.0]
945	MoeSQLmosa	1	1	[0.0, 7.195876280363687]
945	MOTGA	0	2	[0.0, 0.0]
946	MoeSQLmosa	0	2	[0.0, 0.0, 1.0]
946	MoeSQLmosa	1	1	[1.7976931348623156E306, 1.7976931348623156E306, 0.0]
946	MOTGA	0	3	[0.0, 0.0, 0.0]
947	MoeSQLmosa	0	1	[1.0, 0.0, 1.0, 1.0, 0.0, 1.0]
947	MoeSQLmosa	1	1	[2.0, 1.0, 2.0, 0.0, 1.0, 2.0]
947	MoeSQLmosa	2	1	[2.0, 1.0, 2.0, 2.0, 1.0, 0.0]
947	MoeSQLmosa	3	1	[2.0, 1.0, 0.0, 2.0, 1.0, 2.0]
947	MoeSQLmosa	4	1	[0.0, 1.0, 2.0, 2.0, 1.0, 2.0]
947	MOTGA	0	5	[0.0, 0.0, 0.0, 0.0, 0.0, 0.0]
948	MoeSQLmosa	0	1	[18.9, 19.9, 19.9, 19.9, 19.9, 19.9, 19.9, 0.0, 1.0]
948	MoeSQLmosa	1	1	[9.275854700854701, 10.275854700854701, 10.275854700854701, 0.0, 1.0, 10.275854700854701, 10.275854700854701, 10.275854700854701, 10.275854700854701]
948	MoeSQLmosa	2	1	[0.0, 1.0, 1.0, 1.0, 1.0, 1.0, 1.0, 1.0, 1.0]
948	MoeSQLmosa	3	1	[1.6666666666666665, 0.0, 1.0, 2.6666666666666665, 2.6666666666666665, 2.6666666666666665, 2.6666666666666665, 2.6666666666666665, 2.6666666666666665]
948	MoeSQLmosa	4	1	[3.2898370615851977, 4.289837061585198, 4.289837061585198, 4.289837061585198, 4.289837061585198, 0.0, 1.0, 4.289837061585198, 4.289837061585198]
948	MoeSQLmosa	5	1	[1.7976931348623156E306, 1.7976931348623156E306, 1.7976931348623156E306, 1.7976931348623156E306, 1.7976931348623156E306, 1.7976931348623156E306, 1.7976931348623156E306, 1.7976931348623156E306, 0.0]
948	MoeSQLmosa	6	1	[1.7976931348623156E306, 1.7976931348623156E306, 1.7976931348623156E306, 1.7976931348623156E306, 1.7976931348623156E306, 1.7976931348623156E306, 0.0, 1.7976931348623156E306, 1.7976931348623156E306]
948	MoeSQLmosa	7	1	[1.7976931348623156E306, 1.7976931348623156E306, 1.7976931348623156E306, 1.7976931348623156E306, 0.0, 1.7976931348623156E306, 1.7976931348623156E306, 1.7976931348623156E306, 1.7976931348623156E306]
948	MoeSQLmosa	8	1	[1.7976931348623156E306, 1.7976931348623156E306, 0.0, 1.7976931348623156E306, 1.7976931348623156E306, 1.7976931348623156E306, 1.7976931348623156E306, 1.7976931348623156E306, 1.7976931348623156E306]
948	MOTGA	0	9	[0.0, 0.0, 0.0, 0.0, 0.0, 0.0, 0.0, 0.0, 0.0]
949	MoeSQLmosa	0	1	[12.307380952380953, 24.614761904761906, 14.307380952380953, 13.307380952380953, 12.307380952380953, 0.0, 1.0, 12.307380952380953, 13.307380952380953, 12.307380952380953]
949	MoeSQLmosa	1	1	[0.0, 12.031410256410256, 2.0, 1.0, 0.0, 1.0, 1.0, 0.0, 1.0, 0.0]
949	MoeSQLmosa	2	2	[0.0, 6.0, 2.0, 1.0, 0.0, 1.0, 0.0, 1.0, 0.0, 0.0]
949	MoeSQLmosa	3	1	[1.0, 0.0, 3.0, 2.0, 1.0, 2.0, 2.0, 0.0, 1.0, 1.0]
949	MoeSQLmosa	4	1	[1.0, 2.0, 1.0, 0.0, 1.0, 2.0, 2.0, 1.0, 2.0, 0.0]
949	MoeSQLmosa	5	1	[2.0, 42.64285714285714, 0.0, 1.0, 2.0, 3.0, 3.0, 2.0, 3.0, 0.0]
949	MOTGA	0	6	[0.0, 0.0, 0.0, 0.0, 0.0, 0.0, 0.0, 0.0, 0.0, 0.0]
950	MoeSQLmosa	0	1	[36.553921568627445, 0.0, 1.0, 37.553921568627445, 37.553921568627445, 37.553921568627445, 37.553921568627445]
950	MoeSQLmosa	1	1	[0.0, 1.0, 1.0, 1.0, 1.0, 1.0, 1.0]
950	MoeSQLmosa	2	1	[8.623188405797102, 9.623188405797102, 9.623188405797102, 9.623188405797102, 9.623188405797102, 0.0, 1.0]
950	MoeSQLmosa	3	1	[18.495812812081212, 19.495812812081212, 19.495812812081212, 0.0, 1.0, 19.495812812081212, 19.495812812081212]
950	MoeSQLmosa	4	1	[1.7976931348623156E306, 1.7976931348623156E306, 1.7976931348623156E306, 1.7976931348623156E306, 1.7976931348623156E306, 1.7976931348623156E306, 0.0]
950	MoeSQLmosa	5	1	[1.7976931348623156E306, 1.7976931348623156E306, 1.7976931348623156E306, 1.7976931348623156E306, 0.0, 1.7976931348623156E306, 1.7976931348623156E306]
950	MoeSQLmosa	6	1	[1.7976931348623156E306, 1.7976931348623156E306, 0.0, 1.7976931348623156E306, 1.7976931348623156E306, 1.7976931348623156E306, 1.7976931348623156E306]
950	MOTGA	0	7	[0.0, 0.0, 0.0, 0.0, 0.0, 0.0, 0.0]
951	MoeSQLmosa	0	1	[13.266666666666666, 14.266666666666666, 14.266666666666666, 0.0, 1.0]
951	MoeSQLmosa	1	1	[18.241439487448044, 0.0, 1.0, 19.241439487448044, 19.241439487448044]
951	MoeSQLmosa	2	1	[1.7976931348623156E306, 1.7976931348623156E306, 1.7976931348623156E306, 1.7976931348623156E306, 0.0]
951	MoeSQLmosa	3	1	[0.0, 1.0, 1.0, 1.0, 1.0]
951	MoeSQLmosa	4	1	[1.7976931348623156E306, 1.7976931348623156E306, 0.0, 1.7976931348623156E306, 1.7976931348623156E306]
951	MOTGA	0	5	[0.0, 0.0, 0.0, 0.0, 0.0]
952	MoeSQLmosa	0	1	[1.0, 0.0, 1.0, 1.0, 0.0, 1.0]
952	MoeSQLmosa	1	1	[2.0, 1.0, 2.0, 0.0, 1.0, 2.0]
952	MoeSQLmosa	2	1	[0.0, 1.0, 2.0, 2.0, 1.0, 2.0]
952	MoeSQLmosa	3	1	[2.0, 1.0, 2.0, 2.0, 1.0, 0.0]
952	MoeSQLmosa	4	1	[2.0, 1.0, 0.0, 2.0, 1.0, 2.0]
952	MOTGA	0	5	[0.0, 0.0, 0.0, 0.0, 0.0, 0.0]
953	MoeSQLmosa	0	1	[0.0, 35.154761904761905]
953	MoeSQLmosa	1	1	[1.0, 0.0]
953	MOTGA	0	2	[0.0, 0.0]
954	MoeSQLmosa	0	2	[0.0, 0.0]
954	MOTGA	0	2	[0.0, 0.0]
955	MoeSQLmosa	0	1	[0.0, 42.341523241543804]
955	MoeSQLmosa	1	1	[1.0, 0.0]
955	MOTGA	0	2	[0.0, 0.0]
956	MoeSQLmosa	0	2	[0.0, 0.0]
956	MOTGA	0	2	[0.0, 0.0]
957	MoeSQLmosa	0	3	[0.0]
957	MOTGA	0	3	[0.0]
958	MoeSQLmosa	0	1	[13.104545454545455, 14.104545454545455, 14.104545454545455, 0.0, 1.0]
958	MoeSQLmosa	1	1	[11.9936412376262, 0.0, 1.0, 12.9936412376262, 12.9936412376262]
958	MoeSQLmosa	2	1	[0.0, 1.0, 1.0, 1.0, 1.0]
958	MoeSQLmosa	3	1	[1.7976931348623156E306, 1.7976931348623156E306, 0.0, 1.7976931348623156E306, 1.7976931348623156E306]
958	MoeSQLmosa	4	1	[1.7976931348623156E306, 1.7976931348623156E306, 1.7976931348623156E306, 1.7976931348623156E306, 0.0]
958	MOTGA	0	5	[0.0, 0.0, 0.0, 0.0, 0.0]
959	MoeSQLmosa	0	1	[1.7976931348623156E306, 1.7976931348623156E306, 0.0, 1.7976931348623156E306, 1.7976931348623156E306, 1.7976931348623156E306, 1.7976931348623156E306]
959	MoeSQLmosa	1	1	[2.68974358974359, 3.68974358974359, 3.68974358974359, 0.0, 1.0, 72.68974358974359, 3.68974358974359]
959	MoeSQLmosa	2	1	[13.61111111111111, 0.0, 1.0, 14.61111111111111, 14.61111111111111, 35.611111111111114, 14.61111111111111]
959	MoeSQLmosa	3	1	[0.0, 1.0, 1.0, 1.0, 1.0, 52.0, 1.0]
959	MoeSQLmosa	4	1	[1.7976931348623156E306, 1.7976931348623156E306, 1.7976931348623156E306, 1.7976931348623156E306, 0.0, 1.7976931348623156E306, 1.7976931348623156E306]
959	MoeSQLmosa	5	1	[46.0, 47.0, 47.0, 47.0, 47.0, 0.0, 1.0]
959	MoeSQLmosa	6	1	[1.7976931348623156E306, 1.7976931348623156E306, 1.7976931348623156E306, 1.7976931348623156E306, 1.7976931348623156E306, 1.7976931348623156E306, 0.0]
959	MOTGA	0	7	[0.0, 0.0, 0.0, 0.0, 0.0, 0.0, 0.0]
960	MoeSQLmosa	0	1	[13.0, 0.0, 1.0, 34.50637373196335]
960	MoeSQLmosa	1	1	[0.0, 1.0, 1.0, 20.69017461957547]
960	MoeSQLmosa	2	1	[1.7976931348623156E306, 1.7976931348623156E306, 0.0, 1.7976931348623156E306]
960	MoeSQLmosa	3	1	[1.0, 2.0, 2.0, 0.0]
960	MOTGA	0	4	[0.0, 0.0, 0.0, 0.0]
961	MoeSQLmosa	0	2	[0.0, 0.0, 1.0]
961	MoeSQLmosa	1	1	[1.7976931348623156E306, 1.7976931348623156E306, 0.0]
961	MOTGA	0	3	[0.0, 0.0, 0.0]
962	MoeSQLmosa	0	1	[0.0, 1.0, 1.0, 1.0, 1.0, 1.0, 1.0]
962	MoeSQLmosa	1	1	[35.75, 36.75, 36.75, 36.75, 36.75, 0.0, 1.0]
962	MoeSQLmosa	2	1	[41.697102906647, 42.697102906647, 42.697102906647, 0.0, 1.0, 42.697102906647, 42.697102906647]
962	MoeSQLmosa	3	1	[40.0, 0.0, 1.0, 41.0, 41.0, 41.0, 41.0]
962	MoeSQLmosa	4	1	[1.7976931348623156E306, 1.7976931348623156E306, 0.0, 1.7976931348623156E306, 1.7976931348623156E306, 1.7976931348623156E306, 1.7976931348623156E306]
962	MoeSQLmosa	5	1	[1.7976931348623156E306, 1.7976931348623156E306, 1.7976931348623156E306, 1.7976931348623156E306, 0.0, 1.7976931348623156E306, 1.7976931348623156E306]
962	MoeSQLmosa	6	1	[1.7976931348623156E306, 1.7976931348623156E306, 1.7976931348623156E306, 1.7976931348623156E306, 1.7976931348623156E306, 1.7976931348623156E306, 0.0]
962	MOTGA	0	7	[0.0, 0.0, 0.0, 0.0, 0.0, 0.0, 0.0]
963	MoeSQLmosa	0	2	[0.0, 0.0]
963	MOTGA	0	2	[0.0, 0.0]
964	MoeSQLmosa	0	1	[13.25, 14.25, 14.25, 14.25, 14.25, 0.0, 1.0]
964	MoeSQLmosa	1	1	[9.862741522043846, 10.862741522043846, 10.862741522043846, 0.0, 1.0, 10.862741522043846, 10.862741522043846]
964	MoeSQLmosa	2	1	[1.7976931348623156E306, 1.7976931348623156E306, 0.0, 1.7976931348623156E306, 1.7976931348623156E306, 1.7976931348623156E306, 1.7976931348623156E306]
964	MoeSQLmosa	3	1	[1.7976931348623156E306, 1.7976931348623156E306, 1.7976931348623156E306, 1.7976931348623156E306, 1.7976931348623156E306, 1.7976931348623156E306, 0.0]
964	MoeSQLmosa	4	1	[1.7976931348623156E306, 1.7976931348623156E306, 1.7976931348623156E306, 1.7976931348623156E306, 0.0, 1.7976931348623156E306, 1.7976931348623156E306]
964	MoeSQLmosa	5	1	[34.60040147051017, 0.0, 1.0, 35.60040147051017, 35.60040147051017, 35.60040147051017, 35.60040147051017]
964	MoeSQLmosa	6	1	[0.0, 1.0, 1.0, 1.0, 1.0, 1.0, 1.0]
964	MOTGA	0	7	[0.0, 0.0, 0.0, 0.0, 0.0, 0.0, 0.0]
965	MoeSQLmosa	0	1	[14.082159376571141, 15.082159376571141, 15.082159376571141, 15.082159376571141, 15.082159376571141, 0.0, 1.0, 33.030378366044005]
965	MoeSQLmosa	1	1	[46.888888888888886, 0.0, 1.0, 47.888888888888886, 47.888888888888886, 47.888888888888886, 47.888888888888886, 56.17162698412698]
965	MoeSQLmosa	2	1	[22.49590093724783, 23.49590093724783, 23.49590093724783, 0.0, 1.0, 23.49590093724783, 23.49590093724783, 59.35427452823012]
965	MoeSQLmosa	3	1	[0.0, 1.0, 1.0, 1.0, 1.0, 1.0, 1.0, 8.42401059778109]
965	MoeSQLmosa	4	1	[1.7976931348623156E306, 1.7976931348623156E306, 1.7976931348623156E306, 1.7976931348623156E306, 1.7976931348623156E306, 1.7976931348623156E306, 0.0, 1.7976931348623156E306]
965	MoeSQLmosa	5	1	[1.0, 2.0, 2.0, 2.0, 2.0, 2.0, 2.0, 0.0]
965	MoeSQLmosa	6	1	[1.7976931348623156E306, 1.7976931348623156E306, 0.0, 1.7976931348623156E306, 1.7976931348623156E306, 1.7976931348623156E306, 1.7976931348623156E306, 1.7976931348623156E306]
965	MoeSQLmosa	7	1	[1.7976931348623156E306, 1.7976931348623156E306, 1.7976931348623156E306, 1.7976931348623156E306, 0.0, 1.7976931348623156E306, 1.7976931348623156E306, 1.7976931348623156E306]
965	MOTGA	0	8	[0.0, 0.0, 0.0, 0.0, 0.0, 0.0, 0.0, 0.0]
966	MoeSQLmosa	0	3	[0.0]
966	MOTGA	0	3	[0.0]
967	MoeSQLmosa	0	2	[0.0, 0.0]
967	MOTGA	0	2	[0.0, 0.0]
968	MoeSQLmosa	0	1	[1.0, 0.0]
968	MoeSQLmosa	1	1	[0.0, 15.097839990283669]
968	MOTGA	0	2	[0.0, 0.0]
969	MoeSQLmosa	0	2	[0.0, 1.0, 1.0, 0.0, 1.0, 19.330487159898926]
969	MoeSQLmosa	1	1	[8.288606403013183, 0.0, 1.0, 9.288606403013183, 9.288606403013183, 54.147911035373426]
969	MoeSQLmosa	2	1	[1.7976931348623156E306, 1.7976931348623156E306, 1.7976931348623156E306, 1.7976931348623156E306, 0.0, 1.7976931348623156E306]
969	MoeSQLmosa	3	1	[1.0, 2.0, 2.0, 2.0, 2.0, 0.0]
969	MoeSQLmosa	4	1	[1.7976931348623156E306, 1.7976931348623156E306, 0.0, 1.7976931348623156E306, 1.7976931348623156E306, 1.7976931348623156E306]
969	MOTGA	0	6	[0.0, 0.0, 0.0, 0.0, 0.0, 0.0]
970	MoeSQLmosa	0	2	[0.0, 0.0]
970	MOTGA	0	2	[0.0, 0.0]
971	MoeSQLmosa	0	2	[35.50833333333333, 0.0, 1.0, 36.50833333333333, 35.50833333333333, 36.50833333333333, 2.0, 35.50833333333333, 36.50833333333333]
971	MoeSQLmosa	1	2	[27.594047619047615, 28.594047619047615, 28.594047619047615, 28.594047619047615, 27.594047619047615, 28.594047619047615, 0.0, 0.0, 1.0]
971	MoeSQLmosa	2	2	[520.3100775578546, 521.3100775578546, 521.3100775578546, 521.3100775578546, 520.3100775578546, 519.3100775578546, 489.0, 0.0, 1.0]
971	MoeSQLmosa	3	2	[1.0, 2.0, 2.0, 2.0, 1.0, 0.0, 3.0, 2.0, 1.0]
971	MoeSQLmosa	4	2	[1.7976931348623156E306, 1.7976931348623156E306, 1.7976931348623156E306, 1.7976931348623156E306, 1.7976931348623156E306, 1.7976931348623156E306, 0.0, 1.0, 0.0]
971	MoeSQLmosa	5	2	[1.7976931348623156E306, 1.7976931348623156E306, 0.0, 1.7976931348623156E306, 1.7976931348623156E306, 1.7976931348623156E306, 2.0, 1.7976931348623156E306, 1.7976931348623156E306]
971	MoeSQLmosa	6	2	[1.0, 2.0, 2.0, 0.0, 1.0, 2.0, 3.0, 2.0, 1.0]
971	MoeSQLmosa	7	2	[0.0, 1.0, 1.0, 1.0, 0.0, 1.0, 2.0, 2.0, 1.0]
971	MOTGA	0	2	[1.7976931348623156E306, 1.7976931348623156E306, 1.7976931348623156E306, 1.7976931348623156E306, 1.7976931348623156E306, 1.7976931348623156E306, 0.0, 1.0, 0.0]
971	MOTGA	1	6	[0.0, 0.0, 0.0, 0.0, 0.0, 0.0, 2.0, 2.0, 1.7976931348623156E306]
972	MoeSQLmosa	0	1	[1.0, 0.0, 1.0]
972	MoeSQLmosa	1	1	[0.0, 15.229545454545455, 1.0]
972	MoeSQLmosa	2	1	[1.7976931348623156E306, 1.7976931348623156E306, 0.0]
972	MOTGA	0	3	[0.0, 0.0, 0.0]
973	MoeSQLmosa	0	3	[0.0]
973	MOTGA	0	3	[0.0]
974	MoeSQLmosa	0	2	[0.0, 0.0]
974	MOTGA	0	2	[0.0, 0.0]
975	MoeSQLmosa	0	1	[0.0, 23.431057337402212]
975	MoeSQLmosa	1	1	[1.0, 0.0]
975	MOTGA	0	2	[0.0, 0.0]
976	MoeSQLmosa	0	2	[569.4571428571428, 570.4571428571428, 570.4571428571428, 570.4571428571428, 569.4571428571428, 568.4571428571428, 536.0, 0.0, 1.0]
976	MoeSQLmosa	1	3	[10.120108341479309, 0.0, 1.0, 11.120108341479309, 10.120108341479309, 11.120108341479309, 0.0, 10.120108341479309, 11.120108341479309]
976	MoeSQLmosa	2	2	[0.0, 1.0, 1.0, 1.0, 0.0, 1.0, 2.0, 2.0, 1.0]
976	MoeSQLmosa	3	2	[1.0, 2.0, 2.0, 0.0, 1.0, 2.0, 3.0, 2.0, 1.0]
976	MoeSQLmosa	4	2	[1.0, 2.0, 2.0, 2.0, 1.0, 0.0, 3.0, 2.0, 1.0]
976	MoeSQLmosa	5	2	[1.7976931348623156E306, 1.7976931348623156E306, 1.7976931348623156E306, 1.7976931348623156E306, 1.7976931348623156E306, 1.7976931348623156E306, 41.0, 1.0, 0.0]
976	MoeSQLmosa	6	2	[1.7976931348623156E306, 1.7976931348623156E306, 0.0, 1.7976931348623156E306, 1.7976931348623156E306, 1.7976931348623156E306, 2.0, 1.7976931348623156E306, 1.7976931348623156E306]
976	MOTGA	0	2	[569.4571428571428, 570.4571428571428, 570.4571428571428, 570.4571428571428, 569.4571428571428, 568.4571428571428, 536.0, 0.0, 1.0]
976	MOTGA	1	7	[0.0, 0.0, 0.0, 0.0, 0.0, 0.0, 0.0, 2.0, 1.7976931348623156E306]
977	MoeSQLmosa	0	1	[0.0, 45.0022643693803]
977	MoeSQLmosa	1	1	[1.0, 0.0]
977	MOTGA	0	2	[0.0, 0.0]
978	MoeSQLmosa	0	2	[0.0, 0.0]
978	MOTGA	0	2	[0.0, 0.0]
979	MoeSQLmosa	0	3	[20.540833104803692, 20.540833104803692, 20.540833104803692, 20.540833104803692, 20.540833104803692, 20.540833104803692, 20.540833104803692, 20.540833104803692, 20.540833104803692, 20.540833104803692, 20.540833104803692, 35.672567191844294, 35.672567191844294, 0.0, 20.540833104803692, 20.540833104803692, 301.0, 20.540833104803692, 20.540833104803692, 20.540833104803692, 20.540833104803692]
979	MoeSQLmosa	1	3	[26.537850252556137, 25.537850252556137, 24.537850252556137, 24.537850252556137, 25.537850252556137, 25.537850252556137, 24.537850252556137, 25.537850252556137, 25.537850252556137, 24.537850252556137, 25.537850252556137, 24.537850252556137, 24.537850252556137, 2.0, 0.0, 1.0, 0.0, 24.537850252556137, 24.537850252556137, 24.537850252556137, 24.537850252556137]
979	MoeSQLmosa	2	3	[3.0, 2.0, 1.0, 1.0, 2.0, 2.0, 1.0, 2.0, 0.0, 1.0, 2.0, 2.0, 3.0, 2.0, 2.0, 3.0, 1.0, 1.0, 1.0, 1.0, 1.0]
979	MoeSQLmosa	3	3	[3.0, 2.0, 1.0, 0.0, 1.0, 1.0, 0.0, 1.0, 1.0, 0.0, 1.0, 1.0, 2.0, 2.0, 2.0, 3.0, 2.0, 1.0, 1.0, 1.0, 2.0]
979	MoeSQLmosa	4	3	[1.7976931348623156E306, 1.7976931348623156E306, 1.7976931348623156E306, 1.7976931348623156E306, 1.7976931348623156E306, 1.7976931348623156E306, 1.7976931348623156E306, 1.7976931348623156E306, 1.7976931348623156E306, 1.7976931348623156E306, 1.7976931348623156E306, 1.7976931348623156E306, 1.7976931348623156E306, 2.0, 1.0, 0.0, 848.0, 1.7976931348623156E306, 1.7976931348623156E306, 1.7976931348623156E306, 1.7976931348623156E306]
979	MoeSQLmosa	5	4	[3.0, 2.0, 1.0, 0.0, 1.0, 1.0, 0.0, 1.0, 1.0, 0.0, 1.0, 1.0, 2.0, 2.0, 2.0, 3.0, 2.0, 0.0, 1.0, 1.0, 1.0]
979	MoeSQLmosa	6	3	[3.0, 2.0, 1.0, 1.0, 2.0, 0.0, 1.0, 2.0, 2.0, 1.0, 2.0, 2.0, 3.0, 2.0, 2.0, 3.0, 1.0, 1.0, 1.0, 1.0, 1.0]
979	MoeSQLmosa	7	3	[4.0, 3.0, 2.0, 1.0, 2.0, 2.0, 1.0, 0.0, 2.0, 1.0, 2.0, 2.0, 3.0, 2.0, 2.0, 3.0, 1.0, 1.0, 1.0, 1.0, 1.0]
979	MoeSQLmosa	8	3	[20.138888888888886, 20.138888888888886, 20.138888888888886, 20.138888888888886, 20.138888888888886, 20.138888888888886, 20.138888888888886, 20.138888888888886, 20.138888888888886, 20.138888888888886, 20.138888888888886, 40.98247544938721, 40.98247544938721, 0.0, 20.138888888888886, 20.138888888888886, 0.0, 20.138888888888886, 20.138888888888886, 20.138888888888886, 20.138888888888886]
979	MoeSQLmosa	9	3	[2.0, 1.0, 0.0, 0.0, 1.0, 1.0, 0.0, 1.0, 1.0, 0.0, 1.0, 1.0, 2.0, 2.0, 2.0, 3.0, 2.0, 1.0, 1.0, 1.0, 2.0]
979	MoeSQLmosa	10	3	[23.336507936507935, 22.336507936507935, 21.336507936507935, 21.336507936507935, 0.0, 22.336507936507935, 21.336507936507935, 22.336507936507935, 22.336507936507935, 21.336507936507935, 22.336507936507935, 22.336507936507935, 2.0, 2.0, 23.336507936507935, 24.336507936507935, 2.0, 21.336507936507935, 21.336507936507935, 21.336507936507935, 21.336507936507935]
979	MoeSQLmosa	11	5	[3.0, 2.0, 1.0, 0.0, 1.0, 1.0, 0.0, 1.0, 1.0, 0.0, 1.0, 1.0, 2.0, 2.0, 2.0, 3.0, 2.0, 0.0, 1.0, 1.0, 0.0]
979	MoeSQLmosa	12	3	[1.0, 0.0, 1.0, 1.0, 2.0, 2.0, 1.0, 2.0, 2.0, 1.0, 2.0, 2.0, 3.0, 2.0, 3.0, 4.0, 2.0, 1.0, 1.0, 1.0, 1.0]
979	MoeSQLmosa	13	3	[1.7976931348623156E306, 1.7976931348623156E306, 1.7976931348623156E306, 1.7976931348623156E306, 1.7976931348623156E306, 1.7976931348623156E306, 1.7976931348623156E306, 1.7976931348623156E306, 1.7976931348623156E306, 1.7976931348623156E306, 1.7976931348623156E306, 1.7976931348623156E306, 0.0, 0.0, 1.7976931348623156E306, 1.7976931348623156E306, 2.0, 1.7976931348623156E306, 1.7976931348623156E306, 1.7976931348623156E306, 1.7976931348623156E306]
979	MoeSQLmosa	14	3	[20.36037492358537, 20.36037492358537, 20.36037492358537, 20.36037492358537, 20.36037492358537, 20.36037492358537, 20.36037492358537, 20.36037492358537, 20.36037492358537, 20.36037492358537, 20.36037492358537, 0.0, 1.0, 0.0, 20.36037492358537, 20.36037492358537, 2.0, 20.36037492358537, 20.36037492358537, 20.36037492358537, 20.36037492358537]
979	MoeSQLmosa	15	3	[0.0, 1.0, 2.0, 2.0, 3.0, 3.0, 2.0, 3.0, 3.0, 2.0, 3.0, 3.0, 4.0, 2.0, 4.0, 5.0, 2.0, 2.0, 2.0, 2.0, 2.0]
979	MoeSQLmosa	16	4	[2.0, 1.0, 1.7976931348623157E308, 1.7976931348623157E308, 1.0, 1.0, 1.7976931348623157E308, 1.0, 1.0, 1.7976931348623157E308, 1.0, 1.0, 2.0, 2.0, 2.0, 3.0, 2.0, 1.7976931348623157E308, 1.0, 0.0, 1.7976931348623157E308]
979	MoeSQLmosa	17	3	[3.0, 2.0, 1.0, 1.0, 2.0, 2.0, 1.0, 2.0, 2.0, 1.0, 0.0, 2.0, 3.0, 2.0, 2.0, 3.0, 1.0, 1.0, 1.0, 1.0, 1.0]
979	MoeSQLmosa	18	5	[2.0, 1.0, 1.7976931348623157E308, 1.7976931348623157E308, 1.0, 1.0, 1.7976931348623157E308, 1.0, 1.0, 1.7976931348623157E308, 1.0, 1.0, 2.0, 2.0, 2.0, 3.0, 2.0, 1.7976931348623157E308, 0.0, 1.0, 1.7976931348623157E308]
979	MOTGA	0	4	[20.138888888888886, 20.138888888888886, 20.138888888888886, 20.138888888888886, 20.138888888888886, 20.138888888888886, 20.138888888888886, 20.138888888888886, 20.138888888888886, 20.138888888888886, 20.138888888888886, 0.0, 0.0, 0.0, 20.138888888888886, 20.138888888888886, 2.0, 20.138888888888886, 20.138888888888886, 20.138888888888886, 20.138888888888886]
979	MOTGA	1	9	[2.0, 1.0, 1.7976931348623157E308, 1.7976931348623157E308, 1.0, 1.0, 1.7976931348623157E308, 1.0, 1.0, 1.7976931348623157E308, 1.0, 1.0, 2.0, 2.0, 2.0, 3.0, 2.0, 1.7976931348623157E308, 0.0, 0.0, 1.7976931348623157E308]
979	MOTGA	2	18	[0.0, 0.0, 0.0, 0.0, 0.0, 0.0, 0.0, 0.0, 0.0, 0.0, 0.0, 1.0, 2.0, 2.0, 0.0, 0.0, 2.0, 0.0, 1.0, 0.0, 0.0]
981	MoeSQLmosa	0	2	[0.0, 8.266029235458582, 0.0]
981	MoeSQLmosa	1	1	[1.0, 0.0, 1.0]
981	MOTGA	0	3	[0.0, 0.0, 0.0]
982	MoeSQLmosa	0	2	[1.7976931348623156E306, 1.7976931348623156E306, 1.7976931348623156E306, 0.0, 1.7976931348623156E306, 1.7976931348623156E306, 1.7976931348623156E306, 1.7976931348623156E306, 1.7976931348623156E306, 1.7976931348623156E306]
982	MoeSQLmosa	1	2	[0.0, 1.0, 1.0, 1.0, 0.0, 1.7976931348623156E306, 1.7976931348623156E306, 1.7976931348623156E306, 0.0, 1.7976931348623156E306]
982	MoeSQLmosa	2	2	[1.7976931348623156E306, 1.7976931348623156E306, 1.7976931348623156E306, 0.0, 1.7976931348623156E306, 1.7976931348623156E306, 1.7976931348623156E306, 1.7976931348623156E306, 1.7976931348623156E306, 0.0]
982	MoeSQLmosa	3	2	[15.10234949081244, 0.0, 1.0, 16.10234949081244, 15.10234949081244, 1.7976931348623156E306, 1.7976931348623156E306, 1.7976931348623156E306, 15.10234949081244, 1.7976931348623156E306]
982	MoeSQLmosa	4	2	[1.7976931348623156E306, 1.7976931348623156E306, 1.7976931348623156E306, 0.0, 1.7976931348623156E306, 0.0, 1.7976931348623156E306, 1.7976931348623156E306, 1.7976931348623156E306, 1.7976931348623156E306]
982	MoeSQLmosa	5	2	[1.7976931348623156E306, 1.7976931348623156E306, 1.7976931348623156E306, 0.0, 1.7976931348623156E306, 1.7976931348623156E306, 1.7976931348623156E306, 0.0, 1.7976931348623156E306, 1.7976931348623156E306]
982	MoeSQLmosa	6	2	[1.7976931348623156E306, 1.7976931348623156E306, 1.7976931348623156E306, 0.0, 1.7976931348623156E306, 1.7976931348623156E306, 0.0, 1.7976931348623156E306, 1.7976931348623156E306, 1.7976931348623156E306]
982	MoeSQLmosa	7	2	[1.7976931348623156E306, 1.7976931348623156E306, 0.0, 1.7976931348623156E306, 1.7976931348623156E306, 3.595386269724631E306, 3.595386269724631E306, 3.595386269724631E306, 1.7976931348623156E306, 3.595386269724631E306]
982	MOTGA	0	9	[0.0, 0.0, 0.0, 0.0, 0.0, 0.0, 0.0, 0.0, 0.0, 0.0]
983	MoeSQLmosa	0	1	[8.758902691511388, 0.0, 1.0, 9.758902691511388, 9.758902691511388, 9.758902691511388, 9.758902691511388, 33.452175368655034]
983	MoeSQLmosa	1	1	[15.41631801045777, 16.416318010457772, 16.416318010457772, 0.0, 1.0, 16.416318010457772, 16.416318010457772, 24.17522070196916]
983	MoeSQLmosa	2	1	[6.8268398268398265, 7.8268398268398265, 7.8268398268398265, 7.8268398268398265, 7.8268398268398265, 0.0, 1.0, 18.496917720437455]
983	MoeSQLmosa	3	1	[1.7976931348623156E306, 1.7976931348623156E306, 1.7976931348623156E306, 1.7976931348623156E306, 0.0, 1.7976931348623156E306, 1.7976931348623156E306, 1.7976931348623156E306]
983	MoeSQLmosa	4	1	[1.7976931348623156E306, 1.7976931348623156E306, 1.7976931348623156E306, 1.7976931348623156E306, 1.7976931348623156E306, 1.7976931348623156E306, 0.0, 1.7976931348623156E306]
983	MoeSQLmosa	5	1	[0.0, 1.0, 1.0, 1.0, 1.0, 1.0, 1.0, 1.0]
983	MoeSQLmosa	6	1	[1.0, 2.0, 2.0, 2.0, 2.0, 2.0, 2.0, 0.0]
983	MoeSQLmosa	7	1	[1.7976931348623156E306, 1.7976931348623156E306, 0.0, 1.7976931348623156E306, 1.7976931348623156E306, 1.7976931348623156E306, 1.7976931348623156E306, 1.7976931348623156E306]
983	MOTGA	0	8	[0.0, 0.0, 0.0, 0.0, 0.0, 0.0, 0.0, 0.0]
984	MoeSQLmosa	0	1	[1.7976931348623156E306, 1.7976931348623156E306, 0.0, 1.7976931348623156E306, 1.7976931348623156E306, 1.7976931348623156E306]
984	MoeSQLmosa	1	2	[0.0, 0.0, 1.0, 1.0, 0.0, 1.0]
984	MoeSQLmosa	2	1	[1.0, 2.0, 2.0, 0.0, 1.0, 2.0]
984	MoeSQLmosa	3	1	[1.0, 2.0, 2.0, 2.0, 1.0, 0.0]
984	MOTGA	0	5	[0.0, 0.0, 0.0, 0.0, 0.0, 0.0]
985	MoeSQLmosa	0	1	[5.0, 6.0, 6.0, 6.0, 6.0, 6.0, 6.0, 6.0, 6.0, 0.0, 6.0, 6.0, 6.0, 6.0, 6.0, 10.708896528308294, 5.0, 6.0, 5.0, 6.0, 5.0, 6.0, 5.0, 6.0, 5.0, 6.0, 5.0, 6.0, 5.0, 6.0, 6.0, 5.0, 0.0, 1.0, 5.0, 6.0, 5.0, 6.0, 5.0, 6.0, 5.0, 6.0, 5.0, 6.0]
985	MoeSQLmosa	1	1	[13.299559367732337, 14.299559367732337, 14.299559367732337, 14.299559367732337, 14.299559367732337, 14.299559367732337, 14.299559367732337, 0.0, 14.299559367732337, 14.299559367732337, 14.299559367732337, 14.299559367732337, 14.299559367732337, 14.299559367732337, 14.299559367732337, 19.00845589604063, 13.299559367732337, 14.299559367732337, 13.299559367732337, 14.299559367732337, 13.299559367732337, 14.299559367732337, 13.299559367732337, 14.299559367732337, 13.299559367732337, 14.299559367732337, 13.299559367732337, 14.299559367732337, 0.0, 1.0, 14.299559367732337, 13.299559367732337, 13.299559367732337, 14.299559367732337, 13.299559367732337, 14.299559367732337, 13.299559367732337, 14.299559367732337, 13.299559367732337, 14.299559367732337, 13.299559367732337, 14.299559367732337, 13.299559367732337, 14.299559367732337]
985	MoeSQLmosa	2	1	[13.0, 14.0, 0.0, 14.0, 14.0, 14.0, 14.0, 14.0, 14.0, 14.0, 14.0, 14.0, 14.0, 14.0, 14.0, 18.708896528308294, 13.0, 14.0, 0.0, 1.0, 13.0, 14.0, 13.0, 14.0, 13.0, 14.0, 13.0, 14.0, 13.0, 14.0, 14.0, 13.0, 13.0, 14.0, 13.0, 14.0, 13.0, 14.0, 13.0, 14.0, 13.0, 14.0, 13.0, 14.0]
985	MoeSQLmosa	3	1	[5.0, 6.0, 6.0, 6.0, 6.0, 6.0, 6.0, 6.0, 6.0, 0.0, 6.0, 6.0, 6.0, 6.0, 6.0, 11.0, 5.0, 6.0, 5.0, 6.0, 5.0, 6.0, 5.0, 6.0, 5.0, 6.0, 5.0, 6.0, 5.0, 6.0, 6.0, 5.0, 1.0, 0.0, 6.0, 5.0, 5.0, 6.0, 5.0, 6.0, 5.0, 6.0, 5.0, 6.0]
985	MoeSQLmosa	4	1	[0.0, 1.0, 1.0, 1.0, 1.0, 1.0, 1.0, 1.0, 1.0, 1.0, 1.0, 1.0, 1.0, 1.0, 1.0, 6.0, 0.0, 1.0, 0.0, 1.0, 0.0, 1.0, 0.0, 1.0, 0.0, 1.0, 1.0, 0.0, 0.0, 1.0, 1.0, 0.0, 0.0, 1.0, 1.0, 0.0, 0.0, 1.0, 1.0, 0.0, 0.0, 1.0, 0.0, 1.0]
985	MoeSQLmosa	5	1	[1.0, 2.0, 2.0, 2.0, 2.0, 2.0, 2.0, 2.0, 2.0, 2.0, 2.0, 2.0, 2.0, 2.0, 2.0, 0.0, 1.0, 2.0, 1.0, 2.0, 1.0, 2.0, 1.0, 2.0, 1.0, 2.0, 2.0, 1.0, 1.0, 2.0, 2.0, 1.0, 1.0, 2.0, 2.0, 1.0, 1.0, 2.0, 2.0, 1.0, 1.0, 2.0, 1.0, 2.0]
985	MoeSQLmosa	6	1	[32.0, 33.0, 33.0, 33.0, 33.0, 33.0, 33.0, 33.0, 33.0, 33.0, 0.0, 33.0, 33.0, 33.0, 33.0, 38.0, 32.0, 33.0, 32.0, 33.0, 32.0, 33.0, 32.0, 33.0, 32.0, 33.0, 33.0, 32.0, 32.0, 33.0, 33.0, 32.0, 32.0, 33.0, 0.0, 1.0, 32.0, 33.0, 33.0, 32.0, 32.0, 33.0, 32.0, 33.0]
985	MoeSQLmosa	7	1	[0.0, 1.0, 1.0, 1.0, 1.0, 1.0, 1.0, 1.0, 1.0, 1.0, 1.0, 1.0, 1.0, 1.0, 1.0, 6.0, 0.0, 1.0, 0.0, 1.0, 0.0, 1.0, 0.0, 1.0, 0.0, 1.0, 1.0, 0.0, 0.0, 1.0, 0.0, 1.0, 0.0, 1.0, 1.0, 0.0, 0.0, 1.0, 1.0, 0.0, 0.0, 1.0, 0.0, 1.0]
985	MoeSQLmosa	8	1	[14.0, 15.0, 15.0, 15.0, 15.0, 15.0, 15.0, 0.0, 15.0, 15.0, 15.0, 15.0, 15.0, 15.0, 15.0, 19.708896528308294, 14.0, 15.0, 14.0, 15.0, 14.0, 15.0, 14.0, 15.0, 14.0, 15.0, 14.0, 15.0, 1.0, 0.0, 15.0, 14.0, 14.0, 15.0, 14.0, 15.0, 14.0, 15.0, 14.0, 15.0, 14.0, 15.0, 14.0, 15.0]
985	MoeSQLmosa	9	1	[14.0, 15.0, 15.0, 15.0, 15.0, 15.0, 15.0, 15.0, 15.0, 15.0, 15.0, 15.0, 15.0, 15.0, 0.0, 20.0, 14.0, 15.0, 14.0, 15.0, 14.0, 15.0, 14.0, 15.0, 14.0, 15.0, 15.0, 14.0, 14.0, 15.0, 15.0, 14.0, 14.0, 15.0, 15.0, 14.0, 14.0, 15.0, 15.0, 14.0, 14.0, 15.0, 0.0, 1.0]
985	MoeSQLmosa	10	1	[47.0, 48.0, 48.0, 48.0, 48.0, 48.0, 48.0, 48.0, 0.0, 48.0, 48.0, 48.0, 48.0, 48.0, 48.0, 53.0, 47.0, 48.0, 47.0, 48.0, 47.0, 48.0, 47.0, 48.0, 47.0, 48.0, 48.0, 47.0, 47.0, 48.0, 0.0, 1.0, 47.0, 48.0, 48.0, 47.0, 47.0, 48.0, 48.0, 47.0, 47.0, 48.0, 47.0, 48.0]
985	MoeSQLmosa	11	1	[6.0, 7.0, 7.0, 0.0, 7.0, 7.0, 7.0, 7.0, 7.0, 7.0, 7.0, 7.0, 7.0, 7.0, 7.0, 12.0, 6.0, 7.0, 6.0, 7.0, 0.0, 1.0, 6.0, 7.0, 6.0, 7.0, 7.0, 6.0, 6.0, 7.0, 7.0, 6.0, 6.0, 7.0, 7.0, 6.0, 6.0, 7.0, 7.0, 6.0, 6.0, 7.0, 6.0, 7.0]
985	MoeSQLmosa	12	1	[0.0, 1.0, 1.0, 1.0, 1.0, 1.0, 1.0, 1.0, 1.0, 1.0, 1.0, 1.0, 1.0, 1.0, 1.0, 6.0, 0.0, 1.0, 0.0, 1.0, 0.0, 1.0, 0.0, 1.0, 0.0, 1.0, 0.0, 1.0, 0.0, 1.0, 1.0, 0.0, 0.0, 1.0, 1.0, 0.0, 0.0, 1.0, 1.0, 0.0, 0.0, 1.0, 0.0, 1.0]
985	MoeSQLmosa	13	1	[20.0, 21.0, 21.0, 21.0, 21.0, 21.0, 21.0, 21.0, 21.0, 21.0, 21.0, 21.0, 0.0, 21.0, 21.0, 26.0, 20.0, 21.0, 20.0, 21.0, 20.0, 21.0, 20.0, 21.0, 20.0, 21.0, 21.0, 20.0, 20.0, 21.0, 21.0, 20.0, 20.0, 21.0, 21.0, 20.0, 20.0, 21.0, 0.0, 1.0, 20.0, 21.0, 20.0, 21.0]
985	MoeSQLmosa	14	1	[47.0, 48.0, 48.0, 48.0, 48.0, 48.0, 0.0, 48.0, 48.0, 48.0, 48.0, 48.0, 48.0, 48.0, 48.0, 53.0, 47.0, 48.0, 47.0, 48.0, 47.0, 48.0, 47.0, 48.0, 47.0, 48.0, 0.0, 1.0, 47.0, 48.0, 48.0, 47.0, 47.0, 48.0, 48.0, 47.0, 47.0, 48.0, 48.0, 47.0, 47.0, 48.0, 47.0, 48.0]
985	MoeSQLmosa	15	1	[6.0, 0.0, 7.0, 7.0, 7.0, 7.0, 7.0, 7.0, 7.0, 7.0, 7.0, 7.0, 7.0, 7.0, 7.0, 12.0, 0.0, 1.0, 6.0, 7.0, 6.0, 7.0, 6.0, 7.0, 6.0, 7.0, 7.0, 6.0, 6.0, 7.0, 7.0, 6.0, 6.0, 7.0, 7.0, 6.0, 6.0, 7.0, 7.0, 6.0, 6.0, 7.0, 6.0, 7.0]
985	MoeSQLmosa	16	1	[0.0, 1.0, 1.0, 1.0, 1.0, 1.0, 1.0, 1.0, 1.0, 1.0, 1.0, 1.0, 1.0, 1.0, 1.0, 6.0, 1.0, 0.0, 0.0, 1.0, 0.0, 1.0, 0.0, 1.0, 0.0, 1.0, 1.0, 0.0, 0.0, 1.0, 1.0, 0.0, 0.0, 1.0, 1.0, 0.0, 0.0, 1.0, 1.0, 0.0, 0.0, 1.0, 0.0, 1.0]
985	MoeSQLmosa	17	1	[6.0, 7.0, 7.0, 7.0, 7.0, 7.0, 7.0, 7.0, 7.0, 7.0, 7.0, 0.0, 7.0, 7.0, 7.0, 12.0, 6.0, 7.0, 6.0, 7.0, 6.0, 7.0, 6.0, 7.0, 6.0, 7.0, 7.0, 6.0, 6.0, 7.0, 7.0, 6.0, 6.0, 7.0, 7.0, 6.0, 0.0, 1.0, 7.0, 6.0, 6.0, 7.0, 6.0, 7.0]
985	MoeSQLmosa	18	1	[0.0, 1.0, 1.0, 1.0, 1.0, 1.0, 1.0, 1.0, 1.0, 1.0, 1.0, 1.0, 1.0, 1.0, 1.0, 6.0, 0.0, 1.0, 0.0, 1.0, 0.0, 1.0, 0.0, 1.0, 0.0, 1.0, 1.0, 0.0, 0.0, 1.0, 1.0, 0.0, 0.0, 1.0, 1.0, 0.0, 0.0, 1.0, 1.0, 0.0, 1.0, 0.0, 0.0, 1.0]
985	MoeSQLmosa	19	1	[0.0, 1.0, 1.0, 1.0, 1.0, 1.0, 1.0, 1.0, 1.0, 1.0, 1.0, 1.0, 1.0, 1.0, 1.0, 6.0, 0.0, 1.0, 0.0, 1.0, 1.0, 0.0, 0.0, 1.0, 0.0, 1.0, 1.0, 0.0, 0.0, 1.0, 1.0, 0.0, 0.0, 1.0, 1.0, 0.0, 0.0, 1.0, 1.0, 0.0, 0.0, 1.0, 0.0, 1.0]
985	MoeSQLmosa	20	1	[0.0, 1.0, 1.0, 1.0, 1.0, 1.0, 1.0, 1.0, 1.0, 1.0, 1.0, 1.0, 1.0, 1.0, 1.0, 6.0, 0.0, 1.0, 0.0, 1.0, 0.0, 1.0, 0.0, 1.0, 0.0, 1.0, 1.0, 0.0, 0.0, 1.0, 1.0, 0.0, 0.0, 1.0, 1.0, 0.0, 0.0, 1.0, 1.0, 0.0, 0.0, 1.0, 1.0, 0.0]
985	MoeSQLmosa	21	1	[13.0, 14.0, 0.0, 14.0, 14.0, 14.0, 14.0, 14.0, 14.0, 14.0, 14.0, 14.0, 14.0, 14.0, 14.0, 19.0, 13.0, 14.0, 1.0, 0.0, 13.0, 14.0, 13.0, 14.0, 13.0, 14.0, 14.0, 13.0, 13.0, 14.0, 14.0, 13.0, 13.0, 14.0, 14.0, 13.0, 13.0, 14.0, 14.0, 13.0, 13.0, 14.0, 13.0, 14.0]
985	MoeSQLmosa	22	1	[0.0, 1.0, 1.0, 1.0, 1.0, 1.0, 1.0, 1.0, 1.0, 1.0, 1.0, 1.0, 1.0, 1.0, 1.0, 6.0, 0.0, 1.0, 0.0, 1.0, 0.0, 1.0, 0.0, 1.0, 1.0, 0.0, 1.0, 0.0, 0.0, 1.0, 1.0, 0.0, 0.0, 1.0, 0.0, 1.0, 0.0, 1.0, 1.0, 0.0, 0.0, 1.0, 0.0, 1.0]
985	MoeSQLmosa	23	1	[5.0, 6.0, 6.0, 6.0, 0.0, 6.0, 6.0, 6.0, 6.0, 6.0, 6.0, 6.0, 6.0, 6.0, 6.0, 11.0, 5.0, 6.0, 5.0, 6.0, 5.0, 6.0, 0.0, 1.0, 5.0, 6.0, 6.0, 5.0, 5.0, 6.0, 6.0, 5.0, 5.0, 6.0, 6.0, 5.0, 5.0, 6.0, 6.0, 5.0, 5.0, 6.0, 5.0, 6.0]
985	MoeSQLmosa	24	1	[14.0, 15.0, 15.0, 15.0, 15.0, 15.0, 15.0, 15.0, 15.0, 15.0, 15.0, 15.0, 15.0, 0.0, 15.0, 20.0, 14.0, 15.0, 14.0, 15.0, 14.0, 15.0, 14.0, 15.0, 14.0, 15.0, 15.0, 14.0, 14.0, 15.0, 15.0, 14.0, 14.0, 15.0, 15.0, 14.0, 14.0, 15.0, 15.0, 14.0, 0.0, 1.0, 14.0, 15.0]
985	MoeSQLmosa	25	1	[14.0, 15.0, 15.0, 15.0, 15.0, 0.0, 15.0, 15.0, 15.0, 15.0, 15.0, 15.0, 15.0, 15.0, 15.0, 20.0, 14.0, 15.0, 14.0, 15.0, 15.0, 14.0, 14.0, 15.0, 0.0, 1.0, 15.0, 14.0, 14.0, 15.0, 15.0, 14.0, 14.0, 15.0, 15.0, 14.0, 14.0, 15.0, 15.0, 14.0, 14.0, 15.0, 14.0, 15.0]
985	MoeSQLmosa	26	1	[0.0, 1.0, 1.0, 1.0, 1.0, 1.0, 1.0, 1.0, 1.0, 1.0, 1.0, 1.0, 1.0, 1.0, 1.0, 6.0, 0.0, 1.0, 0.0, 1.0, 0.0, 1.0, 0.0, 1.0, 0.0, 1.0, 1.0, 0.0, 0.0, 1.0, 1.0, 0.0, 0.0, 1.0, 1.0, 0.0, 1.0, 0.0, 0.0, 1.0, 0.0, 1.0, 0.0, 1.0]
985	MoeSQLmosa	27	1	[0.0, 1.0, 1.0, 1.0, 1.0, 1.0, 1.0, 1.0, 1.0, 1.0, 1.0, 1.0, 1.0, 1.0, 1.0, 6.0, 0.0, 1.0, 0.0, 1.0, 0.0, 1.0, 1.0, 0.0, 0.0, 1.0, 1.0, 0.0, 0.0, 1.0, 1.0, 0.0, 0.0, 1.0, 1.0, 0.0, 0.0, 1.0, 0.0, 1.0, 0.0, 1.0, 0.0, 1.0]
985	MOTGA	0	22	[0.0, 0.0, 0.0, 0.0, 0.0, 0.0, 0.0, 0.0, 0.0, 0.0, 0.0, 0.0, 0.0, 0.0, 0.0, 0.0, 0.0, 0.0, 0.0, 0.0, 0.0, 0.0, 0.0, 0.0, 0.0, 0.0, 0.0, 0.0, 0.0, 0.0, 0.0, 0.0, 0.0, 0.0, 0.0, 0.0, 0.0, 0.0, 0.0, 0.0, 0.0, 0.0, 0.0, 0.0]
986	MoeSQLmosa	0	2	[0.0, 0.0, 1.0]
986	MoeSQLmosa	1	1	[1.7976931348623156E306, 1.7976931348623156E306, 0.0]
986	MOTGA	0	3	[0.0, 0.0, 0.0]
987	MoeSQLmosa	0	1	[1.0, 0.0, 1.0]
987	MoeSQLmosa	1	1	[0.0, 22.714285714285715, 1.0]
987	MoeSQLmosa	2	1	[1.7976931348623156E306, 1.7976931348623156E306, 0.0]
987	MOTGA	0	3	[0.0, 0.0, 0.0]
988	MoeSQLmosa	0	1	[1.0, 0.0, 1.0, 0.0, 1.0, 1.0]
988	MoeSQLmosa	1	1	[42.54856759535975, 41.54856759535975, 42.54856759535975, 41.54856759535975, 0.0, 1.0]
988	MoeSQLmosa	2	1	[2.0, 1.0, 0.0, 1.0, 2.0, 2.0]
988	MoeSQLmosa	3	1	[0.0, 1.0, 2.0, 1.0, 2.0, 2.0]
988	MoeSQLmosa	4	1	[1.7976931348623156E306, 1.7976931348623156E306, 1.7976931348623156E306, 1.7976931348623156E306, 1.7976931348623156E306, 0.0]
988	MOTGA	0	5	[0.0, 0.0, 0.0, 0.0, 0.0, 0.0]
989	MoeSQLmosa	0	1	[4.566666666666666, 0.0, 1.0, 5.566666666666666, 5.566666666666666, 5.566666666666666, 5.566666666666666]
989	MoeSQLmosa	1	1	[5.918638768638768, 6.918638768638768, 6.918638768638768, 0.0, 1.0, 6.918638768638768, 6.918638768638768]
989	MoeSQLmosa	2	1	[10.294839642949757, 11.294839642949757, 11.294839642949757, 11.294839642949757, 11.294839642949757, 0.0, 1.0]
989	MoeSQLmosa	3	1	[1.7976931348623156E306, 1.7976931348623156E306, 1.7976931348623156E306, 1.7976931348623156E306, 0.0, 1.7976931348623156E306, 1.7976931348623156E306]
989	MoeSQLmosa	4	1	[0.0, 1.0, 1.0, 1.0, 1.0, 1.0, 1.0]
989	MoeSQLmosa	5	1	[1.7976931348623156E306, 1.7976931348623156E306, 1.7976931348623156E306, 1.7976931348623156E306, 1.7976931348623156E306, 1.7976931348623156E306, 0.0]
989	MoeSQLmosa	6	1	[1.7976931348623156E306, 1.7976931348623156E306, 0.0, 1.7976931348623156E306, 1.7976931348623156E306, 1.7976931348623156E306, 1.7976931348623156E306]
989	MOTGA	0	7	[0.0, 0.0, 0.0, 0.0, 0.0, 0.0, 0.0]
990	MoeSQLmosa	0	2	[1.0, 0.0, 1.0, 0.0, 1.0, 0.0, 2.0]
990	MoeSQLmosa	1	2	[0.0, 1.0, 0.0, 1.0, 2.0, 2.0, 3.0]
990	MoeSQLmosa	2	1	[20.021381886087767, 19.021381886087767, 20.021381886087767, 19.021381886087767, 0.0, 1.0, 3.0]
990	MoeSQLmosa	3	3	[1.0, 0.0, 1.0, 0.0, 1.0, 1.0, 0.0]
990	MOTGA	0	8	[0.0, 0.0, 0.0, 0.0, 0.0, 0.0, 0.0]
991	MoeSQLmosa	0	1	[0.0, 40.34147105338207]
991	MoeSQLmosa	1	1	[1.0, 0.0]
991	MOTGA	0	2	[0.0, 0.0]
992	MoeSQLmosa	0	1	[1.0, 0.0]
992	MoeSQLmosa	1	1	[0.0, 42.334228219038344]
992	MOTGA	0	2	[0.0, 0.0]
993	MoeSQLmosa	0	2	[0.0, 0.0, 1.0]
993	MoeSQLmosa	1	1	[1.7976931348623156E306, 1.7976931348623156E306, 0.0]
993	MOTGA	0	3	[0.0, 0.0, 0.0]
994	MoeSQLmosa	0	1	[0.0, 14.879715833125653, 1.0]
994	MoeSQLmosa	1	1	[1.0, 0.0, 1.0]
994	MoeSQLmosa	2	1	[1.7976931348623156E306, 1.7976931348623156E306, 0.0]
994	MOTGA	0	3	[0.0, 0.0, 0.0]
995	MoeSQLmosa	0	2	[19.16903559403559, 20.16903559403559, 20.16903559403559, 20.16903559403559, 19.16903559403559, 20.16903559403559, 0.0, 0.0, 1.0]
995	MoeSQLmosa	1	3	[0.0, 0.0, 1.0, 1.0, 0.0, 1.0, 2.0, 2.0, 32.02692640692641]
995	MoeSQLmosa	2	2	[1036.0607392607392, 1037.0607392607392, 1037.0607392607392, 1035.0607392607392, 1036.0607392607392, 1037.0607392607392, 995.0, 0.0, 1.0]
995	MoeSQLmosa	3	2	[1.0, 2.0, 2.0, 2.0, 1.0, 0.0, 3.0, 2.0, 1.0]
995	MoeSQLmosa	4	2	[1.0, 2.0, 2.0, 0.0, 1.0, 2.0, 3.0, 2.0, 1.0]
995	MoeSQLmosa	5	2	[1.7976931348623156E306, 1.7976931348623156E306, 0.0, 1.7976931348623156E306, 1.7976931348623156E306, 1.7976931348623156E306, 2.0, 1.7976931348623156E306, 1.7976931348623156E306]
995	MoeSQLmosa	6	2	[1.7976931348623156E306, 1.7976931348623156E306, 1.7976931348623156E306, 1.7976931348623156E306, 1.7976931348623156E306, 1.7976931348623156E306, 0.0, 1.0, 0.0]
995	MOTGA	0	8	[0.0, 0.0, 0.0, 0.0, 0.0, 0.0, 0.0, 2.0, 0.0]
996	MoeSQLmosa	0	2	[0.0, 0.0]
996	MOTGA	0	2	[0.0, 0.0]
997	MoeSQLmosa	0	1	[0.0, 1.0, 1.0, 1.0, 1.0, 1.0, 1.0]
997	MoeSQLmosa	1	1	[28.68905734096412, 29.68905734096412, 29.68905734096412, 0.0, 1.0, 29.68905734096412, 29.68905734096412]
997	MoeSQLmosa	2	1	[5.828395858883664, 6.828395858883664, 6.828395858883664, 6.828395858883664, 6.828395858883664, 0.0, 1.0]
997	MoeSQLmosa	3	1	[42.13784965034965, 0.0, 1.0, 43.13784965034965, 43.13784965034965, 43.13784965034965, 43.13784965034965]
997	MoeSQLmosa	4	1	[1.7976931348623156E306, 1.7976931348623156E306, 0.0, 1.7976931348623156E306, 1.7976931348623156E306, 1.7976931348623156E306, 1.7976931348623156E306]
997	MoeSQLmosa	5	1	[1.7976931348623156E306, 1.7976931348623156E306, 1.7976931348623156E306, 1.7976931348623156E306, 1.7976931348623156E306, 1.7976931348623156E306, 0.0]
997	MoeSQLmosa	6	1	[1.7976931348623156E306, 1.7976931348623156E306, 1.7976931348623156E306, 1.7976931348623156E306, 0.0, 1.7976931348623156E306, 1.7976931348623156E306]
997	MOTGA	0	7	[0.0, 0.0, 0.0, 0.0, 0.0, 0.0, 0.0]
998	MoeSQLmosa	0	2	[3.238095238095238, 4.238095238095238, 4.238095238095238, 0.0, 1.0, 3.409090909090909, 0.0, 1.0, 4.409090909090909, 4.409090909090909]
998	MoeSQLmosa	1	1	[1.7976931348623156E306, 1.7976931348623156E306, 3.595386269724631E306, 1.7976931348623156E306, 0.0, 3.595386269724631E306, 1.7976931348623156E306, 3.595386269724631E306, 3.595386269724631E306, 6.198809523809524]
998	MoeSQLmosa	2	1	[5.198809523809524, 0.0, 1.0, 6.198809523809524, 7.198809523809524, 5.0, 6.0, 7.0, 0.0, 1.0]
998	MoeSQLmosa	3	1	[3.595386269724631E306, 1.7976931348623156E306, 3.595386269724631E306, 3.595386269724631E306, 6.198809523809524, 1.7976931348623156E306, 1.7976931348623156E306, 3.595386269724631E306, 1.7976931348623156E306, 0.0]
998	MoeSQLmosa	4	1	[1.7976931348623156E306, 1.7976931348623156E306, 0.0, 1.7976931348623156E306, 3.595386269724631E306, 3.595386269724631E306, 3.595386269724631E306, 6.0, 1.7976931348623156E306, 3.595386269724631E306]
998	MoeSQLmosa	5	1	[0.0, 1.0, 1.0, 1.0, 1.0, 11.198809523809524, 6.0, 7.0, 6.198809523809524, 7.198809523809524]
998	MoeSQLmosa	6	1	[11.198809523809524, 6.0, 7.0, 6.198809523809524, 7.198809523809524, 0.0, 1.0, 1.0, 1.0, 1.0]
998	MoeSQLmosa	7	1	[3.595386269724631E306, 3.595386269724631E306, 6.0, 1.7976931348623156E306, 3.595386269724631E306, 1.7976931348623156E306, 1.7976931348623156E306, 0.0, 1.7976931348623156E306, 3.595386269724631E306]
998	MOTGA	0	8	[0.0, 0.0, 0.0, 0.0, 0.0, 0.0, 0.0, 0.0, 0.0, 0.0]
999	MoeSQLmosa	0	2	[0.0, 0.0]
999	MOTGA	0	2	[0.0, 0.0]
1000	MoeSQLmosa	0	1	[44.0, 45.0, 45.0, 0.0, 1.0, 45.0, 44.0, 45.0, 50.72222222222222]
1000	MoeSQLmosa	1	1	[1.7976931348623156E306, 1.7976931348623156E306, 1.7976931348623156E306, 1.7976931348623156E306, 0.0, 1.7976931348623156E306, 1.7976931348623156E306, 1.7976931348623156E306, 1.7976931348623156E306]
1000	MoeSQLmosa	2	1	[1.0, 0.0, 1.0, 2.0, 2.0, 2.0, 7.722222222222223, 2.0, 1.0]
1000	MoeSQLmosa	3	1	[1.7976931348623156E306, 1.7976931348623156E306, 0.0, 1.7976931348623156E306, 1.7976931348623156E306, 1.7976931348623156E306, 1.7976931348623156E306, 1.7976931348623156E306, 1.7976931348623156E306]
1000	MoeSQLmosa	4	1	[1.7976931348623156E306, 1.7976931348623156E306, 1.7976931348623156E306, 1.7976931348623156E306, 1.7976931348623156E306, 1.7976931348623156E306, 1.7976931348623156E306, 0.0, 1.7976931348623156E306]
1000	MoeSQLmosa	5	1	[0.0, 1.0, 1.0, 1.0, 1.0, 1.0, 6.722222222222223, 1.0, 0.0]
1000	MoeSQLmosa	6	1	[0.0, 1.0, 1.0, 1.0, 1.0, 1.0, 0.0, 1.0, 6.722222222222223]
1000	MoeSQLmosa	7	1	[1.6333333333333333, 2.6333333333333333, 2.6333333333333333, 2.6333333333333333, 2.6333333333333333, 0.0, 1.6333333333333333, 1.0, 5.734299516908212]
1000	MOTGA	0	8	[0.0, 0.0, 0.0, 0.0, 0.0, 0.0, 0.0, 0.0, 0.0]
1001	MoeSQLmosa	0	1	[0.0, 24.460886818495517]
1001	MoeSQLmosa	1	1	[1.0, 0.0]
1001	MOTGA	0	2	[0.0, 0.0]
1002	MoeSQLmosa	0	1	[8.90265999230285, 9.90265999230285, 9.90265999230285, 0.0, 1.0, 9.90265999230285, 8.90265999230285, 9.90265999230285, 3.0]
1002	MoeSQLmosa	1	1	[0.0, 1.0, 1.0, 1.0, 1.0, 1.0, 0.0, 1.0, 2.0]
1002	MoeSQLmosa	2	1	[1.0, 2.0, 2.0, 2.0, 2.0, 0.0, 1.0, 2.0, 3.0]
1002	MoeSQLmosa	3	1	[30.82498572785484, 0.0, 1.0, 31.82498572785484, 31.82498572785484, 31.82498572785484, 30.82498572785484, 31.82498572785484, 3.0]
1002	MoeSQLmosa	4	1	[1.7976931348623156E306, 1.7976931348623156E306, 1.7976931348623156E306, 1.7976931348623156E306, 0.0, 1.7976931348623156E306, 1.7976931348623156E306, 1.7976931348623156E306, 3.0]
1002	MoeSQLmosa	5	1	[1.7976931348623156E306, 1.7976931348623156E306, 0.0, 1.7976931348623156E306, 1.7976931348623156E306, 1.7976931348623156E306, 1.7976931348623156E306, 1.7976931348623156E306, 3.0]
1002	MoeSQLmosa	6	1	[1.0, 2.0, 2.0, 2.0, 2.0, 2.0, 1.0, 0.0, 3.0]
1002	MoeSQLmosa	7	3	[0.0, 1.0, 1.0, 1.0, 1.0, 1.0, 0.0, 1.0, 0.0]
1002	MOTGA	0	9	[0.0, 0.0, 0.0, 0.0, 0.0, 0.0, 0.0, 0.0, 0.0]
1003	MoeSQLmosa	0	2	[0.0, 0.0]
1003	MOTGA	0	2	[0.0, 0.0]
1004	MoeSQLmosa	0	1	[8.83825918079096, 9.83825918079096, 9.83825918079096, 0.0, 1.0, 9.83825918079096, 9.83825918079096, 16.644004995098417]
1004	MoeSQLmosa	1	1	[11.973319116580749, 0.0, 1.0, 12.973319116580749, 12.973319116580749, 12.973319116580749, 12.973319116580749, 49.43528492854656]
1004	MoeSQLmosa	2	1	[0.0, 1.0, 1.0, 1.0, 1.0, 1.0, 1.0, 11.973319116580749]
1004	MoeSQLmosa	3	1	[29.099999999999998, 30.099999999999998, 30.099999999999998, 30.099999999999998, 30.099999999999998, 0.0, 1.0, 37.858380771663505]
1004	MoeSQLmosa	4	1	[1.0, 2.0, 2.0, 2.0, 2.0, 2.0, 2.0, 0.0]
1004	MoeSQLmosa	5	1	[1.7976931348623156E306, 1.7976931348623156E306, 0.0, 1.7976931348623156E306, 1.7976931348623156E306, 1.7976931348623156E306, 1.7976931348623156E306, 1.7976931348623156E306]
1004	MoeSQLmosa	6	1	[1.7976931348623156E306, 1.7976931348623156E306, 1.7976931348623156E306, 1.7976931348623156E306, 1.7976931348623156E306, 1.7976931348623156E306, 0.0, 1.7976931348623156E306]
1004	MoeSQLmosa	7	1	[1.7976931348623156E306, 1.7976931348623156E306, 1.7976931348623156E306, 1.7976931348623156E306, 0.0, 1.7976931348623156E306, 1.7976931348623156E306, 1.7976931348623156E306]
1004	MOTGA	0	8	[0.0, 0.0, 0.0, 0.0, 0.0, 0.0, 0.0, 0.0]
1005	MoeSQLmosa	0	1	[0.0, 9.460835923335924]
1005	MoeSQLmosa	1	1	[1.0, 0.0]
1005	MOTGA	0	2	[0.0, 0.0]
1006	MoeSQLmosa	0	2	[0.0, 0.0]
1006	MOTGA	0	2	[0.0, 0.0]
1007	MoeSQLmosa	0	1	[16.90972222222222, 17.90972222222222, 17.90972222222222, 17.90972222222222, 17.90972222222222, 0.0, 1.0]
1007	MoeSQLmosa	1	1	[37.41666666666667, 0.0, 1.0, 38.41666666666667, 38.41666666666667, 38.41666666666667, 38.41666666666667]
1007	MoeSQLmosa	2	2	[0.0, 1.0, 1.0, 0.0, 1.0, 1.0, 1.0]
1007	MoeSQLmosa	3	1	[1.7976931348623156E306, 1.7976931348623156E306, 1.7976931348623156E306, 1.7976931348623156E306, 0.0, 1.7976931348623156E306, 1.7976931348623156E306]
1007	MoeSQLmosa	4	1	[1.7976931348623156E306, 1.7976931348623156E306, 0.0, 1.7976931348623156E306, 1.7976931348623156E306, 1.7976931348623156E306, 1.7976931348623156E306]
1007	MoeSQLmosa	5	1	[1.7976931348623156E306, 1.7976931348623156E306, 1.7976931348623156E306, 1.7976931348623156E306, 1.7976931348623156E306, 1.7976931348623156E306, 0.0]
1007	MOTGA	0	7	[0.0, 0.0, 0.0, 0.0, 0.0, 0.0, 0.0]
1008	MoeSQLmosa	0	2	[0.0, 0.0, 1.0]
1008	MoeSQLmosa	1	1	[1.7976931348623156E306, 1.7976931348623156E306, 0.0]
1008	MOTGA	0	3	[0.0, 0.0, 0.0]
1009	MoeSQLmosa	0	2	[0.0, 0.0]
1009	MOTGA	0	2	[0.0, 0.0]
1010	MoeSQLmosa	0	1	[1.0, 0.0, 1.0]
1010	MoeSQLmosa	1	1	[0.0, 40.84054022730536, 1.0]
1010	MoeSQLmosa	2	1	[1.7976931348623156E306, 1.7976931348623156E306, 0.0]
1010	MOTGA	0	3	[0.0, 0.0, 0.0]
1011	MoeSQLmosa	0	1	[0.0, 20.100260872265064, 1.0]
1011	MoeSQLmosa	1	1	[1.0, 0.0, 1.0]
1011	MoeSQLmosa	2	1	[1.7976931348623156E306, 1.7976931348623156E306, 0.0]
1011	MOTGA	0	3	[0.0, 0.0, 0.0]
1012	MoeSQLmosa	0	1	[11.793892101859901, 12.793892101859901, 12.793892101859901, 0.0, 1.0, 12.793892101859901, 12.793892101859901, 19.766128126704622]
1012	MoeSQLmosa	1	1	[47.023809523809526, 48.023809523809526, 48.023809523809526, 48.023809523809526, 48.023809523809526, 0.0, 1.0, 59.1668857725969]
1012	MoeSQLmosa	2	1	[21.99175824175824, 0.0, 1.0, 22.99175824175824, 22.99175824175824, 22.99175824175824, 22.99175824175824, 29.96399426660296]
1012	MoeSQLmosa	3	1	[0.0, 1.0, 1.0, 1.0, 1.0, 1.0, 1.0, 7.972236024844721]
1012	MoeSQLmosa	4	1	[1.0, 2.0, 2.0, 2.0, 2.0, 2.0, 2.0, 0.0]
1012	MoeSQLmosa	5	1	[1.7976931348623156E306, 1.7976931348623156E306, 0.0, 1.7976931348623156E306, 1.7976931348623156E306, 1.7976931348623156E306, 1.7976931348623156E306, 1.7976931348623156E306]
1012	MoeSQLmosa	6	1	[1.7976931348623156E306, 1.7976931348623156E306, 1.7976931348623156E306, 1.7976931348623156E306, 1.7976931348623156E306, 1.7976931348623156E306, 0.0, 1.7976931348623156E306]
1012	MoeSQLmosa	7	1	[1.7976931348623156E306, 1.7976931348623156E306, 1.7976931348623156E306, 1.7976931348623156E306, 0.0, 1.7976931348623156E306, 1.7976931348623156E306, 1.7976931348623156E306]
1012	MOTGA	0	8	[0.0, 0.0, 0.0, 0.0, 0.0, 0.0, 0.0, 0.0]
1013	MoeSQLmosa	0	3	[0.0, 0.0, 1.0, 0.0, 1.0, 2.0, 2.0]
1013	MoeSQLmosa	1	1	[1.7976931348623156E306, 1.7976931348623156E306, 0.0, 1.7976931348623156E306, 1.7976931348623156E306, 3.0, 3.0]
1013	MoeSQLmosa	2	1	[1.7976931348623156E306, 1.7976931348623156E306, 1.7976931348623156E306, 1.7976931348623156E306, 0.0, 3.0, 3.0]
1013	MoeSQLmosa	3	3	[0.0, 28.0, 1.0, 1.0, 1.0, 1.0, 0.0]
1013	MoeSQLmosa	4	3	[0.0, 23.0, 1.0, 1.0, 1.0, 0.0, 0.0]
1013	MOTGA	0	8	[0.0, 0.0, 0.0, 0.0, 0.0, 0.0, 0.0]
1014	MoeSQLmosa	0	1	[7.988257575757576, 8.988257575757576, 8.988257575757576, 0.0, 1.0, 8.988257575757576, 8.988257575757576, 22.210125922172203]
1014	MoeSQLmosa	1	1	[13.925606308592844, 14.925606308592844, 14.925606308592844, 14.925606308592844, 14.925606308592844, 0.0, 1.0, 23.184209131196063]
1014	MoeSQLmosa	2	1	[22.28488479262673, 0.0, 1.0, 23.28488479262673, 23.28488479262673, 23.28488479262673, 23.28488479262673, 31.53185374184445]
1014	MoeSQLmosa	3	1	[0.0, 1.0, 1.0, 1.0, 1.0, 1.0, 1.0, 14.221868346414626]
1014	MoeSQLmosa	4	1	[1.7976931348623156E306, 1.7976931348623156E306, 1.7976931348623156E306, 1.7976931348623156E306, 0.0, 1.7976931348623156E306, 1.7976931348623156E306, 1.7976931348623156E306]
1014	MoeSQLmosa	5	1	[1.7976931348623156E306, 1.7976931348623156E306, 1.7976931348623156E306, 1.7976931348623156E306, 1.7976931348623156E306, 1.7976931348623156E306, 0.0, 1.7976931348623156E306]
1014	MoeSQLmosa	6	1	[1.7976931348623156E306, 1.7976931348623156E306, 0.0, 1.7976931348623156E306, 1.7976931348623156E306, 1.7976931348623156E306, 1.7976931348623156E306, 1.7976931348623156E306]
1014	MoeSQLmosa	7	1	[1.0, 2.0, 2.0, 2.0, 2.0, 2.0, 2.0, 0.0]
1014	MOTGA	0	8	[0.0, 0.0, 0.0, 0.0, 0.0, 0.0, 0.0, 0.0]
1015	MoeSQLmosa	0	1	[0.0, 30.564492963177173]
1015	MoeSQLmosa	1	1	[1.0, 0.0]
1015	MOTGA	0	2	[0.0, 0.0]
1016	MoeSQLmosa	0	1	[22.235101010101012, 23.235101010101012, 23.235101010101012, 22.235101010101012, 23.235101010101012, 23.235101010101012, 0.0, 1.0, 53.91674123296514, 8.16674123296514, 9.16674123296514, 45.75, 46.75, 54.91674123296514, 53.91674123296514, 54.91674123296514, 66.71506056069623, 59.773884090108, 61.85791770355337, 62.85791770355337]
1016	MoeSQLmosa	1	1	[8.59369959295925, 9.59369959295925, 24.20182896358862, 1.7976931348623156E306, 1.7976931348623156E306, 1.7976931348623156E306, 1.7976931348623156E306, 6.401587301587302, 8.59369959295925, 9.59369959295925, 9.59369959295925, 0.0, 1.0, 9.59369959295925, 8.59369959295925, 9.59369959295925, 31.143005434176857, 24.20182896358862, 16.534876063547486, 17.534876063547486]
1016	MoeSQLmosa	2	1	[29.956001912960307, 30.956001912960307, 38.27114912545032, 41.666666666666664, 0.0, 1.0, 42.666666666666664, 42.666666666666664, 29.956001912960307, 22.066666666666666, 23.066666666666666, 7.88933524629364, 8.88933524629364, 30.956001912960307, 29.956001912960307, 30.956001912960307, 45.21232559603855, 38.27114912545032, 37.89717838354854, 38.89717838354854]
1016	MoeSQLmosa	3	1	[7.88933524629364, 8.88933524629364, 33.40106111732184, 55.83472222222222, 44.730555555555554, 45.730555555555554, 11.104166666666666, 12.104166666666666, 7.88933524629364, 0.0, 1.0, 8.88933524629364, 8.88933524629364, 8.88933524629364, 7.88933524629364, 8.88933524629364, 40.34223758791008, 33.40106111732184, 15.830511716881876, 16.830511716881876]
1016	MoeSQLmosa	4	1	[6.9411764705882355, 7.9411764705882355, 31.045238095238098, 43.95180097680098, 37.550213675213676, 38.550213675213676, 6.401587301587302, 7.401587301587302, 6.9411764705882355, 7.9411764705882355, 7.9411764705882355, 7.9411764705882355, 7.9411764705882355, 0.0, 6.9411764705882355, 1.0, 30.045238095238098, 31.045238095238098, 0.0, 1.0]
1016	MoeSQLmosa	5	1	[16.06647947855378, 0.0, 1.0, 16.06647947855378, 17.06647947855378, 17.06647947855378, 17.06647947855378, 17.06647947855378, 47.12061353113229, 41.0222942034012, 42.0222942034012, 39.23127828483865, 40.23127828483865, 31.05413405257851, 47.12061353113229, 15.987654574024731, 81.68125859470305, 50.03739816376832, 47.63151500495947, 48.63151500495946]
1016	MoeSQLmosa	6	1	[0.0, 1.0, 1.0, 0.0, 1.0, 1.0, 1.0, 1.0, 23.10828949465965, 15.830511716881876, 16.830511716881876, 15.218954248366014, 16.218954248366014, 16.16711302407142, 23.10828949465965, 17.16711302407142, 50.21685661381501, 51.21685661381501, 16.16711302407142, 17.16711302407142]
1016	MoeSQLmosa	7	1	[0.0, 1.0, 9.302587969097756, 22.79465948645053, 18.49307218486323, 19.49307218486323, 5.301587301587301, 6.301587301587301, 0.0, 1.0, 1.0, 1.0, 1.0, 1.0, 0.0, 1.0, 16.24376443968599, 9.302587969097756, 7.9411764705882355, 8.941176470588236]
1016	MoeSQLmosa	8	1	[1.7976931348623156E306, 1.7976931348623156E306, 1.7976931348623156E306, 1.7976931348623156E306, 1.7976931348623156E306, 0.0, 1.7976931348623156E306, 1.7976931348623156E306, 1.7976931348623156E306, 1.7976931348623156E306, 1.7976931348623156E306, 1.7976931348623156E306, 1.7976931348623156E306, 1.7976931348623156E306, 1.7976931348623156E306, 1.7976931348623156E306, 1.7976931348623156E306, 1.7976931348623156E306, 1.7976931348623156E306, 1.7976931348623156E306]
1016	MoeSQLmosa	9	1	[1.7976931348623156E306, 1.7976931348623156E306, 1.7976931348623156E306, 1.7976931348623156E306, 1.7976931348623156E306, 1.7976931348623156E306, 1.7976931348623156E306, 0.0, 1.7976931348623156E306, 1.7976931348623156E306, 1.7976931348623156E306, 1.7976931348623156E306, 1.7976931348623156E306, 1.7976931348623156E306, 1.7976931348623156E306, 1.7976931348623156E306, 1.7976931348623156E306, 1.7976931348623156E306, 1.7976931348623156E306, 1.7976931348623156E306]
1016	MoeSQLmosa	10	1	[1.7976931348623156E306, 1.7976931348623156E306, 1.7976931348623156E306, 1.7976931348623156E306, 1.7976931348623156E306, 1.7976931348623156E306, 1.7976931348623156E306, 1.7976931348623156E306, 1.7976931348623156E306, 1.7976931348623156E306, 1.7976931348623156E306, 1.7976931348623156E306, 1.7976931348623156E306, 1.7976931348623156E306, 1.7976931348623156E306, 1.7976931348623156E306, 1.7976931348623156E306, 1.7976931348623156E306, 1.7976931348623156E306, 0.0]
1016	MoeSQLmosa	11	1	[0.0, 1.0, 1.0, 54.00568181818181, 42.90151515151515, 43.90151515151515, 12.104166666666666, 13.104166666666666, 0.0, 1.0, 1.0, 1.0, 1.0, 1.0, 7.9411764705882355, 2.0, 0.0, 1.0, 1.0, 1.0]
1016	MoeSQLmosa	12	1	[1.7976931348623156E306, 1.7976931348623156E306, 0.0, 1.7976931348623156E306, 1.7976931348623156E306, 1.7976931348623156E306, 1.7976931348623156E306, 1.7976931348623156E306, 3.595386269724631E306, 3.595386269724631E306, 3.595386269724631E306, 3.595386269724631E306, 3.595386269724631E306, 3.595386269724631E306, 3.595386269724631E306, 14.987654574024731, 5.393079404586947E306, 20.328296856578778, 3.595386269724631E306, 5.393079404586947E306]
1016	MoeSQLmosa	13	1	[1.7976931348623156E306, 1.7976931348623156E306, 30.045238095238098, 5.393079404586947E306, 1.7976931348623156E306, 5.393079404586947E306, 5.393079404586947E306, 3.595386269724631E306, 1.7976931348623156E306, 3.595386269724631E306, 3.595386269724631E306, 3.595386269724631E306, 3.595386269724631E306, 1.7976931348623156E306, 1.7976931348623156E306, 0.0, 5.393079404586947E306, 30.045238095238098, 1.7976931348623156E306, 5.393079404586947E306]
1016	MoeSQLmosa	14	1	[1.7976931348623156E306, 1.7976931348623156E306, 1.7976931348623156E306, 1.7976931348623156E306, 1.7976931348623156E306, 1.7976931348623156E306, 1.7976931348623156E306, 1.7976931348623156E306, 1.7976931348623156E306, 1.7976931348623156E306, 1.7976931348623156E306, 1.7976931348623156E306, 0.0, 1.7976931348623156E306, 1.7976931348623156E306, 1.7976931348623156E306, 1.7976931348623156E306, 1.7976931348623156E306, 1.7976931348623156E306, 1.7976931348623156E306]
1016	MoeSQLmosa	15	1	[1.7976931348623156E306, 1.7976931348623156E306, 1.7976931348623156E306, 1.7976931348623156E306, 1.7976931348623156E306, 1.7976931348623156E306, 1.7976931348623156E306, 1.7976931348623156E306, 1.7976931348623156E306, 1.7976931348623156E306, 0.0, 1.7976931348623156E306, 1.7976931348623156E306, 1.7976931348623156E306, 1.7976931348623156E306, 1.7976931348623156E306, 1.7976931348623156E306, 1.7976931348623156E306, 1.7976931348623156E306, 1.7976931348623156E306]
1016	MoeSQLmosa	16	1	[1.7976931348623156E306, 1.7976931348623156E306, 0.0, 3.595386269724631E306, 1.7976931348623156E306, 3.595386269724631E306, 3.595386269724631E306, 3.595386269724631E306, 1.7976931348623156E306, 3.595386269724631E306, 3.595386269724631E306, 3.595386269724631E306, 3.595386269724631E306, 1.7976931348623156E306, 1.7976931348623156E306, 1.0, 1.7976931348623156E306, 0.0, 5.393079404586947E306, 5.393079404586947E306]
1016	MOTGA	0	14	[0.0, 0.0, 0.0, 0.0, 0.0, 0.0, 0.0, 0.0, 0.0, 0.0, 0.0, 0.0, 0.0, 0.0, 0.0, 0.0, 0.0, 0.0, 0.0, 0.0]
1017	MoeSQLmosa	0	1	[1.0, 0.0, 1.0]
1017	MoeSQLmosa	1	1	[0.0, 40.52919672919673, 1.0]
1017	MoeSQLmosa	2	1	[1.7976931348623156E306, 1.7976931348623156E306, 0.0]
1017	MOTGA	0	3	[0.0, 0.0, 0.0]
1018	MoeSQLmosa	0	2	[0.0, 0.0]
1018	MOTGA	0	2	[0.0, 0.0]
1019	MoeSQLmosa	0	1	[0.0, 1.0, 2.0]
1019	MoeSQLmosa	1	1	[2.0, 1.0, 0.0]
1019	MoeSQLmosa	2	1	[1.0, 0.0, 1.0]
1019	MOTGA	0	3	[0.0, 0.0, 0.0]
1020	MoeSQLmosa	0	1	[1.0, 0.0]
1020	MoeSQLmosa	1	1	[0.0, 37.69781019574412]
1020	MOTGA	0	2	[0.0, 0.0]
1021	MoeSQLmosa	0	2	[1.7976931348623156E306, 1.7976931348623156E306, 0.0, 2.0, 1.7976931348623156E306, 1.7976931348623156E306]
1021	MoeSQLmosa	1	4	[0.0, 0.0, 1.0, 2.0, 2.0, 34.78103230103231]
1021	MoeSQLmosa	2	2	[45.917781432748534, 85.17023612843123, 46.917781432748534, 0.0, 39.252454695682694, 40.252454695682694]
1021	MoeSQLmosa	3	2	[41.87292990217451, 40.87292990217451, 41.87292990217451, 0.0, 0.0, 1.0]
1021	MoeSQLmosa	4	2	[1.7976931348623156E306, 1.7976931348623156E306, 1.7976931348623156E306, 0.0, 1.0, 0.0]
1021	MOTGA	0	5	[0.0, 0.0, 0.0, 0.0, 2.0, 5.0]
1022	MoeSQLmosa	0	2	[0.0, 0.0]
1022	MOTGA	0	2	[0.0, 0.0]
1023	MoeSQLmosa	0	1	[17.26808608058608, 0.0, 1.0, 18.26808608058608, 18.26808608058608]
1023	MoeSQLmosa	1	1	[31.972311880991125, 32.97231188099113, 32.97231188099113, 0.0, 1.0]
1023	MoeSQLmosa	2	1	[0.0, 1.0, 1.0, 1.0, 1.0]
1023	MoeSQLmosa	3	1	[1.7976931348623156E306, 1.7976931348623156E306, 1.7976931348623156E306, 1.7976931348623156E306, 0.0]
1023	MoeSQLmosa	4	1	[1.7976931348623156E306, 1.7976931348623156E306, 0.0, 1.7976931348623156E306, 1.7976931348623156E306]
1023	MOTGA	0	5	[0.0, 0.0, 0.0, 0.0, 0.0]
1024	MoeSQLmosa	0	2	[0.0, 0.0, 1.0]
1024	MoeSQLmosa	1	1	[1.7976931348623156E306, 1.7976931348623156E306, 0.0]
1024	MOTGA	0	3	[0.0, 0.0, 0.0]
1026	MoeSQLmosa	0	1	[14.133333333333335, 0.0, 1.0, 15.133333333333335, 15.133333333333335]
1026	MoeSQLmosa	1	1	[14.133333333333335, 15.133333333333335, 15.133333333333335, 0.0, 1.0]
1026	MoeSQLmosa	2	1	[0.0, 1.0, 1.0, 1.0, 1.0]
1026	MoeSQLmosa	3	1	[1.7976931348623156E306, 1.7976931348623156E306, 0.0, 1.7976931348623156E306, 1.7976931348623156E306]
1026	MoeSQLmosa	4	1	[1.7976931348623156E306, 1.7976931348623156E306, 1.7976931348623156E306, 1.7976931348623156E306, 0.0]
1026	MOTGA	0	5	[0.0, 0.0, 0.0, 0.0, 0.0]
1027	MoeSQLmosa	0	1	[0.0, 1.0, 2.0]
1027	MoeSQLmosa	1	1	[1.0, 0.0, 1.0]
1027	MoeSQLmosa	2	1	[2.0, 1.0, 0.0]
1027	MOTGA	0	3	[0.0, 0.0, 0.0]
1028	MoeSQLmosa	0	1	[10.934037165828212, 11.934037165828212, 11.934037165828212, 11.934037165828212, 11.934037165828212, 0.0, 1.0, 30.69902316022597]
1028	MoeSQLmosa	1	1	[1.7976931348623156E306, 1.7976931348623156E306, 1.7976931348623156E306, 1.7976931348623156E306, 0.0, 1.7976931348623156E306, 1.7976931348623156E306, 1.7976931348623156E306]
1028	MoeSQLmosa	2	1	[0.8571428571428571, 0.0, 1.0, 1.8571428571428572, 1.8571428571428572, 1.8571428571428572, 1.8571428571428572, 20.622128851540616]
1028	MoeSQLmosa	3	1	[10.510873440285206, 11.510873440285206, 11.510873440285206, 0.0, 1.0, 11.510873440285206, 11.510873440285206, 50.769206773618535]
1028	MoeSQLmosa	4	1	[0.0, 1.0, 1.0, 1.0, 1.0, 1.0, 1.0, 19.764985994397758]
1028	MoeSQLmosa	5	1	[1.7976931348623156E306, 1.7976931348623156E306, 0.0, 1.7976931348623156E306, 1.7976931348623156E306, 1.7976931348623156E306, 1.7976931348623156E306, 1.7976931348623156E306]
1028	MoeSQLmosa	6	1	[1.7976931348623156E306, 1.7976931348623156E306, 1.7976931348623156E306, 1.7976931348623156E306, 1.7976931348623156E306, 1.7976931348623156E306, 0.0, 1.7976931348623156E306]
1028	MoeSQLmosa	7	1	[1.0, 2.0, 2.0, 2.0, 2.0, 2.0, 2.0, 0.0]
1028	MOTGA	0	8	[0.0, 0.0, 0.0, 0.0, 0.0, 0.0, 0.0, 0.0]
1029	MoeSQLmosa	0	1	[12.496520167784539, 0.0, 1.0, 13.496520167784539, 13.496520167784539, 13.496520167784539, 12.496520167784539, 13.496520167784539]
1029	MoeSQLmosa	1	1	[9.49537152977161, 10.49537152977161, 10.49537152977161, 0.0, 1.0, 10.49537152977161, 9.49537152977161, 10.49537152977161]
1029	MoeSQLmosa	2	1	[0.0, 1.0, 1.0, 1.0, 1.0, 1.0, 0.0, 1.0]
1029	MoeSQLmosa	3	1	[1.0, 2.0, 2.0, 2.0, 2.0, 0.0, 1.0, 2.0]
1029	MoeSQLmosa	4	1	[1.7976931348623156E306, 1.7976931348623156E306, 1.7976931348623156E306, 1.7976931348623156E306, 0.0, 1.7976931348623156E306, 1.7976931348623156E306, 1.7976931348623156E306]
1029	MoeSQLmosa	5	1	[1.7976931348623156E306, 1.7976931348623156E306, 0.0, 1.7976931348623156E306, 1.7976931348623156E306, 1.7976931348623156E306, 1.7976931348623156E306, 1.7976931348623156E306]
1029	MoeSQLmosa	6	1	[1.0, 2.0, 2.0, 2.0, 2.0, 2.0, 1.0, 0.0]
1029	MOTGA	0	7	[0.0, 0.0, 0.0, 0.0, 0.0, 0.0, 0.0, 0.0]
1030	MoeSQLmosa	0	1	[35.17215374971354, 34.17215374971354, 35.17215374971354, 34.17215374971354, 0.0]
1030	MoeSQLmosa	1	2	[1.0, 0.0, 0.0, 0.0, 1.0]
1030	MoeSQLmosa	2	1	[0.0, 1.0, 2.0, 1.0, 2.0]
1030	MOTGA	0	4	[0.0, 0.0, 0.0, 0.0, 0.0]
1031	MoeSQLmosa	0	1	[0.0, 45.207126696832574]
1031	MoeSQLmosa	1	1	[1.0, 0.0]
1031	MOTGA	0	2	[0.0, 0.0]
1032	MoeSQLmosa	0	3	[0.0]
1032	MOTGA	0	3	[0.0]
1033	MoeSQLmosa	0	2	[1.0, 0.0, 0.0]
1033	MoeSQLmosa	1	1	[0.0, 4.594168428470754, 1.0]
1033	MOTGA	0	3	[0.0, 0.0, 0.0]
1034	MoeSQLmosa	0	1	[1.0, 0.0]
1034	MoeSQLmosa	1	1	[0.0, 46.0]
1034	MOTGA	0	2	[0.0, 0.0]
1035	MoeSQLmosa	0	2	[0.0, 1.0, 2.0, 0.0, 0.0, 1.0]
1035	MoeSQLmosa	1	1	[1.0, 0.0, 1.0, 3.0, 2.0, 1.0]
1035	MoeSQLmosa	2	1	[952.0, 951.0, 950.0, 2.0, 1.0, 0.0]
1035	MoeSQLmosa	3	1	[2.0, 1.0, 0.0, 809.0, 808.0, 807.0]
1035	MOTGA	0	4	[0.0, 0.0, 0.0, 0.0, 0.0, 0.0]
1036	MoeSQLmosa	0	2	[0.0, 0.0]
1036	MOTGA	0	2	[0.0, 0.0]
1037	MoeSQLmosa	0	1	[1.0, 0.0]
1037	MoeSQLmosa	1	1	[0.0, 29.258837841407775]
1037	MOTGA	0	2	[0.0, 0.0]
1038	MoeSQLmosa	0	1	[0.0, 1.0, 1.0, 0.0, 1.0]
1038	MoeSQLmosa	1	1	[20.485474703505393, 0.0, 21.485474703505393, 20.485474703505393, 21.485474703505393]
1038	MoeSQLmosa	2	1	[1.0, 2.0, 0.0, 1.0, 2.0]
1038	MoeSQLmosa	3	1	[1.0, 2.0, 2.0, 1.0, 0.0]
1038	MOTGA	0	4	[0.0, 0.0, 0.0, 0.0, 0.0]
1039	MoeSQLmosa	0	2	[0.0, 0.0]
1039	MOTGA	0	2	[0.0, 0.0]
1040	MoeSQLmosa	0	1	[0.0, 37.0, 1.0, 1.0, 1.0]
1040	MoeSQLmosa	1	1	[36.96721826959668, 68.96721826959669, 37.96721826959668, 0.0, 1.0]
1040	MoeSQLmosa	2	1	[36.0, 0.0, 1.0, 37.0, 37.0]
1040	MoeSQLmosa	3	1	[1.7976931348623156E306, 1.7976931348623156E306, 0.0, 1.7976931348623156E306, 1.7976931348623156E306]
1040	MoeSQLmosa	4	1	[1.7976931348623156E306, 1.7976931348623156E306, 1.7976931348623156E306, 1.7976931348623156E306, 0.0]
1040	MOTGA	0	5	[0.0, 0.0, 0.0, 0.0, 0.0]
1041	MoeSQLmosa	0	2	[0.0, 0.0]
1041	MOTGA	0	2	[0.0, 0.0]
1042	MoeSQLmosa	0	2	[0.0, 0.0]
1042	MOTGA	0	2	[0.0, 0.0]
1043	MoeSQLmosa	0	3	[10.607564531248743, 0.0, 1.0, 11.607564531248743, 0.0, 11.607564531248743, 1.7976931348623156E306, 1.7976931348623156E306, 1.7976931348623156E306, 1.7976931348623156E306]
1043	MoeSQLmosa	1	2	[0.0, 1.0, 1.0, 1.0, 2.0, 1.0, 1.7976931348623156E306, 1.7976931348623156E306, 1.7976931348623156E306, 1.7976931348623156E306]
1043	MoeSQLmosa	2	2	[0.0, 1.0, 1.0, 0.0, 2.0, 12.034722222222221, 1.7976931348623156E306, 1.7976931348623156E306, 1.7976931348623156E306, 1.7976931348623156E306]
1043	MoeSQLmosa	3	2	[1.7976931348623156E306, 1.7976931348623156E306, 0.0, 3.595386269724631E306, 2.0, 3.595386269724631E306, 3.595386269724631E306, 3.595386269724631E306, 3.595386269724631E306, 1.7976931348623156E306]
1043	MoeSQLmosa	4	4	[1.0, 2.0, 0.0, 2.0, 1.0, 0.0, 0.0, 1.7976931348623156E306, 1.7976931348623156E306, 0.0]
1043	MOTGA	0	9	[0.0, 0.0, 0.0, 0.0, 0.0, 0.0, 0.0, 1.7976931348623156E306, 1.7976931348623156E306, 0.0]
1044	MoeSQLmosa	0	2	[16.982648758180673, 0.0, 1.0, 0.0, 1.0]
1044	MoeSQLmosa	1	1	[0.0, 1.0, 1.0, 1.0, 1.0]
1044	MoeSQLmosa	2	1	[1.7976931348623156E306, 1.7976931348623156E306, 0.0, 1.7976931348623156E306, 1.7976931348623156E306]
1044	MoeSQLmosa	3	1	[1.7976931348623156E306, 1.7976931348623156E306, 1.7976931348623156E306, 1.7976931348623156E306, 0.0]
1044	MOTGA	0	5	[0.0, 0.0, 0.0, 0.0, 0.0]
1045	MoeSQLmosa	0	3	[0.0]
1045	MOTGA	0	3	[0.0]
1046	MoeSQLmosa	0	1	[0.0, 16.17487931036877]
1046	MoeSQLmosa	1	1	[1.0, 0.0]
1046	MOTGA	0	2	[0.0, 0.0]
1047	MoeSQLmosa	0	2	[86.38793092001869, 41.76902132848414, 42.76902132848414, 67.83991685075463, 68.83991685075463, 86.38793092001869, 85.38793092001869, 86.38793092001869, 107.91981748249782, 87.38793092001869, 87.38793092001869, 86.38793092001869, 87.38793092001869, 64.16692366079862, 65.16692366079862, 0.0, 3.0]
1047	MoeSQLmosa	1	2	[980.5088549075391, 981.5088549075391, 981.5088549075391, 981.5088549075391, 981.5088549075391, 1419.2103821699168, 1420.2103821699168, 1421.2103821699168, 997.4255215742057, 981.5088549075391, 981.5088549075391, 980.5088549075391, 979.5088549075391, 0.0, 1.0, 971.0, 3.0]
1047	MoeSQLmosa	2	2	[7.1625, 0.0, 1.0, 8.1625, 8.1625, 7.1625, 8.1625, 9.1625, 42.50972222222222, 8.1625, 8.1625, 7.1625, 8.1625, 9.1625, 10.1625, 2.0, 3.0]
1047	MoeSQLmosa	3	2	[1.0, 2.0, 2.0, 2.0, 2.0, 33.81674, 34.81674, 35.81674, 7.421471861471861, 2.0, 2.0, 1.0, 0.0, 2.0, 3.0, 1.0, 3.0]
1047	MoeSQLmosa	4	2	[35.54838298400642, 36.54838298400642, 36.54838298400642, 0.0, 1.0, 258.7952674462677, 259.7952674462677, 260.7952674462677, 76.79600203162548, 36.54838298400642, 36.54838298400642, 35.54838298400642, 36.54838298400642, 37.54838298400642, 38.54838298400642, 2.0, 3.0]
1047	MoeSQLmosa	5	2	[0.0, 1.0, 1.0, 1.0, 1.0, 149.78922478888205, 150.78922478888205, 151.78922478888205, 20.183840282524493, 1.0, 1.0, 0.0, 1.0, 2.0, 3.0, 2.0, 2.0]
1047	MoeSQLmosa	6	2	[1.0, 2.0, 2.0, 2.0, 2.0, 33.81674, 34.81674, 35.81674, 0.0, 1.0, 2.0, 1.0, 2.0, 2.0, 3.0, 1.0, 3.0]
1047	MoeSQLmosa	7	2	[0.0, 1.0, 1.0, 1.0, 1.0, 0.0, 1.0, 2.0, 35.34722222222222, 1.0, 1.0, 0.0, 1.0, 2.0, 3.0, 2.0, 2.0]
1047	MoeSQLmosa	8	2	[1.0, 2.0, 2.0, 2.0, 2.0, 1.0, 2.0, 3.0, 25.740495230078565, 2.0, 0.0, 1.0, 2.0, 2.0, 3.0, 1.0, 3.0]
1047	MoeSQLmosa	9	2	[1.0, 2.0, 2.0, 2.0, 2.0, 1.0, 0.0, 1.0, 31.579865770885455, 2.0, 2.0, 1.0, 2.0, 3.0, 4.0, 2.0, 3.0]
1047	MoeSQLmosa	10	2	[1.7976931348623156E306, 1.7976931348623156E306, 1.7976931348623156E306, 1.7976931348623156E306, 1.7976931348623156E306, 1.7976931348623156E306, 1.7976931348623156E306, 1.7976931348623156E306, 1.7976931348623156E306, 0.0, 1.7976931348623156E306, 1.7976931348623156E306, 1.7976931348623156E306, 2.0, 3.0, 1.7976931348623156E306, 3.0]
1047	MoeSQLmosa	11	2	[1.7976931348623156E306, 1.7976931348623156E306, 0.0, 1.7976931348623156E306, 1.7976931348623156E306, 1.7976931348623156E306, 1.7976931348623156E306, 1.7976931348623156E306, 1.7976931348623156E306, 1.7976931348623156E306, 1.7976931348623156E306, 1.7976931348623156E306, 1.7976931348623156E306, 1.7976931348623156E306, 1.7976931348623156E306, 2.0, 3.0]
1047	MoeSQLmosa	12	2	[2.0, 3.0, 3.0, 3.0, 3.0, 2.0, 1.0, 0.0, 18.916666666666668, 3.0, 3.0, 2.0, 3.0, 4.0, 5.0, 2.0, 3.0]
1047	MoeSQLmosa	13	2	[1.7976931348623156E306, 1.7976931348623156E306, 1.7976931348623156E306, 1.7976931348623156E306, 1.7976931348623156E306, 1.7976931348623156E306, 1.7976931348623156E306, 1.7976931348623156E306, 1.7976931348623156E306, 1.7976931348623156E306, 1.7976931348623156E306, 1.7976931348623156E306, 1.7976931348623156E306, 1.0, 0.0, 0.0, 3.0]
1047	MoeSQLmosa	14	2	[1.7976931348623156E306, 1.7976931348623156E306, 1.7976931348623156E306, 1.7976931348623156E306, 0.0, 1.7976931348623156E306, 1.7976931348623156E306, 1.7976931348623156E306, 1.7976931348623156E306, 1.7976931348623156E306, 1.7976931348623156E306, 1.7976931348623156E306, 1.7976931348623156E306, 1.7976931348623156E306, 1.7976931348623156E306, 2.0, 3.0]
1047	MoeSQLmosa	15	4	[0.0, 1.0, 1.0, 1.0, 1.0, 81.20828, 82.20828, 83.20828, 16.916666666666668, 1.0, 1.0, 0.0, 1.0, 2.0, 3.0, 2.0, 0.0]
1047	MOTGA	0	17	[0.0, 0.0, 0.0, 0.0, 0.0, 0.0, 0.0, 0.0, 0.0, 0.0, 0.0, 0.0, 0.0, 0.0, 0.0, 0.0, 0.0]
1048	MoeSQLmosa	0	1	[18.17540820896985, 0.0, 1.0, 19.17540820896985, 19.17540820896985]
1048	MoeSQLmosa	1	1	[1.7976931348623156E306, 1.7976931348623156E306, 1.7976931348623156E306, 1.7976931348623156E306, 0.0]
1048	MoeSQLmosa	2	1	[18.17540820896985, 19.17540820896985, 19.17540820896985, 0.0, 1.0]
1048	MoeSQLmosa	3	1	[0.0, 1.0, 1.0, 1.0, 1.0]
1048	MoeSQLmosa	4	1	[1.7976931348623156E306, 1.7976931348623156E306, 0.0, 1.7976931348623156E306, 1.7976931348623156E306]
1048	MOTGA	0	5	[0.0, 0.0, 0.0, 0.0, 0.0]
1049	MoeSQLmosa	0	1	[1.7976931348623156E306, 1.7976931348623156E306, 0.0, 1.7976931348623156E306, 1.7976931348623156E306, 1.7976931348623156E306, 1.7976931348623156E306]
1049	MoeSQLmosa	1	1	[5.920556665297198, 0.0, 1.0, 6.920556665297198, 6.920556665297198, 6.920556665297198, 6.920556665297198]
1049	MoeSQLmosa	2	1	[0.0, 1.0, 1.0, 1.0, 1.0, 1.0, 1.0]
1049	MoeSQLmosa	3	1	[7.834433601224646, 8.834433601224646, 8.834433601224646, 8.834433601224646, 8.834433601224646, 0.0, 1.0]
1049	MoeSQLmosa	4	1	[1.7976931348623156E306, 1.7976931348623156E306, 1.7976931348623156E306, 1.7976931348623156E306, 0.0, 1.7976931348623156E306, 1.7976931348623156E306]
1049	MoeSQLmosa	5	1	[6.824874444214067, 7.824874444214067, 7.824874444214067, 0.0, 1.0, 7.824874444214067, 7.824874444214067]
1049	MoeSQLmosa	6	1	[1.7976931348623156E306, 1.7976931348623156E306, 1.7976931348623156E306, 1.7976931348623156E306, 1.7976931348623156E306, 1.7976931348623156E306, 0.0]
1049	MOTGA	0	7	[0.0, 0.0, 0.0, 0.0, 0.0, 0.0, 0.0]
1050	MoeSQLmosa	0	1	[27.91550718193333, 0.0, 1.0, 28.91550718193333, 27.91550718193333, 28.91550718193333, 41.31742882943833]
1050	MoeSQLmosa	1	1	[1.7976931348623156E306, 1.7976931348623156E306, 0.0, 1.7976931348623156E306, 1.7976931348623156E306, 1.7976931348623156E306, 1.7976931348623156E306]
1050	MoeSQLmosa	2	1	[1.0, 2.0, 2.0, 2.0, 1.0, 2.0, 0.0]
1050	MoeSQLmosa	3	1	[0.0, 1.0, 1.0, 1.0, 0.0, 1.0, 8.08974358974359]
1050	MoeSQLmosa	4	1	[1.0, 2.0, 2.0, 0.0, 1.0, 2.0, 43.776233766233766]
1050	MoeSQLmosa	5	1	[1.0, 2.0, 2.0, 2.0, 1.0, 0.0, 10.30952380952381]
1050	MOTGA	0	6	[0.0, 0.0, 0.0, 0.0, 0.0, 0.0, 0.0]
1051	MoeSQLmosa	0	1	[2.0, 1.0, 2.0, 17.0, 3.0, 3.0, 31.0, 30.0, 29.0, 0.0, 1.0, 2.0, 2.0, 1.0, 2.0, 1.0, 2.0, 2.0, 2.0, 2.0, 2.0, 2.0, 2.0, 27.0, 1.0, 2.0, 2.0, 1.0, 1.0, 2.0, 1.0, 2.0, 1.0, 2.0, 1.0, 2.0, 1.0, 2.0, 1.0, 2.0, 1.0, 2.0, 1.0, 2.0]
1051	MoeSQLmosa	1	1	[7.0, 18.0, 8.0, 22.0, 6.0, 6.0, 9.0, 8.0, 7.0, 7.0, 6.0, 7.0, 7.0, 6.0, 7.0, 6.0, 7.0, 7.0, 7.0, 7.0, 0.0, 7.0, 7.0, 73.0, 6.0, 7.0, 6.0, 7.0, 7.0, 6.0, 6.0, 7.0, 6.0, 7.0, 0.0, 1.0, 7.0, 6.0, 6.0, 7.0, 6.0, 7.0, 7.0, 6.0]
1051	MoeSQLmosa	2	1	[2.0, 13.0, 3.0, 1.0, 3.0, 3.0, 6.0, 5.0, 4.0, 2.0, 1.0, 2.0, 2.0, 1.0, 0.0, 1.0, 2.0, 2.0, 2.0, 2.0, 2.0, 2.0, 2.0, 40.0, 2.0, 3.0, 1.0, 2.0, 1.0, 2.0, 1.0, 2.0, 1.0, 2.0, 1.0, 2.0, 1.0, 2.0, 1.0, 2.0, 1.0, 2.0, 1.0, 2.0]
1051	MoeSQLmosa	3	1	[1.0, 0.0, 1.0, 16.0, 2.0, 2.0, 2.0, 1.0, 0.0, 1.0, 0.0, 1.0, 1.0, 0.0, 1.0, 0.0, 1.0, 1.0, 1.0, 1.0, 1.0, 1.0, 1.0, 26.0, 0.0, 1.0, 1.0, 0.0, 0.0, 1.0, 0.0, 1.0, 0.0, 1.0, 0.0, 1.0, 0.0, 1.0, 0.0, 1.0, 0.0, 1.0, 0.0, 1.0]
1051	MoeSQLmosa	4	1	[2.0, 1.0, 2.0, 17.0, 3.0, 3.0, 1.0, 0.0, 1.0, 2.0, 1.0, 2.0, 2.0, 1.0, 2.0, 1.0, 2.0, 2.0, 2.0, 2.0, 2.0, 2.0, 2.0, 27.0, 1.0, 2.0, 2.0, 1.0, 1.0, 2.0, 1.0, 2.0, 1.0, 2.0, 1.0, 2.0, 1.0, 2.0, 1.0, 2.0, 1.0, 2.0, 1.0, 2.0]
1051	MoeSQLmosa	5	1	[16.0, 15.0, 16.0, 31.0, 17.0, 17.0, 17.0, 16.0, 15.0, 16.0, 15.0, 16.0, 16.0, 15.0, 16.0, 15.0, 16.0, 16.0, 16.0, 0.0, 16.0, 16.0, 16.0, 41.0, 15.0, 16.0, 16.0, 15.0, 15.0, 16.0, 15.0, 16.0, 0.0, 1.0, 15.0, 16.0, 15.0, 16.0, 15.0, 16.0, 15.0, 16.0, 15.0, 16.0]
1051	MoeSQLmosa	6	1	[1.0, 0.0, 1.0, 16.0, 2.0, 2.0, 26.0, 25.0, 24.0, 1.0, 0.0, 1.0, 1.0, 0.0, 1.0, 0.0, 1.0, 1.0, 1.0, 1.0, 1.0, 1.0, 1.0, 26.0, 0.0, 1.0, 1.0, 0.0, 0.0, 1.0, 0.0, 1.0, 0.0, 1.0, 1.0, 0.0, 0.0, 1.0, 0.0, 1.0, 0.0, 1.0, 0.0, 1.0]
1051	MoeSQLmosa	7	1	[1.0, 0.0, 1.0, 16.0, 2.0, 2.0, 2.0, 1.0, 0.0, 1.0, 0.0, 1.0, 1.0, 0.0, 1.0, 0.0, 1.0, 1.0, 1.0, 1.0, 1.0, 1.0, 1.0, 26.0, 0.0, 1.0, 1.0, 0.0, 0.0, 1.0, 1.0, 0.0, 0.0, 1.0, 0.0, 1.0, 0.0, 1.0, 0.0, 1.0, 0.0, 1.0, 0.0, 1.0]
1051	MoeSQLmosa	8	1	[1.0, 0.0, 1.0, 16.0, 2.0, 2.0, 2.0, 1.0, 0.0, 1.0, 0.0, 1.0, 1.0, 0.0, 1.0, 0.0, 1.0, 1.0, 1.0, 1.0, 1.0, 1.0, 1.0, 26.0, 0.0, 1.0, 1.0, 0.0, 1.0, 0.0, 0.0, 1.0, 0.0, 1.0, 0.0, 1.0, 0.0, 1.0, 0.0, 1.0, 0.0, 1.0, 0.0, 1.0]
1051	MoeSQLmosa	9	1	[0.0, 11.0, 1.0, 14.632568292522997, 1.0, 1.0, 33.0, 32.0, 31.0, 2.0, 1.0, 2.0, 2.0, 1.0, 2.0, 1.0, 2.0, 2.0, 2.0, 2.0, 2.0, 2.0, 2.0, 27.0, 1.0, 2.0, 1.0, 2.0, 1.0, 2.0, 1.0, 2.0, 1.0, 2.0, 1.0, 2.0, 1.0, 2.0, 1.0, 2.0, 1.0, 2.0, 1.0, 2.0]
1051	MoeSQLmosa	10	1	[1.0, 12.0, 2.0, 16.0, 0.0, 0.0, 3.0, 2.0, 1.0, 1.0, 0.0, 1.0, 1.0, 0.0, 1.0, 0.0, 1.0, 1.0, 1.0, 1.0, 1.0, 1.0, 1.0, 67.0, 0.0, 1.0, 0.0, 1.0, 1.0, 0.0, 0.0, 1.0, 0.0, 1.0, 0.0, 1.0, 1.0, 0.0, 0.0, 1.0, 0.0, 1.0, 1.0, 0.0]
1051	MoeSQLmosa	11	1	[16.0, 15.0, 16.0, 31.0, 17.0, 17.0, 17.0, 16.0, 15.0, 16.0, 15.0, 16.0, 16.0, 15.0, 16.0, 15.0, 16.0, 16.0, 0.0, 16.0, 16.0, 16.0, 16.0, 41.0, 15.0, 16.0, 16.0, 15.0, 15.0, 16.0, 0.0, 1.0, 15.0, 16.0, 15.0, 16.0, 15.0, 16.0, 15.0, 16.0, 15.0, 16.0, 15.0, 16.0]
1051	MoeSQLmosa	12	1	[47.0, 58.0, 48.0, 62.0, 46.0, 46.0, 49.0, 48.0, 47.0, 47.0, 46.0, 47.0, 47.0, 46.0, 47.0, 46.0, 47.0, 47.0, 47.0, 47.0, 47.0, 47.0, 47.0, 0.0, 46.0, 47.0, 46.0, 47.0, 47.0, 46.0, 46.0, 47.0, 46.0, 47.0, 46.0, 47.0, 47.0, 46.0, 46.0, 47.0, 0.0, 1.0, 0.0, 1.0]
1051	MoeSQLmosa	13	1	[3.0, 2.0, 3.0, 18.0, 4.0, 4.0, 0.0, 1.0, 2.0, 3.0, 2.0, 3.0, 3.0, 2.0, 3.0, 2.0, 3.0, 3.0, 3.0, 3.0, 3.0, 3.0, 3.0, 28.0, 2.0, 3.0, 3.0, 2.0, 2.0, 3.0, 2.0, 3.0, 2.0, 3.0, 2.0, 3.0, 2.0, 3.0, 2.0, 3.0, 2.0, 3.0, 2.0, 3.0]
1051	MoeSQLmosa	14	1	[11.0, 10.0, 11.0, 26.0, 12.0, 12.0, 12.0, 11.0, 10.0, 11.0, 10.0, 11.0, 11.0, 10.0, 11.0, 10.0, 11.0, 11.0, 11.0, 11.0, 11.0, 0.0, 11.0, 36.0, 10.0, 11.0, 11.0, 10.0, 10.0, 11.0, 10.0, 11.0, 10.0, 11.0, 10.0, 11.0, 0.0, 1.0, 10.0, 11.0, 10.0, 11.0, 10.0, 11.0]
1051	MoeSQLmosa	15	1	[2.0, 1.0, 2.0, 17.0, 3.0, 3.0, 3.0, 2.0, 1.0, 2.0, 1.0, 2.0, 0.0, 1.0, 2.0, 1.0, 2.0, 2.0, 2.0, 2.0, 2.0, 2.0, 2.0, 27.0, 1.0, 2.0, 2.0, 1.0, 1.0, 2.0, 1.0, 2.0, 1.0, 2.0, 1.0, 2.0, 1.0, 2.0, 1.0, 2.0, 1.0, 2.0, 1.0, 2.0]
1051	MoeSQLmosa	16	1	[12.557330789838531, 11.557330789838531, 12.557330789838531, 27.55733078983853, 13.557330789838531, 13.557330789838531, 13.557330789838531, 12.557330789838531, 11.557330789838531, 12.557330789838531, 11.557330789838531, 12.557330789838531, 12.557330789838531, 11.557330789838531, 12.557330789838531, 11.557330789838531, 12.557330789838531, 12.557330789838531, 12.557330789838531, 12.557330789838531, 12.557330789838531, 12.557330789838531, 0.0, 37.55733078983853, 11.557330789838531, 12.557330789838531, 12.557330789838531, 11.557330789838531, 11.557330789838531, 12.557330789838531, 11.557330789838531, 12.557330789838531, 11.557330789838531, 12.557330789838531, 11.557330789838531, 12.557330789838531, 11.557330789838531, 12.557330789838531, 0.0, 1.0, 11.557330789838531, 12.557330789838531, 11.557330789838531, 12.557330789838531]
1051	MoeSQLmosa	17	1	[1.0, 12.0, 2.0, 0.0, 2.0, 2.0, 10.0, 9.0, 8.0, 1.0, 0.0, 1.0, 1.0, 0.0, 1.0, 0.0, 1.0, 1.0, 1.0, 1.0, 1.0, 1.0, 1.0, 39.0, 1.0, 2.0, 0.0, 1.0, 0.0, 1.0, 0.0, 1.0, 0.0, 1.0, 0.0, 1.0, 0.0, 1.0, 0.0, 1.0, 0.0, 1.0, 0.0, 1.0]
1051	MoeSQLmosa	18	1	[1.0, 0.0, 1.0, 16.0, 2.0, 2.0, 2.0, 1.0, 0.0, 1.0, 0.0, 1.0, 1.0, 0.0, 1.0, 0.0, 1.0, 1.0, 1.0, 1.0, 1.0, 1.0, 1.0, 26.0, 1.0, 0.0, 1.0, 0.0, 0.0, 1.0, 0.0, 1.0, 0.0, 1.0, 0.0, 1.0, 0.0, 1.0, 0.0, 1.0, 0.0, 1.0, 0.0, 1.0]
1051	MoeSQLmosa	19	1	[12.0, 11.0, 12.0, 27.0, 13.0, 13.0, 43.0, 42.0, 41.0, 12.0, 11.0, 12.0, 12.0, 11.0, 12.0, 11.0, 0.0, 12.0, 12.0, 12.0, 12.0, 12.0, 12.0, 37.0, 12.0, 11.0, 0.0, 1.0, 11.0, 12.0, 12.0, 11.0, 11.0, 12.0, 11.0, 12.0, 11.0, 12.0, 12.0, 11.0, 11.0, 12.0, 11.0, 12.0]
1051	MoeSQLmosa	20	1	[2.0, 13.0, 3.0, 1.0, 3.0, 3.0, 11.0, 10.0, 9.0, 2.0, 1.0, 0.0, 2.0, 1.0, 2.0, 1.0, 2.0, 2.0, 2.0, 2.0, 2.0, 2.0, 2.0, 40.0, 2.0, 3.0, 1.0, 2.0, 1.0, 2.0, 1.0, 2.0, 1.0, 2.0, 1.0, 2.0, 1.0, 2.0, 1.0, 2.0, 1.0, 2.0, 1.0, 2.0]
1051	MoeSQLmosa	21	1	[1.0, 0.0, 1.0, 16.0, 2.0, 2.0, 2.0, 1.0, 0.0, 1.0, 0.0, 1.0, 1.0, 0.0, 1.0, 0.0, 1.0, 1.0, 1.0, 1.0, 1.0, 1.0, 1.0, 26.0, 0.0, 1.0, 1.0, 0.0, 0.0, 1.0, 0.0, 1.0, 0.0, 1.0, 0.0, 1.0, 0.0, 1.0, 1.0, 0.0, 0.0, 1.0, 0.0, 1.0]
1051	MoeSQLmosa	22	1	[50.0, 49.0, 50.0, 65.0, 51.0, 51.0, 51.0, 50.0, 49.0, 50.0, 49.0, 50.0, 50.0, 49.0, 50.0, 49.0, 50.0, 0.0, 50.0, 50.0, 50.0, 50.0, 50.0, 75.0, 49.0, 50.0, 50.0, 49.0, 0.0, 1.0, 49.0, 50.0, 49.0, 50.0, 49.0, 50.0, 49.0, 50.0, 49.0, 50.0, 49.0, 50.0, 49.0, 50.0]
1051	MoeSQLmosa	23	1	[1.7976931348623156E306, 1.7976931348623156E306, 0.0, 1.7976931348623156E306, 1.7976931348623156E306, 1.7976931348623156E306, 1.7976931348623156E306, 1.7976931348623156E306, 1.7976931348623156E306, 1.7976931348623156E306, 1.7976931348623156E306, 1.7976931348623156E306, 1.7976931348623156E306, 1.7976931348623156E306, 1.7976931348623156E306, 1.7976931348623156E306, 1.7976931348623156E306, 1.7976931348623156E306, 1.7976931348623156E306, 1.7976931348623156E306, 1.7976931348623156E306, 1.7976931348623156E306, 1.7976931348623156E306, 1.7976931348623156E306, 1.7976931348623156E306, 1.7976931348623156E306, 1.7976931348623156E306, 1.7976931348623156E306, 1.7976931348623156E306, 1.7976931348623156E306, 1.7976931348623156E306, 1.7976931348623156E306, 1.7976931348623156E306, 1.7976931348623156E306, 1.7976931348623156E306, 1.7976931348623156E306, 1.7976931348623156E306, 1.7976931348623156E306, 1.7976931348623156E306, 1.7976931348623156E306, 1.7976931348623156E306, 1.7976931348623156E306, 1.7976931348623156E306, 1.7976931348623156E306]
1051	MoeSQLmosa	24	1	[1.0, 0.0, 1.0, 16.0, 2.0, 2.0, 2.0, 1.0, 0.0, 1.0, 0.0, 1.0, 1.0, 0.0, 1.0, 0.0, 1.0, 1.0, 1.0, 1.0, 1.0, 1.0, 1.0, 40.0, 0.0, 1.0, 1.0, 0.0, 1.0, 0.0, 0.0, 1.0, 1.0, 0.0, 0.0, 1.0, 0.0, 1.0, 0.0, 1.0, 0.0, 1.0, 0.0, 1.0]
1051	MoeSQLmosa	25	1	[1.0, 0.0, 1.0, 16.0, 2.0, 2.0, 2.0, 1.0, 0.0, 1.0, 0.0, 1.0, 1.0, 0.0, 1.0, 0.0, 1.0, 1.0, 1.0, 1.0, 1.0, 1.0, 1.0, 27.0, 0.0, 1.0, 1.0, 0.0, 0.0, 1.0, 0.0, 1.0, 0.0, 1.0, 0.0, 1.0, 0.0, 1.0, 0.0, 1.0, 1.0, 0.0, 0.0, 1.0]
1051	MOTGA	0	24	[0.0, 0.0, 0.0, 0.0, 0.0, 0.0, 0.0, 0.0, 0.0, 0.0, 0.0, 0.0, 0.0, 0.0, 0.0, 0.0, 0.0, 0.0, 0.0, 0.0, 0.0, 0.0, 0.0, 0.0, 0.0, 0.0, 0.0, 0.0, 0.0, 0.0, 0.0, 0.0, 0.0, 0.0, 0.0, 0.0, 0.0, 0.0, 0.0, 0.0, 0.0, 0.0, 0.0, 0.0]
1052	MoeSQLmosa	0	1	[1.0, 0.0]
1052	MoeSQLmosa	1	1	[0.0, 32.45276680306779]
1052	MOTGA	0	2	[0.0, 0.0]
1053	MoeSQLmosa	0	1	[22.613253222298727, 0.0, 1.0, 23.613253222298727, 23.613253222298727, 23.613253222298727, 23.613253222298727, 44.794882776954594]
1053	MoeSQLmosa	1	1	[13.16501172837556, 14.16501172837556, 14.16501172837556, 0.0, 1.0, 14.16501172837556, 14.16501172837556, 44.80687680774064]
1053	MoeSQLmosa	2	1	[22.25, 23.25, 23.25, 23.25, 23.25, 0.0, 1.0, 42.73092634969065]
1053	MoeSQLmosa	3	1	[1.7976931348623156E306, 1.7976931348623156E306, 1.7976931348623156E306, 1.7976931348623156E306, 1.7976931348623156E306, 1.7976931348623156E306, 0.0, 1.7976931348623156E306]
1053	MoeSQLmosa	4	1	[1.7976931348623156E306, 1.7976931348623156E306, 0.0, 1.7976931348623156E306, 1.7976931348623156E306, 1.7976931348623156E306, 1.7976931348623156E306, 1.7976931348623156E306]
1053	MoeSQLmosa	5	1	[0.0, 1.0, 1.0, 1.0, 1.0, 1.0, 1.0, 30.64605672105672]
1053	MoeSQLmosa	6	1	[1.0, 2.0, 2.0, 2.0, 2.0, 2.0, 2.0, 0.0]
1053	MoeSQLmosa	7	1	[1.7976931348623156E306, 1.7976931348623156E306, 1.7976931348623156E306, 1.7976931348623156E306, 0.0, 1.7976931348623156E306, 1.7976931348623156E306, 1.7976931348623156E306]
1053	MOTGA	0	8	[0.0, 0.0, 0.0, 0.0, 0.0, 0.0, 0.0, 0.0]
1054	MoeSQLmosa	0	1	[16.071382959313993, 17.071382959313993, 17.071382959313993, 0.0, 1.0]
1054	MoeSQLmosa	1	1	[24.266130273618035, 0.0, 1.0, 25.266130273618035, 25.266130273618035]
1054	MoeSQLmosa	2	1	[0.0, 1.0, 1.0, 1.0, 1.0]
1054	MoeSQLmosa	3	1	[1.7976931348623156E306, 1.7976931348623156E306, 1.7976931348623156E306, 1.7976931348623156E306, 0.0]
1054	MoeSQLmosa	4	1	[1.7976931348623156E306, 1.7976931348623156E306, 0.0, 1.7976931348623156E306, 1.7976931348623156E306]
1054	MOTGA	0	5	[0.0, 0.0, 0.0, 0.0, 0.0]
1055	MoeSQLmosa	0	1	[1.0, 0.0]
1055	MoeSQLmosa	1	1	[0.0, 19.834722222222226]
1055	MOTGA	0	2	[0.0, 0.0]
1057	MoeSQLmosa	0	2	[0.0, 0.0]
1057	MOTGA	0	2	[0.0, 0.0]
1058	MoeSQLmosa	0	2	[0.0, 0.0]
1058	MOTGA	0	2	[0.0, 0.0]
1059	MoeSQLmosa	0	1	[0.0, 28.714285714285715, 1.0]
1059	MoeSQLmosa	1	1	[1.0, 0.0, 1.0]
1059	MoeSQLmosa	2	1	[1.7976931348623156E306, 1.7976931348623156E306, 0.0]
1059	MOTGA	0	3	[0.0, 0.0, 0.0]
1060	MoeSQLmosa	0	1	[1.0, 0.0]
1060	MoeSQLmosa	1	1	[0.0, 42.2278659858335]
1060	MOTGA	0	2	[0.0, 0.0]
1061	MoeSQLmosa	0	1	[1.0, 0.0]
1061	MoeSQLmosa	1	1	[0.0, 21.254395604395604]
1061	MOTGA	0	2	[0.0, 0.0]
1062	MoeSQLmosa	0	2	[0.0, 0.0, 1.0, 2.0, 2.0]
1062	MoeSQLmosa	1	1	[1.7976931348623156E306, 1.7976931348623156E306, 0.0, 3.0, 3.0]
1062	MoeSQLmosa	2	3	[1.0, 0.0, 1.0, 1.0, 0.0]
1062	MoeSQLmosa	3	3	[1.0, 0.0, 1.0, 0.0, 1.0]
1062	MOTGA	0	9	[0.0, 0.0, 0.0, 0.0, 0.0]
1063	MoeSQLmosa	0	2	[0.0, 0.0]
1063	MOTGA	0	2	[0.0, 0.0]
1064	MoeSQLmosa	0	1	[1.7976931348623156E306, 1.7976931348623156E306, 1.7976931348623156E306, 1.7976931348623156E306, 1.7976931348623156E306, 1.7976931348623156E306, 1.7976931348623156E306, 0.0]
1064	MoeSQLmosa	1	2	[1.0, 0.0, 1.0, 0.0, 0.0, 1.0, 1.0, 1.0]
1064	MoeSQLmosa	2	1	[11.972878267568522, 10.972878267568522, 11.972878267568522, 10.972878267568522, 11.972878267568522, 11.972878267568522, 0.0, 1.0]
1064	MoeSQLmosa	3	1	[0.0, 1.0, 2.0, 1.0, 2.0, 2.0, 2.0, 2.0]
1064	MoeSQLmosa	4	1	[1.7976931348623156E306, 1.7976931348623156E306, 1.7976931348623156E306, 1.7976931348623156E306, 1.7976931348623156E306, 0.0, 1.7976931348623156E306, 1.7976931348623156E306]
1064	MoeSQLmosa	5	1	[2.0, 1.0, 0.0, 1.0, 2.0, 2.0, 2.0, 2.0]
1064	MOTGA	0	7	[0.0, 0.0, 0.0, 0.0, 0.0, 0.0, 0.0, 0.0]
1065	MoeSQLmosa	0	2	[0.0, 0.0, 1.0]
1065	MoeSQLmosa	1	1	[1.7976931348623156E306, 1.7976931348623156E306, 0.0]
1065	MOTGA	0	3	[0.0, 0.0, 0.0]
1066	MoeSQLmosa	0	4	[322.0, 321.0, 320.0, 0.0, 1.0, 1.0, 0.0, 1.0, 1.0, 2.0, 2.0, 2.0, 3.0, 2.0, 0.0, 1.0, 1.0, 1.0]
1066	MoeSQLmosa	1	3	[162.3368366955458, 161.3368366955458, 160.3368366955458, 36.3368366955458, 37.3368366955458, 37.3368366955458, 36.3368366955458, 37.3368366955458, 36.3368366955458, 36.3368366955458, 2.0, 0.0, 1.0, 0.0, 36.3368366955458, 36.3368366955458, 36.3368366955458, 36.3368366955458]
1066	MoeSQLmosa	2	3	[40.221360145154776, 40.221360145154776, 40.221360145154776, 40.221360145154776, 40.221360145154776, 40.221360145154776, 40.221360145154776, 40.221360145154776, 22.38888888888889, 22.38888888888889, 0.0, 40.221360145154776, 40.221360145154776, 1.0, 40.221360145154776, 40.221360145154776, 40.221360145154776, 40.221360145154776]
1066	MoeSQLmosa	3	3	[1.7976931348623156E306, 1.7976931348623156E306, 1.7976931348623156E306, 1.7976931348623156E306, 1.7976931348623156E306, 1.7976931348623156E306, 1.7976931348623156E306, 1.7976931348623156E306, 1.7976931348623156E306, 1.7976931348623156E306, 2.0, 1.0, 0.0, 132.0, 1.7976931348623156E306, 1.7976931348623156E306, 1.7976931348623156E306, 1.7976931348623156E306]
1066	MoeSQLmosa	4	3	[894.3271572177822, 893.3271572177822, 892.3271572177822, 10.327157217782217, 11.327157217782217, 11.327157217782217, 10.327157217782217, 11.327157217782217, 10.327157217782217, 10.327157217782217, 2.0, 0.0, 1.0, 0.0, 10.327157217782217, 10.327157217782217, 10.327157217782217, 10.327157217782217]
1066	MoeSQLmosa	5	3	[1.7976931348623156E306, 1.7976931348623156E306, 1.7976931348623156E306, 1.7976931348623156E306, 1.7976931348623156E306, 1.7976931348623156E306, 1.7976931348623156E306, 1.7976931348623156E306, 1.7976931348623156E306, 0.0, 0.0, 1.7976931348623156E306, 1.7976931348623156E306, 2.0, 1.7976931348623156E306, 1.7976931348623156E306, 1.7976931348623156E306, 1.7976931348623156E306]
1066	MoeSQLmosa	6	3	[534.0, 533.0, 532.0, 1.0, 2.0, 0.0, 1.0, 2.0, 2.0, 3.0, 2.0, 2.0, 3.0, 1.0, 1.0, 1.0, 1.0, 1.0]
1066	MoeSQLmosa	7	3	[39.7601004915622, 39.7601004915622, 39.7601004915622, 39.7601004915622, 39.7601004915622, 39.7601004915622, 39.7601004915622, 39.7601004915622, 0.0, 1.0, 0.0, 39.7601004915622, 39.7601004915622, 2.0, 39.7601004915622, 39.7601004915622, 39.7601004915622, 39.7601004915622]
1066	MoeSQLmosa	8	5	[1.0, 0.0, 0.0, 0.0, 1.0, 1.0, 0.0, 1.0, 1.0, 2.0, 2.0, 2.0, 3.0, 2.0, 1.0, 1.0, 1.0, 2.0]
1066	MoeSQLmosa	9	5	[2.0, 1.0, 0.0, 0.0, 1.0, 1.0, 0.0, 1.0, 1.0, 2.0, 2.0, 2.0, 3.0, 2.0, 0.0, 1.0, 1.0, 0.0]
1066	MoeSQLmosa	10	5	[3.0, 2.0, 1.0, 0.0, 1.0, 1.0, 0.0, 1.0, 1.0, 2.0, 2.0, 2.0, 3.0, 2.0, 1.0, 0.0, 1.0, 2.0]
1066	MoeSQLmosa	11	4	[2.0, 1.0, 0.0, 0.0, 1.0, 1.0, 0.0, 1.0, 1.0, 2.0, 2.0, 2.0, 3.0, 2.0, 1.0, 1.0, 0.0, 2.0]
1066	MoeSQLmosa	12	3	[283.0, 282.0, 281.0, 1.0, 2.0, 2.0, 1.0, 0.0, 2.0, 3.0, 2.0, 2.0, 3.0, 1.0, 1.0, 1.0, 1.0, 1.0]
1066	MoeSQLmosa	13	3	[258.9342508047271, 257.9342508047271, 256.9342508047271, 30.934250804727142, 0.0, 31.934250804727142, 30.934250804727142, 31.934250804727142, 31.934250804727142, 2.0, 2.0, 32.93425080472714, 33.93425080472714, 2.0, 30.934250804727142, 30.934250804727142, 30.934250804727142, 30.934250804727142]
1066	MoeSQLmosa	14	3	[0.0, 1.0, 2.0, 2.0, 3.0, 3.0, 2.0, 3.0, 3.0, 4.0, 2.0, 4.0, 5.0, 2.0, 2.0, 2.0, 2.0, 2.0]
1066	MOTGA	0	3	[39.7601004915622, 39.7601004915622, 39.7601004915622, 39.7601004915622, 39.7601004915622, 39.7601004915622, 39.7601004915622, 39.7601004915622, 0.0, 1.0, 0.0, 39.7601004915622, 39.7601004915622, 2.0, 39.7601004915622, 39.7601004915622, 39.7601004915622, 39.7601004915622]
1066	MOTGA	1	3	[1.7976931348623156E306, 1.7976931348623156E306, 1.7976931348623156E306, 1.7976931348623156E306, 1.7976931348623156E306, 1.7976931348623156E306, 1.7976931348623156E306, 1.7976931348623156E306, 1.7976931348623156E306, 0.0, 0.0, 1.7976931348623156E306, 1.7976931348623156E306, 2.0, 1.7976931348623156E306, 1.7976931348623156E306, 1.7976931348623156E306, 1.7976931348623156E306]
1066	MOTGA	2	8	[1.0, 0.0, 0.0, 0.0, 1.0, 0.0, 0.0, 0.0, 1.0, 2.0, 2.0, 0.0, 1.0, 0.0, 1.0, 1.0, 1.0, 2.0]
1066	MOTGA	3	20	[0.0, 1.0, 0.0, 0.0, 0.0, 1.0, 0.0, 1.0, 1.0, 2.0, 2.0, 1.0, 0.0, 2.0, 0.0, 0.0, 0.0, 0.0]
1067	MoeSQLmosa	0	1	[0.0, 1.0, 1.0, 1.0, 1.0]
1067	MoeSQLmosa	1	2	[5.919897903768872, 0.0, 1.0, 0.0, 1.0]
1067	MoeSQLmosa	2	1	[1.7976931348623156E306, 1.7976931348623156E306, 0.0, 1.7976931348623156E306, 1.7976931348623156E306]
1067	MoeSQLmosa	3	1	[1.7976931348623156E306, 1.7976931348623156E306, 1.7976931348623156E306, 1.7976931348623156E306, 0.0]
1067	MOTGA	0	5	[0.0, 0.0, 0.0, 0.0, 0.0]
1068	MoeSQLmosa	0	3	[0.0]
1068	MOTGA	0	3	[0.0]
1069	MoeSQLmosa	0	1	[18.340874914559123, 19.340874914559123, 19.340874914559123, 19.340874914559123, 19.340874914559123, 0.0, 1.0, 40.45361617595731]
1069	MoeSQLmosa	1	1	[6.93844696969697, 0.0, 1.0, 7.93844696969697, 7.93844696969697, 7.93844696969697, 7.93844696969697, 18.505205421009197]
1069	MoeSQLmosa	2	1	[11.479665042947776, 12.479665042947776, 12.479665042947776, 0.0, 1.0, 12.479665042947776, 12.479665042947776, 47.72381770401219]
1069	MoeSQLmosa	3	1	[1.7976931348623156E306, 1.7976931348623156E306, 1.7976931348623156E306, 1.7976931348623156E306, 0.0, 1.7976931348623156E306, 1.7976931348623156E306, 1.7976931348623156E306]
1069	MoeSQLmosa	4	1	[0.0, 1.0, 1.0, 1.0, 1.0, 1.0, 1.0, 11.566758451312229]
1069	MoeSQLmosa	5	1	[1.7976931348623156E306, 1.7976931348623156E306, 1.7976931348623156E306, 1.7976931348623156E306, 1.7976931348623156E306, 1.7976931348623156E306, 0.0, 1.7976931348623156E306]
1069	MoeSQLmosa	6	1	[1.7976931348623156E306, 1.7976931348623156E306, 0.0, 1.7976931348623156E306, 1.7976931348623156E306, 1.7976931348623156E306, 1.7976931348623156E306, 1.7976931348623156E306]
1069	MoeSQLmosa	7	1	[1.0, 2.0, 2.0, 2.0, 2.0, 2.0, 2.0, 0.0]
1069	MOTGA	0	8	[0.0, 0.0, 0.0, 0.0, 0.0, 0.0, 0.0, 0.0]
1070	MoeSQLmosa	0	2	[0.0, 0.0, 1.0]
1070	MoeSQLmosa	1	1	[1.7976931348623156E306, 1.7976931348623156E306, 0.0]
1070	MOTGA	0	3	[0.0, 0.0, 0.0]
1071	MoeSQLmosa	0	2	[0.0, 0.0, 1.0, 0.0, 30.0, 1.0]
1071	MoeSQLmosa	1	1	[1.7976931348623156E306, 1.7976931348623156E306, 1.7976931348623156E306, 1.7976931348623156E306, 1.7976931348623156E306, 0.0]
1071	MoeSQLmosa	2	2	[1.0, 2.0, 0.0, 1.0, 0.0, 1.0]
1071	MOTGA	0	5	[0.0, 0.0, 0.0, 0.0, 0.0, 0.0]
1072	MoeSQLmosa	0	1	[0.0, 22.375939849624057, 1.0]
1072	MoeSQLmosa	1	1	[1.7976931348623156E306, 1.7976931348623156E306, 0.0]
1072	MoeSQLmosa	2	1	[1.0, 0.0, 1.0]
1072	MOTGA	0	3	[0.0, 0.0, 0.0]
1073	MoeSQLmosa	0	1	[14.48544904449868, 0.0, 1.0, 52.73544904449867, 15.48544904449868, 14.48544904449868, 15.48544904449868, 14.48544904449868]
1073	MoeSQLmosa	1	1	[1.7976931348623156E306, 1.7976931348623156E306, 0.0, 1.7976931348623156E306, 1.7976931348623156E306, 1.7976931348623156E306, 1.7976931348623156E306, 1.7976931348623156E306]
1073	MoeSQLmosa	2	2	[0.0, 1.0, 1.0, 0.0, 1.0, 0.0, 1.0, 0.0]
1073	MoeSQLmosa	3	1	[1.0, 2.0, 2.0, 41.66284461152882, 0.0, 1.0, 2.0, 1.0]
1073	MoeSQLmosa	4	1	[1.0, 2.0, 2.0, 15.48544904449868, 2.0, 1.0, 0.0, 1.0]
1073	MOTGA	0	6	[0.0, 0.0, 0.0, 0.0, 0.0, 0.0, 0.0, 0.0]
1074	MoeSQLmosa	0	2	[0.0, 0.0]
1074	MOTGA	0	2	[0.0, 0.0]
1076	MoeSQLmosa	0	1	[9.654585950646874, 10.654585950646874, 10.654585950646874, 0.0, 1.0, 10.654585950646874, 10.654585950646874]
1076	MoeSQLmosa	1	1	[39.04440154440154, 40.04440154440154, 40.04440154440154, 40.04440154440154, 40.04440154440154, 0.0, 1.0]
1076	MoeSQLmosa	2	1	[13.954302615994896, 0.0, 1.0, 14.954302615994896, 14.954302615994896, 14.954302615994896, 14.954302615994896]
1076	MoeSQLmosa	3	1	[1.7976931348623156E306, 1.7976931348623156E306, 1.7976931348623156E306, 1.7976931348623156E306, 0.0, 1.7976931348623156E306, 1.7976931348623156E306]
1076	MoeSQLmosa	4	1	[0.0, 1.0, 1.0, 1.0, 1.0, 1.0, 1.0]
1076	MoeSQLmosa	5	1	[1.7976931348623156E306, 1.7976931348623156E306, 0.0, 1.7976931348623156E306, 1.7976931348623156E306, 1.7976931348623156E306, 1.7976931348623156E306]
1076	MoeSQLmosa	6	1	[1.7976931348623156E306, 1.7976931348623156E306, 1.7976931348623156E306, 1.7976931348623156E306, 1.7976931348623156E306, 1.7976931348623156E306, 0.0]
1076	MOTGA	0	7	[0.0, 0.0, 0.0, 0.0, 0.0, 0.0, 0.0]
1077	MoeSQLmosa	0	1	[17.0, 18.0, 18.0, 602.0, 601.0, 600.0, 18.0, 18.0, 69.0, 18.0, 0.0, 1.0, 50.864985994397756]
1077	MoeSQLmosa	1	1	[12.657142857142857, 13.657142857142857, 13.657142857142857, 15.657142857142857, 14.657142857142857, 13.657142857142857, 0.0, 1.0, 42.65714285714286, 13.657142857142857, 63.65714285714286, 13.657142857142857, 21.106573056573055]
1077	MoeSQLmosa	2	1	[0.0, 1.0, 1.0, 3.0, 2.0, 1.0, 1.0, 1.0, 36.0, 1.0, 51.0, 1.0, 8.4494301994302]
1077	MoeSQLmosa	3	1	[1.0, 2.0, 2.0, 1.0, 0.0, 1.0, 2.0, 2.0, 31.0, 2.0, 55.0, 2.0, 19.11638418079096]
1077	MoeSQLmosa	4	1	[12.90420168067227, 0.0, 1.0, 575.9042016806723, 574.9042016806723, 573.9042016806723, 13.90420168067227, 13.90420168067227, 54.90420168067227, 13.90420168067227, 26.90420168067227, 13.90420168067227, 19.358341114223467]
1077	MoeSQLmosa	5	1	[1.7976931348623156E306, 1.7976931348623156E306, 1.7976931348623156E306, 1.7976931348623156E306, 1.7976931348623156E306, 1.7976931348623156E306, 1.7976931348623156E306, 0.0, 1.7976931348623156E306, 1.7976931348623156E306, 1.7976931348623156E306, 1.7976931348623156E306, 1.7976931348623156E306]
1077	MoeSQLmosa	6	1	[0.0, 1.0, 1.0, 2.0, 1.0, 0.0, 1.0, 1.0, 36.0, 1.0, 51.0, 1.0, 8.4494301994302]
1077	MoeSQLmosa	7	1	[61.0, 62.0, 62.0, 64.0, 63.0, 62.0, 62.0, 62.0, 0.0, 1.0, 88.0, 62.0, 70.93636363636364]
1077	MoeSQLmosa	8	1	[1.7976931348623156E306, 1.7976931348623156E306, 0.0, 1.7976931348623156E306, 1.7976931348623156E306, 1.7976931348623156E306, 1.7976931348623156E306, 1.7976931348623156E306, 1.7976931348623156E306, 1.7976931348623156E306, 1.7976931348623156E306, 1.7976931348623156E306, 1.7976931348623156E306]
1077	MoeSQLmosa	9	1	[1.0, 2.0, 2.0, 4.0, 3.0, 2.0, 2.0, 2.0, 37.0, 2.0, 52.0, 2.0, 0.0]
1077	MoeSQLmosa	10	1	[1.7976931348623156E306, 1.7976931348623156E306, 1.7976931348623156E306, 1.7976931348623156E306, 1.7976931348623156E306, 1.7976931348623156E306, 1.7976931348623156E306, 1.7976931348623156E306, 1.7976931348623156E306, 0.0, 1.7976931348623156E306, 1.7976931348623156E306, 1.7976931348623156E306]
1077	MoeSQLmosa	11	1	[1.7976931348623156E306, 1.7976931348623156E306, 1.7976931348623156E306, 1.7976931348623156E306, 1.7976931348623156E306, 1.7976931348623156E306, 1.7976931348623156E306, 1.7976931348623156E306, 1.7976931348623156E306, 1.7976931348623156E306, 1.7976931348623156E306, 0.0, 1.7976931348623156E306]
1077	MoeSQLmosa	12	1	[2.0, 3.0, 3.0, 0.0, 1.0, 2.0, 3.0, 3.0, 32.0, 3.0, 56.0, 3.0, 20.11638418079096]
1077	MOTGA	0	12	[0.0, 0.0, 0.0, 0.0, 0.0, 0.0, 0.0, 0.0, 0.0, 0.0, 0.0, 0.0, 0.0]
1078	MoeSQLmosa	0	3	[0.0]
1078	MOTGA	0	3	[0.0]
1079	MoeSQLmosa	0	1	[17.0, 33.39473610539787, 18.0, 16.0, 18.0, 18.0, 255.0, 254.0, 253.0, 17.0, 16.0, 17.0, 17.0, 16.0, 17.0, 16.0, 17.0, 17.0, 17.0, 17.0, 17.0, 0.0, 17.0, 36.0, 17.0, 18.0, 17.0, 16.0, 16.0, 17.0, 16.0, 17.0, 16.0, 17.0, 17.0, 16.0, 0.0, 1.0, 16.0, 17.0, 16.0, 17.0, 16.0, 17.0]
1079	MoeSQLmosa	1	1	[40.0, 56.39473610539787, 41.0, 39.0, 41.0, 41.0, 278.0, 277.0, 276.0, 40.0, 39.0, 40.0, 40.0, 39.0, 40.0, 39.0, 40.0, 40.0, 40.0, 40.0, 0.0, 40.0, 40.0, 59.0, 40.0, 41.0, 40.0, 39.0, 39.0, 40.0, 39.0, 40.0, 39.0, 40.0, 0.0, 1.0, 40.0, 39.0, 39.0, 40.0, 39.0, 40.0, 39.0, 40.0]
1079	MoeSQLmosa	2	1	[1.0, 17.39473610539787, 2.0, 0.0, 2.0, 2.0, 239.0, 238.0, 237.0, 1.0, 0.0, 1.0, 1.0, 0.0, 1.0, 0.0, 1.0, 1.0, 1.0, 1.0, 1.0, 1.0, 1.0, 20.0, 1.0, 2.0, 1.0, 0.0, 0.0, 1.0, 1.0, 0.0, 0.0, 1.0, 0.0, 1.0, 0.0, 1.0, 0.0, 1.0, 0.0, 1.0, 0.0, 1.0]
1079	MoeSQLmosa	3	1	[29.712881139873545, 46.10761724527141, 30.712881139873545, 28.712881139873545, 30.712881139873545, 30.712881139873545, 267.71288113987356, 266.71288113987356, 265.71288113987356, 29.712881139873545, 28.712881139873545, 29.712881139873545, 29.712881139873545, 28.712881139873545, 29.712881139873545, 28.712881139873545, 29.712881139873545, 29.712881139873545, 0.0, 29.712881139873545, 29.712881139873545, 29.712881139873545, 29.712881139873545, 48.712881139873545, 29.712881139873545, 30.712881139873545, 29.712881139873545, 28.712881139873545, 28.712881139873545, 29.712881139873545, 0.0, 1.0, 28.712881139873545, 29.712881139873545, 28.712881139873545, 29.712881139873545, 28.712881139873545, 29.712881139873545, 28.712881139873545, 29.712881139873545, 28.712881139873545, 29.712881139873545, 28.712881139873545, 29.712881139873545]
1079	MoeSQLmosa	4	1	[2.0, 18.39473610539787, 3.0, 1.0, 1.0, 1.0, 239.0, 238.0, 237.0, 1.0, 0.0, 1.0, 1.0, 0.0, 1.0, 0.0, 1.0, 1.0, 1.0, 1.0, 1.0, 1.0, 1.0, 20.0, 0.0, 1.0, 1.0, 0.0, 0.0, 1.0, 1.0, 0.0, 0.0, 1.0, 0.0, 1.0, 0.0, 1.0, 0.0, 1.0, 0.0, 1.0, 0.0, 1.0]
1079	MoeSQLmosa	5	1	[0.0, 6.0, 1.0, 7.911111111111111, 1.0, 1.0, 240.0, 239.0, 238.0, 2.0, 1.0, 2.0, 2.0, 1.0, 2.0, 1.0, 2.0, 2.0, 2.0, 2.0, 2.0, 2.0, 2.0, 21.0, 1.0, 2.0, 2.0, 1.0, 1.0, 2.0, 1.0, 2.0, 1.0, 2.0, 2.0, 1.0, 1.0, 2.0, 1.0, 2.0, 1.0, 2.0, 1.0, 2.0]
1079	MoeSQLmosa	6	1	[11.0, 27.39473610539787, 12.0, 10.0, 12.0, 12.0, 249.0, 248.0, 247.0, 11.0, 10.0, 11.0, 11.0, 10.0, 11.0, 10.0, 11.0, 11.0, 11.0, 11.0, 11.0, 11.0, 0.0, 30.0, 11.0, 12.0, 11.0, 10.0, 10.0, 11.0, 11.0, 10.0, 10.0, 11.0, 10.0, 11.0, 10.0, 11.0, 0.0, 1.0, 10.0, 11.0, 10.0, 11.0]
1079	MoeSQLmosa	7	1	[1.0, 17.39473610539787, 2.0, 0.0, 2.0, 2.0, 239.0, 238.0, 237.0, 1.0, 0.0, 1.0, 1.0, 0.0, 1.0, 0.0, 1.0, 1.0, 1.0, 1.0, 1.0, 1.0, 1.0, 20.0, 1.0, 2.0, 0.0, 1.0, 0.0, 1.0, 1.0, 0.0, 0.0, 1.0, 0.0, 1.0, 0.0, 1.0, 0.0, 1.0, 0.0, 1.0, 0.0, 1.0]
1079	MoeSQLmosa	8	1	[1.7976931348623156E306, 1.7976931348623156E306, 0.0, 1.7976931348623156E306, 1.7976931348623156E306, 1.7976931348623156E306, 1.7976931348623156E306, 1.7976931348623156E306, 1.7976931348623156E306, 1.7976931348623156E306, 1.7976931348623156E306, 1.7976931348623156E306, 1.7976931348623156E306, 1.7976931348623156E306, 1.7976931348623156E306, 1.7976931348623156E306, 1.7976931348623156E306, 1.7976931348623156E306, 1.7976931348623156E306, 1.7976931348623156E306, 1.7976931348623156E306, 1.7976931348623156E306, 1.7976931348623156E306, 1.7976931348623156E306, 1.7976931348623156E306, 1.7976931348623156E306, 1.7976931348623156E306, 1.7976931348623156E306, 1.7976931348623156E306, 1.7976931348623156E306, 1.7976931348623156E306, 1.7976931348623156E306, 1.7976931348623156E306, 1.7976931348623156E306, 1.7976931348623156E306, 1.7976931348623156E306, 1.7976931348623156E306, 1.7976931348623156E306, 1.7976931348623156E306, 1.7976931348623156E306, 1.7976931348623156E306, 1.7976931348623156E306, 1.7976931348623156E306, 1.7976931348623156E306]
1079	MoeSQLmosa	9	1	[8.911111111111111, 24.477275787937554, 9.911111111111111, 7.911111111111111, 9.911111111111111, 9.911111111111111, 247.9111111111111, 246.9111111111111, 245.9111111111111, 8.911111111111111, 7.911111111111111, 8.911111111111111, 8.911111111111111, 7.911111111111111, 8.911111111111111, 7.911111111111111, 0.0, 8.911111111111111, 8.911111111111111, 8.911111111111111, 8.911111111111111, 8.911111111111111, 8.911111111111111, 27.91111111111111, 8.911111111111111, 9.911111111111111, 0.0, 1.0, 7.911111111111111, 8.911111111111111, 8.911111111111111, 7.911111111111111, 7.911111111111111, 8.911111111111111, 7.911111111111111, 8.911111111111111, 7.911111111111111, 8.911111111111111, 7.911111111111111, 8.911111111111111, 7.911111111111111, 8.911111111111111, 7.911111111111111, 8.911111111111111]
1079	MoeSQLmosa	10	1	[1.0, 17.39473610539787, 2.0, 13.488367646861983, 0.0, 0.0, 239.0, 238.0, 237.0, 1.0, 0.0, 1.0, 1.0, 0.0, 1.0, 0.0, 1.0, 1.0, 1.0, 1.0, 1.0, 1.0, 1.0, 20.0, 0.0, 1.0, 0.0, 1.0, 0.0, 1.0, 1.0, 0.0, 0.0, 1.0, 0.0, 1.0, 0.0, 1.0, 0.0, 1.0, 0.0, 1.0, 0.0, 1.0]
1079	MoeSQLmosa	11	1	[11.0, 27.39473610539787, 12.0, 10.0, 12.0, 12.0, 250.0, 249.0, 248.0, 11.0, 10.0, 11.0, 11.0, 10.0, 11.0, 10.0, 11.0, 0.0, 11.0, 11.0, 11.0, 11.0, 11.0, 30.0, 11.0, 12.0, 11.0, 10.0, 0.0, 1.0, 11.0, 10.0, 10.0, 11.0, 10.0, 11.0, 10.0, 11.0, 10.0, 11.0, 10.0, 11.0, 10.0, 11.0]
1079	MoeSQLmosa	12	1	[4.4372549019607845, 20.831991007358656, 5.4372549019607845, 16.925622548822766, 3.4372549019607845, 3.4372549019607845, 240.43725490196078, 239.43725490196078, 238.43725490196078, 4.4372549019607845, 3.4372549019607845, 4.4372549019607845, 4.4372549019607845, 3.4372549019607845, 4.4372549019607845, 3.4372549019607845, 4.4372549019607845, 4.4372549019607845, 4.4372549019607845, 0.0, 4.4372549019607845, 4.4372549019607845, 4.4372549019607845, 23.437254901960785, 3.4372549019607845, 4.4372549019607845, 3.4372549019607845, 4.4372549019607845, 3.4372549019607845, 4.4372549019607845, 4.4372549019607845, 3.4372549019607845, 0.0, 1.0, 3.4372549019607845, 4.4372549019607845, 3.4372549019607845, 4.4372549019607845, 3.4372549019607845, 4.4372549019607845, 3.4372549019607845, 4.4372549019607845, 3.4372549019607845, 4.4372549019607845]
1079	MoeSQLmosa	13	1	[2.0, 18.39473610539787, 3.0, 3.0, 1.0, 1.0, 240.0, 239.0, 238.0, 2.0, 1.0, 2.0, 0.0, 1.0, 2.0, 1.0, 2.0, 2.0, 2.0, 2.0, 2.0, 2.0, 2.0, 21.0, 1.0, 2.0, 2.0, 1.0, 1.0, 2.0, 2.0, 1.0, 1.0, 2.0, 1.0, 2.0, 1.0, 2.0, 1.0, 2.0, 1.0, 2.0, 1.0, 2.0]
1079	MoeSQLmosa	14	1	[1.0, 11.0, 2.0, 16.0, 0.0, 0.0, 239.0, 238.0, 237.0, 1.0, 0.0, 1.0, 1.0, 0.0, 1.0, 0.0, 1.0, 1.0, 1.0, 1.0, 1.0, 1.0, 1.0, 20.0, 0.0, 1.0, 1.0, 0.0, 0.0, 1.0, 1.0, 0.0, 0.0, 1.0, 0.0, 1.0, 0.0, 1.0, 1.0, 0.0, 0.0, 1.0, 0.0, 1.0]
1079	MoeSQLmosa	15	1	[1.0, 7.0, 2.0, 0.0, 2.0, 2.0, 3.0, 2.0, 1.0, 1.0, 0.0, 1.0, 1.0, 0.0, 1.0, 0.0, 1.0, 1.0, 1.0, 1.0, 1.0, 1.0, 1.0, 16.0, 1.0, 2.0, 1.0, 0.0, 0.0, 1.0, 0.0, 1.0, 0.0, 1.0, 1.0, 0.0, 0.0, 1.0, 0.0, 1.0, 0.0, 1.0, 0.0, 1.0]
1079	MoeSQLmosa	16	1	[3.0, 19.39473610539787, 4.0, 2.0, 2.0, 2.0, 4.0, 3.0, 2.0, 2.0, 1.0, 2.0, 2.0, 1.0, 0.0, 1.0, 2.0, 2.0, 2.0, 2.0, 2.0, 2.0, 2.0, 21.0, 1.0, 2.0, 2.0, 1.0, 1.0, 2.0, 2.0, 1.0, 1.0, 2.0, 1.0, 2.0, 1.0, 2.0, 1.0, 2.0, 1.0, 2.0, 1.0, 2.0]
1079	MoeSQLmosa	17	1	[2.0, 18.39473610539787, 3.0, 1.0, 1.0, 1.0, 2.0, 1.0, 0.0, 1.0, 0.0, 1.0, 1.0, 0.0, 1.0, 0.0, 1.0, 1.0, 1.0, 1.0, 1.0, 1.0, 1.0, 20.0, 0.0, 1.0, 1.0, 0.0, 0.0, 1.0, 1.0, 0.0, 0.0, 1.0, 0.0, 1.0, 0.0, 1.0, 0.0, 1.0, 0.0, 1.0, 0.0, 1.0]
1079	MoeSQLmosa	18	1	[1.0, 16.63568897792529, 2.0, 0.0, 2.0, 2.0, 239.0, 238.0, 237.0, 1.0, 0.0, 1.0, 1.0, 0.0, 1.0, 0.0, 1.0, 1.0, 1.0, 1.0, 1.0, 1.0, 1.0, 20.0, 1.0, 2.0, 0.0, 1.0, 0.0, 1.0, 1.0, 0.0, 0.0, 1.0, 0.0, 1.0, 1.0, 0.0, 0.0, 1.0, 0.0, 1.0, 0.0, 1.0]
1079	MoeSQLmosa	19	1	[2.0, 18.39473610539787, 3.0, 1.0, 3.0, 3.0, 4.0, 3.0, 2.0, 2.0, 1.0, 0.0, 2.0, 1.0, 2.0, 1.0, 2.0, 2.0, 2.0, 2.0, 2.0, 2.0, 2.0, 26.0, 2.0, 3.0, 2.0, 1.0, 2.0, 1.0, 1.0, 2.0, 1.0, 2.0, 2.0, 1.0, 1.0, 2.0, 1.0, 2.0, 1.0, 2.0, 1.0, 2.0]
1079	MoeSQLmosa	20	1	[3.0, 8.957142857142857, 4.0, 2.0, 4.0, 4.0, 0.0, 1.0, 2.0, 3.0, 2.0, 3.0, 3.0, 2.0, 3.0, 2.0, 3.0, 3.0, 3.0, 3.0, 3.0, 3.0, 3.0, 34.0, 3.0, 4.0, 3.0, 2.0, 2.0, 3.0, 2.0, 3.0, 2.0, 3.0, 3.0, 2.0, 2.0, 3.0, 2.0, 3.0, 2.0, 3.0, 2.0, 3.0]
1079	MoeSQLmosa	21	1	[2.0, 8.0, 3.0, 1.0, 3.0, 3.0, 4.0, 3.0, 2.0, 0.0, 1.0, 2.0, 2.0, 1.0, 2.0, 1.0, 2.0, 2.0, 2.0, 2.0, 2.0, 2.0, 2.0, 16.0, 2.0, 3.0, 2.0, 1.0, 1.0, 2.0, 1.0, 2.0, 2.0, 1.0, 2.0, 1.0, 1.0, 2.0, 1.0, 2.0, 1.0, 2.0, 1.0, 2.0]
1079	MoeSQLmosa	22	1	[2.0, 18.39473610539787, 3.0, 1.0, 1.0, 1.0, 3.0, 2.0, 1.0, 1.0, 0.0, 1.0, 1.0, 0.0, 1.0, 0.0, 1.0, 1.0, 1.0, 1.0, 1.0, 1.0, 1.0, 20.0, 0.0, 1.0, 1.0, 0.0, 0.0, 1.0, 1.0, 0.0, 1.0, 0.0, 0.0, 1.0, 0.0, 1.0, 0.0, 1.0, 0.0, 1.0, 0.0, 1.0]
1079	MoeSQLmosa	23	1	[2.0, 8.0, 3.0, 1.0, 3.0, 3.0, 1.0, 0.0, 1.0, 2.0, 1.0, 2.0, 2.0, 1.0, 2.0, 1.0, 2.0, 2.0, 2.0, 2.0, 2.0, 2.0, 2.0, 16.0, 2.0, 3.0, 2.0, 1.0, 1.0, 2.0, 1.0, 2.0, 1.0, 2.0, 2.0, 1.0, 1.0, 2.0, 1.0, 2.0, 1.0, 2.0, 1.0, 2.0]
1079	MoeSQLmosa	24	1	[24.0, 40.39473610539787, 25.0, 23.0, 23.0, 23.0, 25.0, 24.0, 23.0, 23.0, 22.0, 23.0, 23.0, 22.0, 23.0, 22.0, 23.0, 23.0, 23.0, 23.0, 23.0, 23.0, 23.0, 0.0, 22.0, 23.0, 23.0, 22.0, 22.0, 23.0, 23.0, 22.0, 22.0, 23.0, 22.0, 23.0, 22.0, 23.0, 22.0, 23.0, 0.0, 1.0, 0.0, 1.0]
1079	MoeSQLmosa	25	1	[1.0, 0.0, 1.0, 8.911111111111111, 2.0, 2.0, 3.0, 2.0, 1.0, 1.0, 0.0, 1.0, 1.0, 0.0, 1.0, 0.0, 1.0, 1.0, 1.0, 1.0, 1.0, 1.0, 1.0, 63.0, 0.0, 1.0, 1.0, 0.0, 0.0, 1.0, 0.0, 1.0, 0.0, 1.0, 1.0, 0.0, 0.0, 1.0, 0.0, 1.0, 0.0, 1.0, 1.0, 0.0]
1079	MoeSQLmosa	26	1	[1.0, 17.39473610539787, 2.0, 16.0, 0.0, 0.0, 3.0, 2.0, 1.0, 1.0, 0.0, 1.0, 1.0, 0.0, 1.0, 0.0, 1.0, 1.0, 1.0, 1.0, 1.0, 1.0, 1.0, 20.0, 0.0, 1.0, 1.0, 0.0, 0.0, 1.0, 0.0, 1.0, 0.0, 1.0, 1.0, 0.0, 0.0, 1.0, 0.0, 1.0, 1.0, 0.0, 0.0, 1.0]
1079	MoeSQLmosa	27	1	[1.0, 11.0, 2.0, 16.0, 0.0, 0.0, 239.0, 238.0, 237.0, 1.0, 0.0, 1.0, 1.0, 0.0, 1.0, 0.0, 1.0, 1.0, 1.0, 1.0, 1.0, 1.0, 1.0, 20.0, 1.0, 0.0, 1.0, 0.0, 0.0, 1.0, 0.0, 1.0, 0.0, 1.0, 0.0, 1.0, 0.0, 1.0, 0.0, 1.0, 0.0, 1.0, 0.0, 1.0]
1079	MoeSQLmosa	28	1	[1.0, 11.0, 2.0, 16.0, 0.0, 0.0, 239.0, 238.0, 237.0, 1.0, 0.0, 1.0, 1.0, 0.0, 1.0, 0.0, 1.0, 1.0, 1.0, 1.0, 1.0, 1.0, 1.0, 55.0, 0.0, 1.0, 1.0, 0.0, 1.0, 0.0, 0.0, 1.0, 0.0, 1.0, 0.0, 1.0, 0.0, 1.0, 0.0, 1.0, 0.0, 1.0, 1.0, 0.0]
1079	MOTGA	0	24	[0.0, 0.0, 0.0, 0.0, 0.0, 0.0, 0.0, 0.0, 0.0, 0.0, 0.0, 0.0, 0.0, 0.0, 0.0, 0.0, 0.0, 0.0, 0.0, 0.0, 0.0, 0.0, 0.0, 0.0, 0.0, 0.0, 0.0, 0.0, 0.0, 0.0, 0.0, 0.0, 0.0, 0.0, 0.0, 0.0, 0.0, 0.0, 0.0, 0.0, 0.0, 0.0, 0.0, 0.0]
1080	MoeSQLmosa	0	1	[15.966666666666669, 0.0, 1.0, 16.96666666666667, 16.96666666666667]
1080	MoeSQLmosa	1	1	[0.0, 1.0, 1.0, 1.0, 1.0]
1080	MoeSQLmosa	2	1	[42.79697737250929, 43.79697737250929, 43.79697737250929, 0.0, 1.0]
1080	MoeSQLmosa	3	1	[1.7976931348623156E306, 1.7976931348623156E306, 1.7976931348623156E306, 1.7976931348623156E306, 0.0]
1080	MoeSQLmosa	4	1	[1.7976931348623156E306, 1.7976931348623156E306, 0.0, 1.7976931348623156E306, 1.7976931348623156E306]
1080	MOTGA	0	5	[0.0, 0.0, 0.0, 0.0, 0.0]
1081	MoeSQLmosa	0	1	[1.0, 0.0, 1.0, 1.0, 0.0, 1.0]
1081	MoeSQLmosa	1	1	[0.0, 1.0, 2.0, 816.0, 817.0, 818.0]
1081	MoeSQLmosa	2	1	[2.0, 1.0, 2.0, 2.0, 1.0, 0.0]
1081	MoeSQLmosa	3	1	[1.0, 0.0, 1.0, 0.0, 1.0, 2.0]
1081	MoeSQLmosa	4	1	[2.0, 1.0, 0.0, 993.0, 994.0, 995.0]
1081	MOTGA	0	5	[0.0, 0.0, 0.0, 0.0, 0.0, 0.0]
1082	MoeSQLmosa	0	1	[1.7976931348623156E306, 1.7976931348623156E306, 1.7976931348623156E306, 1.7976931348623156E306, 0.0]
1082	MoeSQLmosa	1	1	[0.0, 1.0, 1.0, 1.0, 1.0]
1082	MoeSQLmosa	2	1	[43.972847522847516, 0.0, 1.0, 44.972847522847516, 44.972847522847516]
1082	MoeSQLmosa	3	1	[36.26891025641025, 37.26891025641025, 37.26891025641025, 0.0, 1.0]
1082	MoeSQLmosa	4	1	[1.7976931348623156E306, 1.7976931348623156E306, 0.0, 1.7976931348623156E306, 1.7976931348623156E306]
1082	MOTGA	0	5	[0.0, 0.0, 0.0, 0.0, 0.0]
1083	MoeSQLmosa	0	1	[1.0, 2.0, 2.0, 0.0, 1.0, 2.0]
1083	MoeSQLmosa	1	2	[0.0, 1.0, 1.0, 1.0, 0.0, 0.0]
1083	MoeSQLmosa	2	1	[11.14981684981685, 0.0, 1.0, 12.14981684981685, 11.14981684981685, 12.14981684981685]
1083	MoeSQLmosa	3	1	[1.7976931348623156E306, 1.7976931348623156E306, 0.0, 1.7976931348623156E306, 1.7976931348623156E306, 1.7976931348623156E306]
1083	MOTGA	0	5	[0.0, 0.0, 0.0, 0.0, 0.0, 0.0]
1084	MoeSQLmosa	0	1	[1.0, 0.0]
1084	MoeSQLmosa	1	1	[0.0, 21.122669865580068]
1084	MOTGA	0	2	[0.0, 0.0]
1086	MoeSQLmosa	0	2	[13.266666666666666, 0.0, 1.0, 0.0, 1.0]
1086	MoeSQLmosa	1	1	[0.0, 1.0, 1.0, 1.0, 1.0]
1086	MoeSQLmosa	2	1	[1.7976931348623156E306, 1.7976931348623156E306, 1.7976931348623156E306, 1.7976931348623156E306, 0.0]
1086	MoeSQLmosa	3	1	[1.7976931348623156E306, 1.7976931348623156E306, 0.0, 1.7976931348623156E306, 1.7976931348623156E306]
1086	MOTGA	0	5	[0.0, 0.0, 0.0, 0.0, 0.0]
1087	MoeSQLmosa	0	2	[0.0, 14.84910866910867, 0.0]
1087	MoeSQLmosa	1	1	[1.0, 0.0, 1.0]
1087	MOTGA	0	3	[0.0, 0.0, 0.0]
1088	MoeSQLmosa	0	1	[1.0, 0.0]
1088	MoeSQLmosa	1	1	[0.0, 12.037106388576976]
1088	MOTGA	0	2	[0.0, 0.0]
1089	MoeSQLmosa	0	1	[1.0, 0.0]
1089	MoeSQLmosa	1	1	[0.0, 9.97894385026738]
1089	MOTGA	0	2	[0.0, 0.0]
1092	MoeSQLmosa	0	1	[1.0, 0.0]
1092	MoeSQLmosa	1	1	[0.0, 35.81084656084656]
1092	MOTGA	0	2	[0.0, 0.0]
1093	MoeSQLmosa	0	2	[0.0, 0.0]
1093	MOTGA	0	2	[0.0, 0.0]
1094	MoeSQLmosa	0	1	[0.0, 16.20077922077922]
1094	MoeSQLmosa	1	1	[1.0, 0.0]
1094	MOTGA	0	2	[0.0, 0.0]
1095	MoeSQLmosa	0	1	[0.0, 1.0, 2.0]
1095	MoeSQLmosa	1	1	[1.0, 0.0, 1.0]
1095	MoeSQLmosa	2	1	[2.0, 1.0, 0.0]
1095	MOTGA	0	3	[0.0, 0.0, 0.0]
1096	MoeSQLmosa	0	1	[1.0, 0.0, 1.0]
1096	MoeSQLmosa	1	1	[0.0, 22.393382958282995, 1.0]
1096	MoeSQLmosa	2	1	[1.7976931348623156E306, 1.7976931348623156E306, 0.0]
1096	MOTGA	0	3	[0.0, 0.0, 0.0]
1097	MoeSQLmosa	0	1	[1.0, 0.0]
1097	MoeSQLmosa	1	1	[0.0, 24.323454608215666]
1097	MOTGA	0	2	[0.0, 0.0]
1098	MoeSQLmosa	0	1	[0.0, 22.0, 0.0, 1.0]
1098	MoeSQLmosa	1	1	[1.0, 0.0, 0.0, 1.0]
1098	MoeSQLmosa	2	1	[1.0, 0.0, 1.0, 0.0]
1098	MOTGA	0	3	[0.0, 0.0, 0.0, 0.0]
1099	MoeSQLmosa	0	1	[1.0, 2.0, 2.0, 0.0, 1.0]
1099	MoeSQLmosa	1	1	[0.0, 1.0, 1.0, 1.0, 0.0]
1099	MoeSQLmosa	2	1	[31.41939126043394, 0.0, 1.0, 32.41939126043394, 31.41939126043394]
1099	MoeSQLmosa	3	1	[1.7976931348623156E306, 1.7976931348623156E306, 0.0, 1.7976931348623156E306, 1.7976931348623156E306]
1099	MOTGA	0	4	[0.0, 0.0, 0.0, 0.0, 0.0]
1100	MoeSQLmosa	0	1	[13.129326345670925, 0.0, 1.0, 14.129326345670925, 14.129326345670925, 14.129326345670925, 14.129326345670925, 22.129170945515526]
1100	MoeSQLmosa	1	1	[9.365840940316513, 10.365840940316513, 10.365840940316513, 10.365840940316513, 10.365840940316513, 0.0, 1.0, 10.265840940316513]
1100	MoeSQLmosa	2	1	[1.7976931348623156E306, 1.7976931348623156E306, 1.7976931348623156E306, 1.7976931348623156E306, 1.7976931348623156E306, 1.7976931348623156E306, 0.0, 1.7976931348623156E306]
1100	MoeSQLmosa	3	1	[2.0, 3.0, 3.0, 0.0, 1.0, 3.0, 3.0, 2.9]
1100	MoeSQLmosa	4	1	[1.7976931348623156E306, 1.7976931348623156E306, 0.0, 1.7976931348623156E306, 1.7976931348623156E306, 1.7976931348623156E306, 1.7976931348623156E306, 1.7976931348623156E306]
1100	MoeSQLmosa	5	1	[0.0, 1.0, 1.0, 1.0, 1.0, 1.0, 1.0, 0.9]
1100	MoeSQLmosa	6	1	[1.0, 2.0, 2.0, 2.0, 2.0, 2.0, 2.0, 0.0]
1100	MoeSQLmosa	7	1	[1.7976931348623156E306, 1.7976931348623156E306, 1.7976931348623156E306, 1.7976931348623156E306, 0.0, 1.7976931348623156E306, 1.7976931348623156E306, 1.7976931348623156E306]
1100	MOTGA	0	8	[0.0, 0.0, 0.0, 0.0, 0.0, 0.0, 0.0, 0.0]
1101	MoeSQLmosa	0	1	[1.0, 0.0]
1101	MoeSQLmosa	1	1	[0.0, 20.573534363240245]
1101	MOTGA	0	2	[0.0, 0.0]
1102	MoeSQLmosa	0	2	[0.0, 0.0, 1.0]
1102	MoeSQLmosa	1	1	[2.0, 1.0, 0.0]
1102	MOTGA	0	3	[0.0, 0.0, 0.0]
1103	MoeSQLmosa	0	1	[1.0, 0.0, 1.0, 2.0]
1103	MoeSQLmosa	1	1	[0.0, 10.110211804807394, 1.0, 3.0]
1103	MoeSQLmosa	2	1	[1.7976931348623156E306, 1.7976931348623156E306, 0.0, 3.0]
1103	MoeSQLmosa	3	3	[1.0, 0.0, 1.0, 0.0]
1103	MOTGA	0	5	[0.0, 0.0, 0.0, 0.0]
1104	MoeSQLmosa	0	1	[1.0, 0.0, 1.0, 0.0, 1.0]
1104	MoeSQLmosa	1	1	[11.190135806721376, 10.190135806721376, 11.190135806721376, 10.190135806721376, 0.0]
1104	MoeSQLmosa	2	2	[0.0, 1.0, 0.0, 1.0, 2.0]
1104	MOTGA	0	4	[0.0, 0.0, 0.0, 0.0, 0.0]
1105	MoeSQLmosa	0	1	[1.0, 0.0, 1.0]
1105	MoeSQLmosa	1	1	[0.0, 9.928461837864722, 1.0]
1105	MoeSQLmosa	2	1	[1.7976931348623156E306, 1.7976931348623156E306, 0.0]
1105	MOTGA	0	3	[0.0, 0.0, 0.0]
1106	MoeSQLmosa	0	1	[1.0, 0.0]
1106	MoeSQLmosa	1	1	[0.0, 41.28072649572649]
1106	MOTGA	0	2	[0.0, 0.0]
1107	MoeSQLmosa	0	1	[31.139638768266305, 0.0, 1.0, 32.13963876826631, 32.13963876826631, 32.13963876826631, 32.13963876826631, 32.13963876826631, 32.13963876826631]
1107	MoeSQLmosa	1	1	[34.35491638431579, 35.35491638431579, 35.35491638431579, 0.0, 1.0, 35.35491638431579, 35.35491638431579, 35.35491638431579, 35.35491638431579]
1107	MoeSQLmosa	2	1	[8.659083699587132, 9.659083699587132, 9.659083699587132, 9.659083699587132, 9.659083699587132, 9.659083699587132, 9.659083699587132, 0.0, 1.0]
1107	MoeSQLmosa	3	1	[0.0, 1.0, 1.0, 1.0, 1.0, 1.0, 1.0, 1.0, 1.0]
1107	MoeSQLmosa	4	1	[15.114425770308124, 16.114425770308124, 16.114425770308124, 16.114425770308124, 16.114425770308124, 0.0, 1.0, 16.114425770308124, 16.114425770308124]
1107	MoeSQLmosa	5	1	[1.7976931348623156E306, 1.7976931348623156E306, 1.7976931348623156E306, 1.7976931348623156E306, 1.7976931348623156E306, 1.7976931348623156E306, 1.7976931348623156E306, 1.7976931348623156E306, 0.0]
1107	MoeSQLmosa	6	1	[1.7976931348623156E306, 1.7976931348623156E306, 1.7976931348623156E306, 1.7976931348623156E306, 1.7976931348623156E306, 1.7976931348623156E306, 0.0, 1.7976931348623156E306, 1.7976931348623156E306]
1107	MoeSQLmosa	7	1	[1.7976931348623156E306, 1.7976931348623156E306, 1.7976931348623156E306, 1.7976931348623156E306, 0.0, 1.7976931348623156E306, 1.7976931348623156E306, 1.7976931348623156E306, 1.7976931348623156E306]
1107	MoeSQLmosa	8	1	[1.7976931348623156E306, 1.7976931348623156E306, 0.0, 1.7976931348623156E306, 1.7976931348623156E306, 1.7976931348623156E306, 1.7976931348623156E306, 1.7976931348623156E306, 1.7976931348623156E306]
1107	MOTGA	0	9	[0.0, 0.0, 0.0, 0.0, 0.0, 0.0, 0.0, 0.0, 0.0]
1109	MoeSQLmosa	0	2	[921.2734829377332, 922.2734829377332, 922.2734829377332, 922.2734829377332, 921.2734829377332, 920.2734829377332, 904.331957821992, 905.331957821992, 887.9415251157412, 0.0, 1.0, 3.0]
1109	MoeSQLmosa	1	2	[41.42737114159485, 24.4858460258536, 25.4858460258536, 42.42737114159485, 41.42737114159485, 42.42737114159485, 42.42737114159485, 42.42737114159485, 0.0, 16.941525115741243, 17.941525115741243, 3.0]
1109	MoeSQLmosa	2	2	[16.941525115741243, 17.941525115741243, 17.941525115741243, 17.941525115741243, 16.941525115741243, 17.941525115741243, 0.0, 1.0, 18.941525115741243, 2.0, 1.0, 3.0]
1109	MoeSQLmosa	3	2	[41.72075157462834, 0.0, 1.0, 42.72075157462834, 41.72075157462834, 42.72075157462834, 42.72075157462834, 42.72075157462834, 2.0, 41.72075157462834, 42.72075157462834, 3.0]
1109	MoeSQLmosa	4	2	[1.7976931348623156E306, 1.7976931348623156E306, 1.7976931348623156E306, 1.7976931348623156E306, 1.7976931348623156E306, 1.7976931348623156E306, 1.7976931348623156E306, 0.0, 1.7976931348623156E306, 2.0, 1.0, 3.0]
1109	MoeSQLmosa	5	2	[1.7976931348623156E306, 1.7976931348623156E306, 1.7976931348623156E306, 1.7976931348623156E306, 1.7976931348623156E306, 1.7976931348623156E306, 1.7976931348623156E306, 1.7976931348623156E306, 461.96696197113397, 1.0, 0.0, 3.0]
1109	MoeSQLmosa	6	2	[0.0, 1.0, 1.0, 1.0, 0.0, 1.0, 1.0, 1.0, 2.0, 2.0, 1.0, 2.0]
1109	MoeSQLmosa	7	2	[1.7976931348623156E306, 1.7976931348623156E306, 0.0, 1.7976931348623156E306, 1.7976931348623156E306, 1.7976931348623156E306, 1.7976931348623156E306, 1.7976931348623156E306, 2.0, 1.7976931348623156E306, 1.7976931348623156E306, 3.0]
1109	MoeSQLmosa	8	2	[1.0, 2.0, 2.0, 0.0, 1.0, 2.0, 2.0, 2.0, 3.0, 2.0, 1.0, 3.0]
1109	MoeSQLmosa	9	2	[1.0, 2.0, 2.0, 2.0, 1.0, 0.0, 2.0, 2.0, 3.0, 2.0, 1.0, 3.0]
1109	MoeSQLmosa	10	4	[0.0, 1.0, 1.0, 1.0, 0.0, 1.0, 1.0, 1.0, 2.0, 2.0, 2.0, 0.0]
1109	MOTGA	0	4	[41.72075157462834, 0.0, 0.0, 42.72075157462834, 41.72075157462834, 42.72075157462834, 42.72075157462834, 42.72075157462834, 2.0, 1.7976931348623156E306, 0.0, 3.0]
1109	MOTGA	1	10	[0.0, 1.0, 1.0, 0.0, 0.0, 0.0, 0.0, 0.0, 0.0, 2.0, 3.0, 0.0]
1110	MoeSQLmosa	0	2	[0.0, 0.0]
1110	MOTGA	0	2	[0.0, 0.0]
1111	MoeSQLmosa	0	1	[0.0, 1.0, 2.0]
1111	MoeSQLmosa	1	1	[1.0, 0.0, 1.0]
1111	MoeSQLmosa	2	1	[2.0, 1.0, 0.0]
1111	MOTGA	0	3	[0.0, 0.0, 0.0]
1112	MoeSQLmosa	0	1	[12.329450738753065, 0.0, 1.0, 13.329450738753065, 13.329450738753065, 13.329450738753065, 13.329450738753065, 24.60890147750613]
1112	MoeSQLmosa	1	1	[9.844795548654243, 10.844795548654243, 10.844795548654243, 10.844795548654243, 10.844795548654243, 0.0, 1.0, 19.689591097308487]
1112	MoeSQLmosa	2	1	[1.0, 2.0, 2.0, 2.0, 2.0, 2.0, 2.0, 0.0]
1112	MoeSQLmosa	3	1	[40.04242424242425, 41.04242424242425, 41.04242424242425, 0.0, 1.0, 41.04242424242425, 41.04242424242425, 52.32187498117731]
1112	MoeSQLmosa	4	1	[0.0, 1.0, 1.0, 1.0, 1.0, 1.0, 1.0, 12.279450738753065]
1112	MoeSQLmosa	5	1	[1.7976931348623156E306, 1.7976931348623156E306, 1.7976931348623156E306, 1.7976931348623156E306, 1.7976931348623156E306, 1.7976931348623156E306, 0.0, 1.7976931348623156E306]
1112	MoeSQLmosa	6	1	[1.7976931348623156E306, 1.7976931348623156E306, 0.0, 1.7976931348623156E306, 1.7976931348623156E306, 1.7976931348623156E306, 1.7976931348623156E306, 1.7976931348623156E306]
1112	MoeSQLmosa	7	1	[1.7976931348623156E306, 1.7976931348623156E306, 1.7976931348623156E306, 1.7976931348623156E306, 0.0, 1.7976931348623156E306, 1.7976931348623156E306, 1.7976931348623156E306]
1112	MOTGA	0	8	[0.0, 0.0, 0.0, 0.0, 0.0, 0.0, 0.0, 0.0]
1113	MoeSQLmosa	0	2	[0.0, 0.0, 1.0]
1113	MoeSQLmosa	1	1	[1.7976931348623156E306, 1.7976931348623156E306, 0.0]
1113	MOTGA	0	3	[0.0, 0.0, 0.0]
1114	MoeSQLmosa	0	1	[0.0, 16.161904761904765, 1.0, 12.355715579404453, 1.0, 1.0, 4.0, 3.0, 2.0, 2.0, 1.0, 2.0, 2.0, 1.0, 2.0, 1.0, 2.0, 2.0, 2.0, 2.0, 2.0, 2.0, 2.0, 2.0, 2.0, 23.0, 1.0, 2.0, 1.0, 2.0, 1.0, 2.0, 1.0, 2.0, 1.0, 2.0, 1.0, 2.0, 1.0, 2.0, 1.0, 2.0, 2.0, 1.0, 1.0, 2.0, 2.0, 1.0, 1.0, 2.0]
1114	MoeSQLmosa	1	1	[2.0, 18.161904761904765, 3.0, 14.355715579404453, 1.0, 1.0, 4.0, 3.0, 2.0, 2.0, 1.0, 2.0, 2.0, 1.0, 0.0, 1.0, 2.0, 2.0, 2.0, 2.0, 2.0, 2.0, 2.0, 2.0, 2.0, 23.0, 1.0, 2.0, 1.0, 2.0, 1.0, 2.0, 1.0, 2.0, 1.0, 2.0, 1.0, 2.0, 1.0, 2.0, 1.0, 2.0, 1.0, 2.0, 1.0, 2.0, 1.0, 2.0, 1.0, 2.0]
1114	MoeSQLmosa	2	1	[1.0, 0.0, 1.0, 13.355715579404453, 2.0, 2.0, 3.0, 2.0, 1.0, 1.0, 0.0, 1.0, 1.0, 0.0, 1.0, 0.0, 1.0, 1.0, 1.0, 1.0, 1.0, 1.0, 1.0, 1.0, 1.0, 22.0, 0.0, 1.0, 1.0, 0.0, 0.0, 1.0, 0.0, 1.0, 0.0, 1.0, 0.0, 1.0, 0.0, 1.0, 0.0, 1.0, 1.0, 0.0, 0.0, 1.0, 1.0, 0.0, 0.0, 1.0]
1114	MoeSQLmosa	3	1	[1.0, 0.0, 1.0, 13.355715579404453, 2.0, 2.0, 3.0, 2.0, 1.0, 1.0, 0.0, 1.0, 1.0, 0.0, 1.0, 0.0, 1.0, 1.0, 1.0, 1.0, 1.0, 1.0, 1.0, 1.0, 1.0, 27.0, 0.0, 1.0, 1.0, 0.0, 0.0, 1.0, 0.0, 1.0, 0.0, 1.0, 0.0, 1.0, 0.0, 1.0, 0.0, 1.0, 1.0, 0.0, 0.0, 1.0, 1.0, 0.0, 1.0, 0.0]
1114	MoeSQLmosa	4	1	[2.0, 18.161904761904765, 3.0, 1.0, 3.0, 3.0, 1.0, 0.0, 1.0, 2.0, 1.0, 2.0, 2.0, 1.0, 2.0, 1.0, 2.0, 2.0, 2.0, 2.0, 2.0, 2.0, 2.0, 2.0, 2.0, 23.0, 2.0, 3.0, 1.0, 2.0, 1.0, 2.0, 1.0, 2.0, 1.0, 2.0, 1.0, 2.0, 1.0, 2.0, 1.0, 2.0, 2.0, 1.0, 1.0, 2.0, 2.0, 1.0, 1.0, 2.0]
1114	MoeSQLmosa	5	1	[1.0, 0.0, 1.0, 13.355715579404453, 2.0, 2.0, 3.0, 2.0, 1.0, 1.0, 0.0, 1.0, 1.0, 0.0, 1.0, 0.0, 1.0, 1.0, 1.0, 1.0, 1.0, 1.0, 1.0, 1.0, 1.0, 22.0, 0.0, 1.0, 0.0, 1.0, 0.0, 1.0, 0.0, 1.0, 0.0, 1.0, 0.0, 1.0, 0.0, 1.0, 0.0, 1.0, 1.0, 0.0, 0.0, 1.0, 1.0, 0.0, 0.0, 1.0]
1114	MoeSQLmosa	6	1	[1.0, 17.161904761904765, 2.0, 0.0, 2.0, 2.0, 3.0, 2.0, 1.0, 1.0, 0.0, 1.0, 1.0, 0.0, 1.0, 0.0, 1.0, 1.0, 1.0, 1.0, 1.0, 1.0, 1.0, 1.0, 1.0, 22.0, 1.0, 2.0, 0.0, 1.0, 0.0, 1.0, 0.0, 1.0, 0.0, 1.0, 0.0, 1.0, 0.0, 1.0, 0.0, 1.0, 1.0, 0.0, 0.0, 1.0, 0.0, 1.0, 0.0, 1.0]
1114	MoeSQLmosa	7	1	[12.195491489768598, 11.195491489768598, 12.195491489768598, 24.551207069173053, 13.195491489768598, 13.195491489768598, 14.195491489768598, 13.195491489768598, 12.195491489768598, 12.195491489768598, 11.195491489768598, 12.195491489768598, 12.195491489768598, 11.195491489768598, 12.195491489768598, 11.195491489768598, 12.195491489768598, 12.195491489768598, 12.195491489768598, 12.195491489768598, 12.195491489768598, 12.195491489768598, 0.0, 12.195491489768598, 12.195491489768598, 35.1954914897686, 11.195491489768598, 12.195491489768598, 12.195491489768598, 11.195491489768598, 11.195491489768598, 12.195491489768598, 11.195491489768598, 12.195491489768598, 11.195491489768598, 12.195491489768598, 11.195491489768598, 12.195491489768598, 11.195491489768598, 12.195491489768598, 0.0, 1.0, 12.195491489768598, 11.195491489768598, 11.195491489768598, 12.195491489768598, 12.195491489768598, 11.195491489768598, 11.195491489768598, 12.195491489768598]
1114	MoeSQLmosa	8	1	[20.0, 19.0, 20.0, 31.680316686314434, 21.0, 21.0, 22.0, 21.0, 20.0, 20.0, 19.0, 20.0, 20.0, 19.0, 20.0, 19.0, 20.0, 20.0, 0.0, 20.0, 20.0, 20.0, 20.0, 20.0, 20.0, 41.0, 19.0, 20.0, 20.0, 19.0, 19.0, 20.0, 0.0, 1.0, 19.0, 20.0, 19.0, 20.0, 19.0, 20.0, 19.0, 20.0, 20.0, 19.0, 19.0, 20.0, 20.0, 19.0, 19.0, 20.0]
1114	MoeSQLmosa	9	1	[55.0, 54.0, 55.0, 67.35571557940446, 56.0, 56.0, 57.0, 56.0, 55.0, 55.0, 54.0, 55.0, 55.0, 54.0, 55.0, 54.0, 55.0, 55.0, 55.0, 55.0, 55.0, 55.0, 55.0, 55.0, 55.0, 0.0, 54.0, 55.0, 55.0, 54.0, 54.0, 55.0, 54.0, 55.0, 54.0, 55.0, 54.0, 55.0, 54.0, 55.0, 54.0, 55.0, 55.0, 54.0, 54.0, 55.0, 0.0, 1.0, 0.0, 1.0]
1114	MoeSQLmosa	10	1	[19.91381755115905, 18.91381755115905, 19.91381755115905, 32.2695331305635, 20.91381755115905, 20.91381755115905, 21.91381755115905, 20.91381755115905, 19.91381755115905, 19.91381755115905, 18.91381755115905, 19.91381755115905, 19.91381755115905, 18.91381755115905, 19.91381755115905, 18.91381755115905, 19.91381755115905, 19.91381755115905, 19.91381755115905, 19.91381755115905, 19.91381755115905, 19.91381755115905, 19.91381755115905, 0.0, 19.91381755115905, 40.91381755115905, 18.91381755115905, 19.91381755115905, 19.91381755115905, 18.91381755115905, 18.91381755115905, 19.91381755115905, 18.91381755115905, 19.91381755115905, 18.91381755115905, 19.91381755115905, 18.91381755115905, 19.91381755115905, 18.91381755115905, 19.91381755115905, 18.91381755115905, 19.91381755115905, 0.0, 1.0, 18.91381755115905, 19.91381755115905, 19.91381755115905, 18.91381755115905, 18.91381755115905, 19.91381755115905]
1114	MoeSQLmosa	11	1	[1.0, 0.0, 1.0, 13.355715579404453, 2.0, 2.0, 3.0, 2.0, 1.0, 1.0, 0.0, 1.0, 1.0, 0.0, 1.0, 0.0, 1.0, 1.0, 1.0, 1.0, 1.0, 1.0, 1.0, 1.0, 1.0, 22.0, 0.0, 1.0, 1.0, 0.0, 0.0, 1.0, 0.0, 1.0, 0.0, 1.0, 0.0, 1.0, 1.0, 0.0, 0.0, 1.0, 1.0, 0.0, 0.0, 1.0, 1.0, 0.0, 0.0, 1.0]
1114	MoeSQLmosa	12	1	[40.8575564601313, 39.8575564601313, 40.8575564601313, 53.21327203953575, 41.8575564601313, 41.8575564601313, 42.8575564601313, 41.8575564601313, 40.8575564601313, 40.8575564601313, 39.8575564601313, 40.8575564601313, 40.8575564601313, 39.8575564601313, 40.8575564601313, 39.8575564601313, 0.0, 40.8575564601313, 40.8575564601313, 40.8575564601313, 40.8575564601313, 40.8575564601313, 40.8575564601313, 40.8575564601313, 40.8575564601313, 57.8575564601313, 39.8575564601313, 40.8575564601313, 0.0, 1.0, 39.8575564601313, 40.8575564601313, 39.8575564601313, 40.8575564601313, 39.8575564601313, 40.8575564601313, 39.8575564601313, 40.8575564601313, 40.8575564601313, 39.8575564601313, 39.8575564601313, 40.8575564601313, 40.8575564601313, 39.8575564601313, 39.8575564601313, 40.8575564601313, 40.8575564601313, 39.8575564601313, 39.8575564601313, 40.8575564601313]
1114	MoeSQLmosa	13	1	[1.0, 0.0, 1.0, 6.690476190476191, 2.0, 2.0, 3.0, 2.0, 1.0, 1.0, 0.0, 1.0, 1.0, 0.0, 1.0, 0.0, 1.0, 1.0, 1.0, 1.0, 1.0, 1.0, 1.0, 1.0, 1.0, 27.0, 0.0, 1.0, 1.0, 0.0, 0.0, 1.0, 0.0, 1.0, 1.0, 0.0, 0.0, 1.0, 0.0, 1.0, 0.0, 1.0, 1.0, 0.0, 0.0, 1.0, 1.0, 0.0, 0.0, 1.0]
1114	MoeSQLmosa	14	1	[1.0, 0.0, 1.0, 16.0, 2.0, 2.0, 3.0, 2.0, 1.0, 1.0, 0.0, 1.0, 1.0, 0.0, 1.0, 0.0, 1.0, 1.0, 1.0, 1.0, 1.0, 1.0, 1.0, 1.0, 1.0, 22.0, 1.0, 0.0, 1.0, 0.0, 0.0, 1.0, 0.0, 1.0, 0.0, 1.0, 0.0, 1.0, 0.0, 1.0, 0.0, 1.0, 0.0, 1.0, 0.0, 1.0, 1.0, 0.0, 0.0, 1.0]
1114	MoeSQLmosa	15	1	[2.0, 1.0, 2.0, 17.0, 3.0, 3.0, 4.0, 3.0, 2.0, 0.0, 1.0, 2.0, 2.0, 1.0, 2.0, 1.0, 2.0, 2.0, 2.0, 2.0, 2.0, 2.0, 2.0, 2.0, 2.0, 19.0, 1.0, 2.0, 2.0, 1.0, 1.0, 2.0, 1.0, 2.0, 1.0, 2.0, 1.0, 2.0, 1.0, 2.0, 1.0, 2.0, 2.0, 1.0, 1.0, 2.0, 1.0, 2.0, 1.0, 2.0]
1114	MoeSQLmosa	16	1	[1.0, 0.0, 1.0, 13.355715579404453, 2.0, 2.0, 3.0, 2.0, 1.0, 1.0, 0.0, 1.0, 1.0, 0.0, 1.0, 0.0, 1.0, 1.0, 1.0, 1.0, 1.0, 1.0, 1.0, 1.0, 1.0, 22.0, 0.0, 1.0, 1.0, 0.0, 0.0, 1.0, 0.0, 1.0, 0.0, 1.0, 0.0, 1.0, 0.0, 1.0, 0.0, 1.0, 1.0, 0.0, 1.0, 0.0, 1.0, 0.0, 0.0, 1.0]
1114	MoeSQLmosa	17	1	[1.0, 0.0, 1.0, 13.355715579404453, 2.0, 2.0, 3.0, 2.0, 1.0, 1.0, 0.0, 1.0, 1.0, 0.0, 1.0, 0.0, 1.0, 1.0, 1.0, 1.0, 1.0, 1.0, 1.0, 1.0, 1.0, 22.0, 0.0, 1.0, 1.0, 0.0, 0.0, 1.0, 0.0, 1.0, 0.0, 1.0, 0.0, 1.0, 0.0, 1.0, 1.0, 0.0, 1.0, 0.0, 0.0, 1.0, 0.0, 1.0, 0.0, 1.0]
1114	MoeSQLmosa	18	1	[16.0, 32.161904761904765, 17.0, 15.0, 17.0, 17.0, 18.0, 17.0, 16.0, 16.0, 15.0, 16.0, 16.0, 15.0, 16.0, 15.0, 16.0, 16.0, 16.0, 0.0, 16.0, 16.0, 16.0, 16.0, 16.0, 42.0, 16.0, 17.0, 15.0, 16.0, 15.0, 16.0, 15.0, 16.0, 0.0, 1.0, 15.0, 16.0, 15.0, 16.0, 15.0, 16.0, 15.0, 16.0, 15.0, 16.0, 16.0, 15.0, 16.0, 15.0]
1114	MoeSQLmosa	19	1	[17.174837739949723, 16.174837739949723, 17.174837739949723, 29.530553319354176, 18.174837739949723, 18.174837739949723, 19.174837739949723, 18.174837739949723, 17.174837739949723, 17.174837739949723, 16.174837739949723, 17.174837739949723, 17.174837739949723, 16.174837739949723, 17.174837739949723, 16.174837739949723, 17.174837739949723, 17.174837739949723, 17.174837739949723, 17.174837739949723, 17.174837739949723, 17.174837739949723, 17.174837739949723, 17.174837739949723, 0.0, 38.17483773994972, 16.174837739949723, 17.174837739949723, 17.174837739949723, 16.174837739949723, 16.174837739949723, 17.174837739949723, 16.174837739949723, 17.174837739949723, 16.174837739949723, 17.174837739949723, 16.174837739949723, 17.174837739949723, 16.174837739949723, 17.174837739949723, 16.174837739949723, 17.174837739949723, 17.174837739949723, 16.174837739949723, 0.0, 1.0, 17.174837739949723, 16.174837739949723, 16.174837739949723, 17.174837739949723]
1114	MoeSQLmosa	20	1	[1.0, 0.0, 1.0, 16.0, 2.0, 2.0, 3.0, 2.0, 1.0, 1.0, 0.0, 1.0, 1.0, 0.0, 1.0, 0.0, 1.0, 1.0, 1.0, 1.0, 1.0, 1.0, 1.0, 1.0, 1.0, 22.0, 0.0, 1.0, 1.0, 0.0, 0.0, 1.0, 0.0, 1.0, 0.0, 1.0, 1.0, 0.0, 0.0, 1.0, 1.0, 0.0, 1.0, 0.0, 0.0, 1.0, 0.0, 1.0, 0.0, 1.0]
1114	MoeSQLmosa	21	1	[16.0, 15.0, 16.0, 27.680316686314434, 17.0, 17.0, 18.0, 17.0, 16.0, 16.0, 15.0, 16.0, 16.0, 15.0, 16.0, 15.0, 16.0, 16.0, 16.0, 16.0, 0.0, 16.0, 16.0, 16.0, 16.0, 37.0, 15.0, 16.0, 16.0, 15.0, 15.0, 16.0, 15.0, 16.0, 15.0, 16.0, 0.0, 1.0, 15.0, 16.0, 15.0, 16.0, 16.0, 15.0, 15.0, 16.0, 16.0, 15.0, 15.0, 16.0]
1114	MoeSQLmosa	22	1	[16.0, 15.0, 16.0, 31.0, 17.0, 17.0, 18.0, 17.0, 16.0, 16.0, 15.0, 16.0, 16.0, 15.0, 16.0, 15.0, 16.0, 16.0, 16.0, 16.0, 16.0, 0.0, 16.0, 16.0, 16.0, 37.0, 15.0, 16.0, 16.0, 15.0, 15.0, 16.0, 15.0, 16.0, 15.0, 16.0, 15.0, 16.0, 0.0, 1.0, 15.0, 16.0, 16.0, 15.0, 15.0, 16.0, 16.0, 15.0, 15.0, 16.0]
1114	MoeSQLmosa	23	1	[1.7976931348623156E306, 1.7976931348623156E306, 0.0, 1.7976931348623156E306, 1.7976931348623156E306, 1.7976931348623156E306, 1.7976931348623156E306, 1.7976931348623156E306, 1.7976931348623156E306, 1.7976931348623156E306, 1.7976931348623156E306, 1.7976931348623156E306, 1.7976931348623156E306, 1.7976931348623156E306, 1.7976931348623156E306, 1.7976931348623156E306, 1.7976931348623156E306, 1.7976931348623156E306, 1.7976931348623156E306, 1.7976931348623156E306, 1.7976931348623156E306, 1.7976931348623156E306, 1.7976931348623156E306, 1.7976931348623156E306, 1.7976931348623156E306, 1.7976931348623156E306, 1.7976931348623156E306, 1.7976931348623156E306, 1.7976931348623156E306, 1.7976931348623156E306, 1.7976931348623156E306, 1.7976931348623156E306, 1.7976931348623156E306, 1.7976931348623156E306, 1.7976931348623156E306, 1.7976931348623156E306, 1.7976931348623156E306, 1.7976931348623156E306, 1.7976931348623156E306, 1.7976931348623156E306, 1.7976931348623156E306, 1.7976931348623156E306, 1.7976931348623156E306, 1.7976931348623156E306, 1.7976931348623156E306, 1.7976931348623156E306, 1.7976931348623156E306, 1.7976931348623156E306, 1.7976931348623156E306, 1.7976931348623156E306]
1114	MoeSQLmosa	24	1	[1.0, 0.0, 1.0, 16.0, 2.0, 2.0, 2.0, 1.0, 0.0, 1.0, 0.0, 1.0, 1.0, 0.0, 1.0, 0.0, 1.0, 1.0, 1.0, 1.0, 1.0, 1.0, 1.0, 1.0, 1.0, 22.0, 0.0, 1.0, 1.0, 0.0, 0.0, 1.0, 0.0, 1.0, 0.0, 1.0, 0.0, 1.0, 0.0, 1.0, 0.0, 1.0, 1.0, 0.0, 0.0, 1.0, 1.0, 0.0, 0.0, 1.0]
1114	MoeSQLmosa	25	1	[11.684506004747941, 10.684506004747941, 11.684506004747941, 26.68450600474794, 12.684506004747941, 12.684506004747941, 13.684506004747941, 12.684506004747941, 11.684506004747941, 11.684506004747941, 10.684506004747941, 11.684506004747941, 11.684506004747941, 10.684506004747941, 11.684506004747941, 10.684506004747941, 11.684506004747941, 0.0, 11.684506004747941, 11.684506004747941, 11.684506004747941, 11.684506004747941, 11.684506004747941, 11.684506004747941, 11.684506004747941, 32.684506004747945, 10.684506004747941, 11.684506004747941, 11.684506004747941, 10.684506004747941, 0.0, 1.0, 10.684506004747941, 11.684506004747941, 10.684506004747941, 11.684506004747941, 10.684506004747941, 11.684506004747941, 10.684506004747941, 11.684506004747941, 10.684506004747941, 11.684506004747941, 11.684506004747941, 10.684506004747941, 10.684506004747941, 11.684506004747941, 11.684506004747941, 10.684506004747941, 10.684506004747941, 11.684506004747941]
1114	MoeSQLmosa	26	1	[2.0, 1.0, 2.0, 17.0, 3.0, 3.0, 4.0, 3.0, 2.0, 2.0, 1.0, 0.0, 2.0, 1.0, 2.0, 1.0, 2.0, 2.0, 2.0, 2.0, 2.0, 2.0, 2.0, 2.0, 2.0, 23.0, 1.0, 2.0, 2.0, 1.0, 1.0, 2.0, 1.0, 2.0, 1.0, 2.0, 1.0, 2.0, 1.0, 2.0, 1.0, 2.0, 2.0, 1.0, 1.0, 2.0, 2.0, 1.0, 1.0, 2.0]
1114	MoeSQLmosa	27	1	[1.0, 0.0, 1.0, 16.0, 2.0, 2.0, 9.0, 8.0, 7.0, 1.0, 0.0, 1.0, 1.0, 0.0, 1.0, 0.0, 1.0, 1.0, 1.0, 1.0, 1.0, 1.0, 1.0, 1.0, 1.0, 22.0, 0.0, 1.0, 1.0, 0.0, 1.0, 0.0, 0.0, 1.0, 0.0, 1.0, 0.0, 1.0, 0.0, 1.0, 0.0, 1.0, 1.0, 0.0, 1.0, 0.0, 1.0, 0.0, 0.0, 1.0]
1114	MoeSQLmosa	28	1	[2.0, 1.0, 2.0, 17.0, 3.0, 3.0, 7.0, 6.0, 5.0, 2.0, 1.0, 2.0, 0.0, 1.0, 2.0, 1.0, 2.0, 2.0, 2.0, 2.0, 2.0, 2.0, 2.0, 2.0, 2.0, 28.0, 1.0, 2.0, 2.0, 1.0, 1.0, 2.0, 1.0, 2.0, 1.0, 2.0, 1.0, 2.0, 1.0, 2.0, 1.0, 2.0, 2.0, 1.0, 1.0, 2.0, 2.0, 1.0, 1.0, 2.0]
1114	MoeSQLmosa	29	1	[1.0, 17.161904761904765, 2.0, 13.355715579404453, 0.0, 0.0, 3.0, 2.0, 1.0, 1.0, 0.0, 1.0, 1.0, 0.0, 1.0, 0.0, 1.0, 1.0, 1.0, 1.0, 1.0, 1.0, 1.0, 1.0, 1.0, 22.0, 0.0, 1.0, 0.0, 1.0, 0.0, 1.0, 0.0, 1.0, 0.0, 1.0, 0.0, 1.0, 0.0, 1.0, 0.0, 1.0, 1.0, 0.0, 0.0, 1.0, 1.0, 0.0, 0.0, 1.0]
1114	MoeSQLmosa	30	1	[3.0, 2.0, 3.0, 18.0, 4.0, 4.0, 0.0, 1.0, 2.0, 3.0, 2.0, 3.0, 3.0, 2.0, 3.0, 2.0, 3.0, 3.0, 3.0, 3.0, 3.0, 3.0, 3.0, 3.0, 3.0, 24.0, 2.0, 3.0, 3.0, 2.0, 2.0, 3.0, 2.0, 3.0, 2.0, 3.0, 2.0, 3.0, 2.0, 3.0, 2.0, 3.0, 3.0, 2.0, 2.0, 3.0, 3.0, 2.0, 2.0, 3.0]
1114	MoeSQLmosa	31	1	[1.0, 0.0, 1.0, 16.0, 2.0, 2.0, 2.0, 1.0, 0.0, 1.0, 0.0, 1.0, 1.0, 0.0, 1.0, 0.0, 1.0, 1.0, 1.0, 1.0, 1.0, 1.0, 1.0, 1.0, 1.0, 22.0, 0.0, 1.0, 1.0, 0.0, 0.0, 1.0, 1.0, 0.0, 0.0, 1.0, 0.0, 1.0, 0.0, 1.0, 0.0, 1.0, 1.0, 0.0, 0.0, 1.0, 1.0, 0.0, 0.0, 1.0]
1114	MOTGA	0	27	[0.0, 0.0, 0.0, 0.0, 0.0, 0.0, 0.0, 0.0, 0.0, 0.0, 0.0, 0.0, 0.0, 0.0, 0.0, 0.0, 0.0, 0.0, 0.0, 0.0, 0.0, 0.0, 0.0, 0.0, 0.0, 0.0, 0.0, 0.0, 0.0, 0.0, 0.0, 0.0, 0.0, 0.0, 0.0, 0.0, 0.0, 0.0, 0.0, 0.0, 0.0, 0.0, 0.0, 0.0, 0.0, 0.0, 0.0, 0.0, 0.0, 0.0]
1115	MoeSQLmosa	0	1	[0.0, 35.12851201086495]
1115	MoeSQLmosa	1	1	[1.0, 0.0]
1115	MOTGA	0	2	[0.0, 0.0]
1116	MoeSQLmosa	0	1	[8.416188886284303, 9.416188886284303, 9.416188886284303, 9.416188886284303, 9.416188886284303, 0.0, 1.0, 9.305077775173192]
1116	MoeSQLmosa	1	1	[1.7976931348623156E306, 1.7976931348623156E306, 1.7976931348623156E306, 1.7976931348623156E306, 1.7976931348623156E306, 1.7976931348623156E306, 0.0, 1.7976931348623156E306]
1116	MoeSQLmosa	2	1	[0.0, 1.0, 1.0, 1.0, 1.0, 1.0, 1.0, 0.8888888888888888]
1116	MoeSQLmosa	3	1	[9.37543424317618, 10.37543424317618, 10.37543424317618, 0.0, 1.0, 10.37543424317618, 10.37543424317618, 10.37543424317618]
1116	MoeSQLmosa	4	1	[1.0, 2.0, 2.0, 2.0, 2.0, 2.0, 2.0, 0.0]
1116	MoeSQLmosa	5	1	[11.718882046881872, 0.0, 1.0, 12.718882046881872, 12.718882046881872, 12.718882046881872, 12.718882046881872, 12.60777093577076]
1116	MoeSQLmosa	6	1	[1.7976931348623156E306, 1.7976931348623156E306, 0.0, 1.7976931348623156E306, 1.7976931348623156E306, 1.7976931348623156E306, 1.7976931348623156E306, 1.7976931348623156E306]
1116	MoeSQLmosa	7	1	[1.7976931348623156E306, 1.7976931348623156E306, 1.7976931348623156E306, 1.7976931348623156E306, 0.0, 1.7976931348623156E306, 1.7976931348623156E306, 1.7976931348623156E306]
1116	MOTGA	0	8	[0.0, 0.0, 0.0, 0.0, 0.0, 0.0, 0.0, 0.0]
1117	MoeSQLmosa	0	1	[0.0, 45.140484249960316, 1.0]
1117	MoeSQLmosa	1	1	[1.0, 0.0, 1.0]
1117	MoeSQLmosa	2	1	[1.7976931348623156E306, 1.7976931348623156E306, 0.0]
1117	MOTGA	0	3	[0.0, 0.0, 0.0]
1119	MoeSQLmosa	0	2	[1.7976931348623156E306, 1.7976931348623156E306, 1.7976931348623156E306, 0.0, 1.7976931348623156E306, 1.7976931348623156E306, 1.7976931348623156E306, 1.7976931348623156E306, 1.7976931348623156E306, 1.7976931348623156E306]
1119	MoeSQLmosa	1	2	[0.0, 1.0, 1.0, 1.0, 0.0, 1.7976931348623156E306, 1.7976931348623156E306, 1.7976931348623156E306, 0.0, 1.7976931348623156E306]
1119	MoeSQLmosa	2	2	[1.7976931348623156E306, 1.7976931348623156E306, 1.7976931348623156E306, 0.0, 1.7976931348623156E306, 1.7976931348623156E306, 1.7976931348623156E306, 1.7976931348623156E306, 1.7976931348623156E306, 0.0]
1119	MoeSQLmosa	3	2	[1.7976931348623156E306, 1.7976931348623156E306, 1.7976931348623156E306, 0.0, 1.7976931348623156E306, 0.0, 1.7976931348623156E306, 1.7976931348623156E306, 1.7976931348623156E306, 1.7976931348623156E306]
1119	MoeSQLmosa	4	2	[23.548697895149964, 0.0, 1.0, 24.548697895149964, 23.548697895149964, 1.7976931348623156E306, 1.7976931348623156E306, 1.7976931348623156E306, 23.548697895149964, 1.7976931348623156E306]
1119	MoeSQLmosa	5	2	[1.7976931348623156E306, 1.7976931348623156E306, 1.7976931348623156E306, 0.0, 1.7976931348623156E306, 1.7976931348623156E306, 1.7976931348623156E306, 0.0, 1.7976931348623156E306, 1.7976931348623156E306]
1119	MoeSQLmosa	6	2	[1.7976931348623156E306, 1.7976931348623156E306, 1.7976931348623156E306, 0.0, 1.7976931348623156E306, 1.7976931348623156E306, 0.0, 1.7976931348623156E306, 1.7976931348623156E306, 1.7976931348623156E306]
1119	MoeSQLmosa	7	2	[1.7976931348623156E306, 1.7976931348623156E306, 0.0, 1.7976931348623156E306, 1.7976931348623156E306, 3.595386269724631E306, 3.595386269724631E306, 3.595386269724631E306, 1.7976931348623156E306, 3.595386269724631E306]
1119	MOTGA	0	8	[0.0, 0.0, 0.0, 0.0, 0.0, 0.0, 0.0, 0.0, 0.0, 0.0]
1120	MoeSQLmosa	0	1	[1.0, 0.0, 1.7976931348623156E306, 1.7976931348623156E306, 1.7976931348623156E306, 1.7976931348623156E306, 1.7976931348623156E306, 1.7976931348623156E306]
1120	MoeSQLmosa	1	2	[1.0, 0.0, 1.7976931348623156E306, 0.0, 1.7976931348623156E306, 1.7976931348623156E306, 1.7976931348623156E306, 1.7976931348623156E306]
1120	MoeSQLmosa	2	2	[0.0, 0.0, 1.7976931348623156E306, 1.7976931348623156E306, 1.7976931348623156E306, 1.7976931348623156E306, 1.7976931348623156E306, 1.7976931348623156E306]
1120	MoeSQLmosa	3	2	[1.0, 0.0, 1.7976931348623156E306, 1.7976931348623156E306, 1.7976931348623156E306, 1.7976931348623156E306, 0.0, 1.7976931348623156E306]
1120	MoeSQLmosa	4	2	[0.0, 0.0, 1.7976931348623156E306, 1.7976931348623156E306, 1.7976931348623156E306, 0.0, 1.7976931348623156E306, 1.7976931348623156E306]
1120	MoeSQLmosa	5	2	[1.0, 0.0, 0.0, 1.7976931348623156E306, 1.7976931348623156E306, 1.7976931348623156E306, 1.7976931348623156E306, 1.7976931348623156E306]
1120	MoeSQLmosa	6	2	[1.0, 0.0, 1.7976931348623156E306, 1.7976931348623156E306, 1.7976931348623156E306, 1.7976931348623156E306, 1.7976931348623156E306, 0.0]
1120	MoeSQLmosa	7	2	[0.0, 0.0, 1.7976931348623156E306, 1.7976931348623156E306, 0.0, 1.7976931348623156E306, 1.7976931348623156E306, 1.7976931348623156E306]
1120	MOTGA	0	3	[1.0, 0.0, 1.7976931348623156E306, 0.0, 1.7976931348623156E306, 1.7976931348623156E306, 0.0, 1.7976931348623156E306]
1120	MOTGA	1	4	[0.0, 0.0, 0.0, 0.0, 0.0, 0.0, 0.0, 0.0]
1121	MoeSQLmosa	0	1	[31.35438734712928, 0.0, 1.0, 32.354387347129276, 32.354387347129276]
1121	MoeSQLmosa	1	1	[15.747498108749499, 16.747498108749497, 16.747498108749497, 0.0, 1.0]
1121	MoeSQLmosa	2	1	[1.7976931348623156E306, 1.7976931348623156E306, 1.7976931348623156E306, 1.7976931348623156E306, 0.0]
1121	MoeSQLmosa	3	1	[0.0, 1.0, 1.0, 1.0, 1.0]
1121	MoeSQLmosa	4	1	[1.7976931348623156E306, 1.7976931348623156E306, 0.0, 1.7976931348623156E306, 1.7976931348623156E306]
1121	MOTGA	0	5	[0.0, 0.0, 0.0, 0.0, 0.0]
1122	MoeSQLmosa	0	1	[2.0, 1.0, 0.0]
1122	MoeSQLmosa	1	1	[1.0, 0.0, 1.0]
1122	MoeSQLmosa	2	1	[0.0, 1.0, 2.0]
1122	MOTGA	0	3	[0.0, 0.0, 0.0]
1123	MoeSQLmosa	0	2	[0.0, 0.0]
1123	MOTGA	0	2	[0.0, 0.0]
1124	MoeSQLmosa	0	1	[1.0, 0.0, 1.0]
1124	MoeSQLmosa	1	1	[0.0, 44.77258794845001, 1.0]
1124	MoeSQLmosa	2	1	[1.7976931348623156E306, 1.7976931348623156E306, 0.0]
1124	MOTGA	0	3	[0.0, 0.0, 0.0]
1125	MoeSQLmosa	0	1	[10.457142857142859, 0.0, 1.0, 11.457142857142859, 11.457142857142859]
1125	MoeSQLmosa	1	1	[17.726312567023157, 18.726312567023157, 18.726312567023157, 0.0, 1.0]
1125	MoeSQLmosa	2	1	[0.0, 1.0, 1.0, 1.0, 1.0]
1125	MoeSQLmosa	3	1	[1.7976931348623156E306, 1.7976931348623156E306, 1.7976931348623156E306, 1.7976931348623156E306, 0.0]
1125	MoeSQLmosa	4	1	[1.7976931348623156E306, 1.7976931348623156E306, 0.0, 1.7976931348623156E306, 1.7976931348623156E306]
1125	MOTGA	0	5	[0.0, 0.0, 0.0, 0.0, 0.0]
1126	MoeSQLmosa	0	1	[0.0, 17.657769531198642]
1126	MoeSQLmosa	1	1	[1.0, 0.0]
1126	MOTGA	0	2	[0.0, 0.0]
1127	MoeSQLmosa	0	1	[1.7976931348623156E306, 1.7976931348623156E306, 1.7976931348623156E306, 1.7976931348623156E306, 1.7976931348623156E306, 1.7976931348623156E306, 0.0]
1127	MoeSQLmosa	1	2	[11.075757575757576, 0.0, 1.0, 12.075757575757576, 12.075757575757576, 0.0, 1.0]
1127	MoeSQLmosa	2	1	[23.44941982494309, 24.44941982494309, 24.44941982494309, 0.0, 1.0, 24.44941982494309, 24.44941982494309]
1127	MoeSQLmosa	3	1	[0.0, 1.0, 1.0, 1.0, 1.0, 1.0, 1.0]
1127	MoeSQLmosa	4	1	[1.7976931348623156E306, 1.7976931348623156E306, 0.0, 1.7976931348623156E306, 1.7976931348623156E306, 1.7976931348623156E306, 1.7976931348623156E306]
1127	MoeSQLmosa	5	1	[1.7976931348623156E306, 1.7976931348623156E306, 1.7976931348623156E306, 1.7976931348623156E306, 0.0, 1.7976931348623156E306, 1.7976931348623156E306]
1127	MOTGA	0	7	[0.0, 0.0, 0.0, 0.0, 0.0, 0.0, 0.0]
1128	MoeSQLmosa	0	2	[0.0, 0.0, 1.0, 1.0, 1.0]
1128	MoeSQLmosa	1	1	[1.7976931348623156E306, 1.7976931348623156E306, 1.7976931348623156E306, 1.7976931348623156E306, 0.0]
1128	MoeSQLmosa	2	1	[11.797635800731776, 23.59527160146355, 12.797635800731776, 0.0, 1.0]
1128	MoeSQLmosa	3	1	[1.7976931348623156E306, 1.7976931348623156E306, 0.0, 1.7976931348623156E306, 1.7976931348623156E306]
1128	MOTGA	0	5	[0.0, 0.0, 0.0, 0.0, 0.0]
1129	MoeSQLmosa	0	3	[0.0]
1129	MOTGA	0	3	[0.0]
1130	MoeSQLmosa	0	1	[0.0, 28.832167832167833]
1130	MoeSQLmosa	1	1	[1.0, 0.0]
1130	MOTGA	0	2	[0.0, 0.0]
1131	MoeSQLmosa	0	1	[1.0, 0.0]
1131	MoeSQLmosa	1	1	[0.0, 15.754858022953998]
1131	MOTGA	0	2	[0.0, 0.0]
1132	MoeSQLmosa	0	2	[0.0, 0.0, 1.0]
1132	MoeSQLmosa	1	1	[1.7976931348623156E306, 1.7976931348623156E306, 0.0]
1132	MOTGA	0	3	[0.0, 0.0, 0.0]
1133	MoeSQLmosa	0	2	[0.0, 0.0, 1.0]
1133	MoeSQLmosa	1	1	[1.7976931348623156E306, 1.7976931348623156E306, 0.0]
1133	MOTGA	0	3	[0.0, 0.0, 0.0]
1134	MoeSQLmosa	0	1	[1.0, 0.0]
1134	MoeSQLmosa	1	1	[0.0, 22.06283114951827]
1134	MOTGA	0	2	[0.0, 0.0]
1135	MoeSQLmosa	0	1	[1.0, 0.0, 1.0]
1135	MoeSQLmosa	1	1	[0.0, 7.533098709569298, 1.0]
1135	MoeSQLmosa	2	1	[1.7976931348623156E306, 1.7976931348623156E306, 0.0]
1135	MOTGA	0	3	[0.0, 0.0, 0.0]
1136	MoeSQLmosa	0	2	[0.0, 0.0]
1136	MOTGA	0	2	[0.0, 0.0]
1137	MoeSQLmosa	0	1	[13.0, 14.0, 14.0, 23.0, 1.0, 0.0]
1137	MoeSQLmosa	1	1	[12.0, 13.0, 13.0, 0.0, 1.0, 31.0]
1137	MoeSQLmosa	2	1	[1.7976931348623156E306, 3.595386269724631E306, 3.595386269724631E306, 1.7976931348623156E306, 0.0, 1.7976931348623156E306]
1137	MoeSQLmosa	3	1	[28.559128105467902, 0.0, 1.0, 35.559128105467906, 29.559128105467902, 29.559128105467902]
1137	MoeSQLmosa	4	1	[0.0, 1.0, 1.0, 7.0, 1.0, 1.0]
1137	MoeSQLmosa	5	1	[1.7976931348623156E306, 1.7976931348623156E306, 0.0, 1.7976931348623156E306, 1.7976931348623156E306, 1.7976931348623156E306]
1137	MOTGA	0	6	[0.0, 0.0, 0.0, 0.0, 0.0, 0.0]
1138	MoeSQLmosa	0	1	[22.462943711967544, 23.462943711967544, 23.462943711967544, 0.0, 1.0, 23.462943711967544, 23.462943711967544, 23.462943711967544, 22.462943711967544, 23.462943711967544, 74.46294371196754, 131.46294371196754, 75.46294371196754, 126.46294371196754, 80.46294371196754, 22.462943711967544, 79.46294371196754, 23.462943711967544, 74.46294371196754, 23.462943711967544]
1138	MoeSQLmosa	1	1	[6.533086392451718, 7.533086392451718, 7.533086392451718, 7.533086392451718, 7.533086392451718, 0.0, 1.0, 7.533086392451718, 6.533086392451718, 7.533086392451718, 48.53308639245172, 90.53308639245172, 52.53308639245172, 93.53308639245172, 49.53308639245172, 6.533086392451718, 48.53308639245172, 7.533086392451718, 51.53308639245172, 7.533086392451718]
1138	MoeSQLmosa	2	1	[0.0, 1.0, 1.0, 1.0, 1.0, 1.0, 1.0, 1.0, 0.0, 1.0, 15.0, 30.0, 67.0, 81.0, 16.0, 0.0, 15.0, 1.0, 66.0, 1.0]
1138	MoeSQLmosa	3	1	[1.0, 0.0, 1.0, 2.0, 2.0, 2.0, 2.0, 2.0, 1.0, 2.0, 16.0, 31.0, 68.0, 82.0, 17.0, 1.0, 16.0, 2.0, 67.0, 2.0]
1138	MoeSQLmosa	4	1	[17.0, 18.0, 18.0, 18.0, 18.0, 18.0, 18.0, 18.0, 17.0, 18.0, 0.0, 33.0, 67.0, 66.0, 1.0, 17.0, 0.0, 1.0, 83.0, 18.0]
1138	MoeSQLmosa	5	1	[1.7976931348623156E306, 1.7976931348623156E306, 1.7976931348623156E306, 1.7976931348623156E306, 0.0, 1.7976931348623156E306, 1.7976931348623156E306, 1.7976931348623156E306, 1.7976931348623156E306, 1.7976931348623156E306, 1.7976931348623156E306, 1.7976931348623156E306, 1.7976931348623156E306, 1.7976931348623156E306, 1.7976931348623156E306, 1.7976931348623156E306, 1.7976931348623156E306, 1.7976931348623156E306, 1.7976931348623156E306, 1.7976931348623156E306]
1138	MoeSQLmosa	6	1	[40.0, 41.0, 41.0, 41.0, 41.0, 41.0, 41.0, 41.0, 40.0, 41.0, 0.0, 40.0, 1.0, 52.0, 41.0, 58.0, 98.0, 59.0, 0.0, 1.0]
1138	MoeSQLmosa	7	1	[1.7976931348623156E306, 1.7976931348623156E306, 1.7976931348623156E306, 1.7976931348623156E306, 1.7976931348623156E306, 1.7976931348623156E306, 1.7976931348623156E306, 1.7976931348623156E306, 1.7976931348623156E306, 1.7976931348623156E306, 1.7976931348623156E306, 1.7976931348623156E306, 0.0, 1.7976931348623156E306, 3.595386269724631E306, 3.595386269724631E306, 3.595386269724631E306, 58.0, 1.7976931348623156E306, 3.595386269724631E306]
1138	MoeSQLmosa	8	1	[1.7976931348623156E306, 1.7976931348623156E306, 0.0, 1.7976931348623156E306, 1.7976931348623156E306, 1.7976931348623156E306, 1.7976931348623156E306, 1.7976931348623156E306, 1.7976931348623156E306, 1.7976931348623156E306, 1.7976931348623156E306, 1.7976931348623156E306, 1.7976931348623156E306, 1.7976931348623156E306, 1.7976931348623156E306, 1.7976931348623156E306, 1.7976931348623156E306, 1.7976931348623156E306, 1.7976931348623156E306, 1.7976931348623156E306]
1138	MoeSQLmosa	9	1	[1.7976931348623156E306, 1.7976931348623156E306, 1.7976931348623156E306, 1.7976931348623156E306, 1.7976931348623156E306, 1.7976931348623156E306, 1.7976931348623156E306, 1.7976931348623156E306, 1.7976931348623156E306, 1.7976931348623156E306, 1.7976931348623156E306, 3.595386269724631E306, 3.595386269724631E306, 1.7976931348623156E306, 15.0, 1.7976931348623156E306, 3.595386269724631E306, 3.595386269724631E306, 1.7976931348623156E306, 0.0]
1138	MoeSQLmosa	10	1	[1.0, 2.0, 2.0, 2.0, 2.0, 2.0, 2.0, 2.0, 1.0, 0.0, 16.0, 31.0, 68.0, 82.0, 17.0, 1.0, 16.0, 2.0, 67.0, 2.0]
1138	MoeSQLmosa	11	1	[1.0, 2.0, 2.0, 2.0, 2.0, 2.0, 2.0, 0.0, 1.0, 2.0, 16.0, 31.0, 67.0, 81.0, 17.0, 1.0, 16.0, 2.0, 66.0, 2.0]
1138	MoeSQLmosa	12	1	[1.7976931348623156E306, 1.7976931348623156E306, 1.7976931348623156E306, 1.7976931348623156E306, 1.7976931348623156E306, 1.7976931348623156E306, 1.7976931348623156E306, 1.7976931348623156E306, 1.7976931348623156E306, 1.7976931348623156E306, 1.7976931348623156E306, 1.7976931348623156E306, 65.0, 3.595386269724631E306, 3.595386269724631E306, 1.7976931348623156E306, 1.7976931348623156E306, 0.0, 3.595386269724631E306, 3.595386269724631E306]
1138	MoeSQLmosa	13	1	[0.0, 1.0, 1.0, 1.0, 1.0, 1.0, 1.0, 1.0, 0.0, 1.0, 5.0, 0.0, 57.0, 61.0, 6.0, 45.0, 5.0, 1.0, 101.0, 46.0]
1138	MoeSQLmosa	14	1	[1.7976931348623156E306, 1.7976931348623156E306, 1.7976931348623156E306, 1.7976931348623156E306, 1.7976931348623156E306, 1.7976931348623156E306, 0.0, 1.7976931348623156E306, 1.7976931348623156E306, 1.7976931348623156E306, 1.7976931348623156E306, 1.7976931348623156E306, 1.7976931348623156E306, 1.7976931348623156E306, 1.7976931348623156E306, 1.7976931348623156E306, 1.7976931348623156E306, 1.7976931348623156E306, 1.7976931348623156E306, 1.7976931348623156E306]
1138	MoeSQLmosa	15	1	[1.7976931348623156E306, 1.7976931348623156E306, 1.7976931348623156E306, 1.7976931348623156E306, 1.7976931348623156E306, 1.7976931348623156E306, 1.7976931348623156E306, 1.7976931348623156E306, 1.7976931348623156E306, 1.7976931348623156E306, 1.7976931348623156E306, 1.7976931348623156E306, 3.595386269724631E306, 1.7976931348623156E306, 0.0, 3.595386269724631E306, 1.7976931348623156E306, 3.595386269724631E306, 3.595386269724631E306, 42.0]
1138	MoeSQLmosa	16	1	[0.0, 1.0, 1.0, 1.0, 1.0, 1.0, 1.0, 1.0, 0.0, 1.0, 21.0, 68.0, 22.0, 0.0, 48.0, 42.0, 89.0, 43.0, 21.0, 1.0]
1138	MOTGA	0	17	[0.0, 0.0, 0.0, 0.0, 0.0, 0.0, 0.0, 0.0, 0.0, 0.0, 0.0, 0.0, 0.0, 0.0, 0.0, 0.0, 0.0, 0.0, 0.0, 0.0]
1139	MoeSQLmosa	0	3	[0.0, 1.0, 1.0, 1.0, 1.0, 1.0, 1.0, 0.0, 0.0, 1.7976931348623156E306]
1139	MoeSQLmosa	1	2	[23.682586812828752, 24.682586812828752, 24.682586812828752, 0.0, 1.0, 24.682586812828752, 24.682586812828752, 23.682586812828752, 1.7976931348623156E306, 1.7976931348623156E306]
1139	MoeSQLmosa	2	2	[4.946886446886448, 5.946886446886448, 5.946886446886448, 5.946886446886448, 5.946886446886448, 0.0, 1.0, 4.946886446886448, 1.7976931348623156E306, 1.7976931348623156E306]
1139	MoeSQLmosa	3	2	[1.7976931348623156E306, 1.7976931348623156E306, 1.7976931348623156E306, 1.7976931348623156E306, 0.0, 1.7976931348623156E306, 1.7976931348623156E306, 3.595386269724631E306, 1.7976931348623156E306, 3.595386269724631E306]
1139	MoeSQLmosa	4	2	[4.946886446886448, 0.0, 1.0, 5.946886446886448, 5.946886446886448, 5.946886446886448, 5.946886446886448, 4.946886446886448, 1.7976931348623156E306, 1.7976931348623156E306]
1139	MoeSQLmosa	5	2	[1.7976931348623156E306, 1.7976931348623156E306, 1.7976931348623156E306, 1.7976931348623156E306, 1.7976931348623156E306, 1.7976931348623156E306, 0.0, 1.7976931348623156E306, 3.595386269724631E306, 3.595386269724631E306]
1139	MoeSQLmosa	6	2	[0.0, 1.0, 1.0, 1.0, 1.0, 1.0, 1.0, 1.7976931348623156E306, 1.7976931348623156E306, 0.0]
1139	MoeSQLmosa	7	2	[1.7976931348623156E306, 1.7976931348623156E306, 0.0, 1.7976931348623156E306, 1.7976931348623156E306, 1.7976931348623156E306, 1.7976931348623156E306, 3.595386269724631E306, 1.7976931348623156E306, 3.595386269724631E306]
1139	MOTGA	0	4	[1.7976931348623156E306, 1.7976931348623156E306, 0.0, 1.7976931348623156E306, 0.0, 1.7976931348623156E306, 1.7976931348623156E306, 1.7976931348623156E306, 1.7976931348623156E306, 3.595386269724631E306]
1139	MOTGA	1	9	[0.0, 0.0, 1.0, 0.0, 1.0, 0.0, 0.0, 0.0, 0.0, 0.0]
1140	MoeSQLmosa	0	1	[0.0, 8.628384687208216]
1140	MoeSQLmosa	1	1	[1.0, 0.0]
1140	MOTGA	0	2	[0.0, 0.0]
1141	MoeSQLmosa	0	1	[1.0, 0.0]
1141	MoeSQLmosa	1	1	[0.0, 22.137474120082818]
1141	MOTGA	0	2	[0.0, 0.0]
1147	MoeSQLmosa	0	1	[1.0, 0.0]
1147	MoeSQLmosa	1	1	[0.0, 33.348866430908686]
1147	MOTGA	0	2	[0.0, 0.0]
1148	MoeSQLmosa	0	1	[5.133333333333334, 6.133333333333334, 6.133333333333334, 6.133333333333334, 6.133333333333334, 0.0, 1.0]
1148	MoeSQLmosa	1	1	[18.477355072463766, 0.0, 1.0, 19.477355072463766, 19.477355072463766, 19.477355072463766, 19.477355072463766]
1148	MoeSQLmosa	2	1	[1.7976931348623156E306, 1.7976931348623156E306, 0.0, 1.7976931348623156E306, 1.7976931348623156E306, 1.7976931348623156E306, 1.7976931348623156E306]
1148	MoeSQLmosa	3	1	[41.43749292036762, 42.43749292036762, 42.43749292036762, 0.0, 1.0, 42.43749292036762, 42.43749292036762]
1148	MoeSQLmosa	4	1	[1.7976931348623156E306, 1.7976931348623156E306, 1.7976931348623156E306, 1.7976931348623156E306, 0.0, 1.7976931348623156E306, 1.7976931348623156E306]
1148	MoeSQLmosa	5	1	[0.0, 1.0, 1.0, 1.0, 1.0, 1.0, 1.0]
1148	MoeSQLmosa	6	1	[1.7976931348623156E306, 1.7976931348623156E306, 1.7976931348623156E306, 1.7976931348623156E306, 1.7976931348623156E306, 1.7976931348623156E306, 0.0]
1148	MOTGA	0	7	[0.0, 0.0, 0.0, 0.0, 0.0, 0.0, 0.0]
1149	MoeSQLmosa	0	1	[1.7976931348623156E306, 1.7976931348623156E306, 1.7976931348623156E306, 1.7976931348623156E306, 1.7976931348623156E306, 1.7976931348623156E306, 0.0]
1149	MoeSQLmosa	1	1	[18.89693552061973, 19.89693552061973, 19.89693552061973, 19.89693552061973, 19.89693552061973, 0.0, 1.0]
1149	MoeSQLmosa	2	1	[0.0, 1.0, 1.0, 1.0, 1.0, 1.0, 1.0]
1149	MoeSQLmosa	3	1	[43.206218303801194, 44.206218303801194, 44.206218303801194, 0.0, 1.0, 44.206218303801194, 44.206218303801194]
1149	MoeSQLmosa	4	1	[1.7976931348623156E306, 1.7976931348623156E306, 1.7976931348623156E306, 1.7976931348623156E306, 0.0, 1.7976931348623156E306, 1.7976931348623156E306]
1149	MoeSQLmosa	5	1	[30.612533114485025, 0.0, 1.0, 31.612533114485025, 31.612533114485025, 31.612533114485025, 31.612533114485025]
1149	MoeSQLmosa	6	1	[1.7976931348623156E306, 1.7976931348623156E306, 0.0, 1.7976931348623156E306, 1.7976931348623156E306, 1.7976931348623156E306, 1.7976931348623156E306]
1149	MOTGA	0	7	[0.0, 0.0, 0.0, 0.0, 0.0, 0.0, 0.0]
1150	MoeSQLmosa	0	2	[25.97318196509373, 26.97318196509373, 26.97318196509373, 40.5684467227325, 1.0, 0.0, 1.7976931348623156E306, 0.0, 1.7976931348623156E306]
1150	MoeSQLmosa	1	2	[30.125236718619064, 0.0, 1.0, 40.732801249867805, 31.125236718619064, 31.125236718619064, 1.7976931348623156E306, 30.125236718619064, 1.7976931348623156E306]
1150	MoeSQLmosa	2	2	[1.0, 2.0, 2.0, 0.0, 1.0, 2.0, 1.7976931348623156E306, 1.0, 1.7976931348623156E306]
1150	MoeSQLmosa	3	2	[1.7976931348623156E306, 1.7976931348623156E306, 0.0, 1.7976931348623156E306, 1.7976931348623156E306, 1.7976931348623156E306, 3.595386269724631E306, 1.7976931348623156E306, 3.595386269724631E306]
1150	MoeSQLmosa	4	2	[0.0, 1.0, 1.0, 10.607564531248743, 1.0, 1.0, 1.7976931348623156E306, 0.0, 1.7976931348623156E306]
1150	MoeSQLmosa	5	2	[1.7976931348623156E306, 3.595386269724631E306, 3.595386269724631E306, 1.7976931348623156E306, 0.0, 1.7976931348623156E306, 3.595386269724631E306, 1.7976931348623156E306, 3.595386269724631E306]
1150	MoeSQLmosa	6	2	[1.7976931348623156E306, 1.7976931348623156E306, 1.7976931348623156E306, 1.7976931348623156E306, 1.0, 0.0, 1.7976931348623156E306, 1.7976931348623156E306, 0.0]
1150	MoeSQLmosa	7	2	[1.7976931348623156E306, 1.7976931348623156E306, 1.7976931348623156E306, 1.7976931348623156E306, 1.0, 0.0, 0.0, 1.7976931348623156E306, 1.7976931348623156E306]
1150	MOTGA	0	10	[0.0, 0.0, 0.0, 0.0, 0.0, 0.0, 0.0, 0.0, 0.0]
1151	MoeSQLmosa	0	2	[0.0, 0.0]
1151	MOTGA	0	2	[0.0, 0.0]
1152	MoeSQLmosa	0	3	[0.0]
1152	MOTGA	0	3	[0.0]
1153	MoeSQLmosa	0	2	[0.0, 0.0]
1153	MOTGA	0	2	[0.0, 0.0]
1154	MoeSQLmosa	0	2	[0.0, 0.0, 1.0]
1154	MoeSQLmosa	1	1	[1.7976931348623156E306, 1.7976931348623156E306, 0.0]
1154	MOTGA	0	3	[0.0, 0.0, 0.0]
1155	MoeSQLmosa	0	1	[1.0, 0.0]
1155	MoeSQLmosa	1	1	[0.0, 9.982295548654244]
1155	MOTGA	0	2	[0.0, 0.0]
1156	MoeSQLmosa	0	3	[0.0]
1156	MOTGA	0	3	[0.0]
1157	MoeSQLmosa	0	2	[10.7375, 0.0, 1.0, 11.7375, 11.7375, 0.0, 1.0]
1157	MoeSQLmosa	1	1	[17.680826491310363, 18.680826491310363, 18.680826491310363, 0.0, 1.0, 18.680826491310363, 18.680826491310363]
1157	MoeSQLmosa	2	1	[1.7976931348623156E306, 1.7976931348623156E306, 0.0, 1.7976931348623156E306, 1.7976931348623156E306, 1.7976931348623156E306, 1.7976931348623156E306]
1157	MoeSQLmosa	3	1	[0.0, 1.0, 1.0, 1.0, 1.0, 1.0, 1.0]
1157	MoeSQLmosa	4	1	[1.7976931348623156E306, 1.7976931348623156E306, 1.7976931348623156E306, 1.7976931348623156E306, 1.7976931348623156E306, 1.7976931348623156E306, 0.0]
1157	MoeSQLmosa	5	1	[1.7976931348623156E306, 1.7976931348623156E306, 1.7976931348623156E306, 1.7976931348623156E306, 0.0, 1.7976931348623156E306, 1.7976931348623156E306]
1157	MOTGA	0	7	[0.0, 0.0, 0.0, 0.0, 0.0, 0.0, 0.0]
1158	MoeSQLmosa	0	1	[12.411616076554768, 0.0, 13.411616076554768, 13.411616076554768, 13.411616076554768, 12.411616076554768, 13.411616076554768]
1158	MoeSQLmosa	1	1	[21.186709956709958, 22.186709956709958, 22.186709956709958, 0.0, 22.186709956709958, 21.186709956709958, 22.186709956709958]
1158	MoeSQLmosa	2	1	[8.0, 9.0, 0.0, 9.0, 9.0, 8.0, 9.0]
1158	MoeSQLmosa	3	1	[0.0, 1.0, 1.0, 1.0, 1.0, 0.0, 1.0]
1158	MoeSQLmosa	4	1	[1.0, 2.0, 2.0, 2.0, 2.0, 1.0, 0.0]
1158	MoeSQLmosa	5	1	[1.0, 2.0, 2.0, 2.0, 0.0, 1.0, 2.0]
1158	MOTGA	0	6	[0.0, 0.0, 0.0, 0.0, 0.0, 0.0, 0.0]
1159	MoeSQLmosa	0	1	[1.0, 0.0, 0.0, 1.0]
1159	MoeSQLmosa	1	1	[0.0, 10.986166611166611, 0.0, 1.0]
1159	MoeSQLmosa	2	1	[0.0, 8.0, 1.0, 0.0]
1159	MOTGA	0	3	[0.0, 0.0, 0.0, 0.0]
1160	MoeSQLmosa	0	1	[0.0, 1.0, 1.0, 1.0, 1.0]
1160	MoeSQLmosa	1	1	[11.793892101859901, 12.793892101859901, 12.793892101859901, 0.0, 1.0]
1160	MoeSQLmosa	2	1	[31.947448979591837, 0.0, 1.0, 32.94744897959184, 32.94744897959184]
1160	MoeSQLmosa	3	1	[1.7976931348623156E306, 1.7976931348623156E306, 1.7976931348623156E306, 1.7976931348623156E306, 0.0]
1160	MoeSQLmosa	4	1	[1.7976931348623156E306, 1.7976931348623156E306, 0.0, 1.7976931348623156E306, 1.7976931348623156E306]
1160	MOTGA	0	5	[0.0, 0.0, 0.0, 0.0, 0.0]
1161	MoeSQLmosa	0	1	[0.0, 14.387389949232055]
1161	MoeSQLmosa	1	1	[1.0, 0.0]
1161	MOTGA	0	2	[0.0, 0.0]
1162	MoeSQLmosa	0	1	[16.133333333333333, 0.0, 1.0, 17.133333333333333, 17.133333333333333]
1162	MoeSQLmosa	1	1	[34.13609360410831, 35.13609360410831, 35.13609360410831, 0.0, 1.0]
1162	MoeSQLmosa	2	1	[0.0, 1.0, 1.0, 1.0, 1.0]
1162	MoeSQLmosa	3	1	[1.7976931348623156E306, 1.7976931348623156E306, 0.0, 1.7976931348623156E306, 1.7976931348623156E306]
1162	MoeSQLmosa	4	1	[1.7976931348623156E306, 1.7976931348623156E306, 1.7976931348623156E306, 1.7976931348623156E306, 0.0]
1162	MOTGA	0	5	[0.0, 0.0, 0.0, 0.0, 0.0]
1163	MoeSQLmosa	0	1	[11.333333333333334, 12.333333333333334, 12.333333333333334, 12.333333333333334, 12.333333333333334, 0.0, 1.0, 47.94780427905428]
1163	MoeSQLmosa	1	1	[1.7976931348623156E306, 1.7976931348623156E306, 1.7976931348623156E306, 1.7976931348623156E306, 0.0, 1.7976931348623156E306, 1.7976931348623156E306, 1.7976931348623156E306]
1163	MoeSQLmosa	2	1	[7.680335315169555, 0.0, 1.0, 8.680335315169554, 8.680335315169554, 8.680335315169554, 8.680335315169554, 17.061348746182986]
1163	MoeSQLmosa	3	1	[11.333333333333334, 12.333333333333334, 12.333333333333334, 0.0, 1.0, 12.333333333333334, 12.333333333333334, 20.714346764346764]
1163	MoeSQLmosa	4	1	[1.7976931348623156E306, 1.7976931348623156E306, 0.0, 1.7976931348623156E306, 1.7976931348623156E306, 1.7976931348623156E306, 1.7976931348623156E306, 1.7976931348623156E306]
1163	MoeSQLmosa	5	1	[0.0, 1.0, 1.0, 1.0, 1.0, 1.0, 1.0, 8.579537612146307]
1163	MoeSQLmosa	6	1	[1.0, 2.0, 2.0, 2.0, 2.0, 2.0, 2.0, 0.0]
1163	MoeSQLmosa	7	1	[1.7976931348623156E306, 1.7976931348623156E306, 1.7976931348623156E306, 1.7976931348623156E306, 1.7976931348623156E306, 1.7976931348623156E306, 0.0, 1.7976931348623156E306]
1163	MOTGA	0	8	[0.0, 0.0, 0.0, 0.0, 0.0, 0.0, 0.0, 0.0]
1164	MoeSQLmosa	0	1	[13.361568120324927, 0.0, 1.0, 14.361568120324927, 14.361568120324927, 14.361568120324927, 14.361568120324927]
1164	MoeSQLmosa	1	1	[27.668210787102808, 28.668210787102808, 28.668210787102808, 0.0, 1.0, 28.668210787102808, 28.668210787102808]
1164	MoeSQLmosa	2	1	[16.935347985347985, 17.935347985347985, 17.935347985347985, 17.935347985347985, 17.935347985347985, 0.0, 1.0]
1164	MoeSQLmosa	3	1	[1.7976931348623156E306, 1.7976931348623156E306, 0.0, 1.7976931348623156E306, 1.7976931348623156E306, 1.7976931348623156E306, 1.7976931348623156E306]
1164	MoeSQLmosa	4	1	[0.0, 1.0, 1.0, 1.0, 1.0, 1.0, 1.0]
1164	MoeSQLmosa	5	1	[1.7976931348623156E306, 1.7976931348623156E306, 1.7976931348623156E306, 1.7976931348623156E306, 1.7976931348623156E306, 1.7976931348623156E306, 0.0]
1164	MoeSQLmosa	6	1	[1.7976931348623156E306, 1.7976931348623156E306, 1.7976931348623156E306, 1.7976931348623156E306, 0.0, 1.7976931348623156E306, 1.7976931348623156E306]
1164	MOTGA	0	7	[0.0, 0.0, 0.0, 0.0, 0.0, 0.0, 0.0]
1165	MoeSQLmosa	0	3	[0.0]
1165	MOTGA	0	3	[0.0]
1166	MoeSQLmosa	0	1	[1.0, 0.0]
1166	MoeSQLmosa	1	1	[0.0, 17.30041249459353]
1166	MOTGA	0	2	[0.0, 0.0]
1167	MoeSQLmosa	0	2	[0.0, 0.0]
1167	MOTGA	0	2	[0.0, 0.0]
1168	MoeSQLmosa	0	1	[1.0, 0.0, 1.0]
1168	MoeSQLmosa	1	1	[0.0, 23.666832758744526, 1.0]
1168	MoeSQLmosa	2	1	[1.7976931348623156E306, 1.7976931348623156E306, 0.0]
1168	MOTGA	0	3	[0.0, 0.0, 0.0]
1169	MoeSQLmosa	0	1	[9.463680836707153, 0.0, 1.0, 10.463680836707153, 10.463680836707153, 10.463680836707153, 10.463680836707153]
1169	MoeSQLmosa	1	1	[10.542463338548263, 11.542463338548263, 11.542463338548263, 11.542463338548263, 11.542463338548263, 0.0, 1.0]
1169	MoeSQLmosa	2	1	[0.0, 1.0, 1.0, 1.0, 1.0, 1.0, 1.0]
1169	MoeSQLmosa	3	1	[1.7976931348623156E306, 1.7976931348623156E306, 1.7976931348623156E306, 1.7976931348623156E306, 0.0, 1.7976931348623156E306, 1.7976931348623156E306]
1169	MoeSQLmosa	4	1	[9.733474843564121, 10.733474843564121, 10.733474843564121, 0.0, 1.0, 10.733474843564121, 10.733474843564121]
1169	MoeSQLmosa	5	1	[1.7976931348623156E306, 1.7976931348623156E306, 1.7976931348623156E306, 1.7976931348623156E306, 1.7976931348623156E306, 1.7976931348623156E306, 0.0]
1169	MoeSQLmosa	6	1	[1.7976931348623156E306, 1.7976931348623156E306, 0.0, 1.7976931348623156E306, 1.7976931348623156E306, 1.7976931348623156E306, 1.7976931348623156E306]
1169	MOTGA	0	7	[0.0, 0.0, 0.0, 0.0, 0.0, 0.0, 0.0]
1170	MoeSQLmosa	0	3	[23.0, 0.0, 1.0, 0.0, 44.655391727498994, 24.0, 24.0, 23.0, 1.7976931348623156E306, 1.7976931348623156E306, 1.7976931348623156E306, 1.7976931348623156E306, 1.7976931348623156E306, 1.7976931348623156E306, 1.7976931348623156E306, 1.7976931348623156E306, 3.0, 3.0]
1170	MoeSQLmosa	1	2	[1.7976931348623156E306, 1.7976931348623156E306, 0.0, 1.7976931348623156E306, 3.595386269724631E306, 3.595386269724631E306, 3.595386269724631E306, 1.7976931348623156E306, 3.595386269724631E306, 3.595386269724631E306, 3.595386269724631E306, 3.595386269724631E306, 3.595386269724631E306, 3.595386269724631E306, 3.595386269724631E306, 3.595386269724631E306, 3.0, 3.0]
1170	MoeSQLmosa	2	2	[1.7976931348623156E306, 1.7976931348623156E306, 1.7976931348623156E306, 1.7976931348623156E306, 1.7976931348623156E306, 1.7976931348623156E306, 0.0, 1.7976931348623156E306, 0.0, 1.7976931348623156E306, 1.7976931348623156E306, 1.7976931348623156E306, 1.7976931348623156E306, 1.7976931348623156E306, 1.7976931348623156E306, 1.7976931348623156E306, 3.0, 3.0]
1170	MoeSQLmosa	3	2	[1.7976931348623156E306, 1.7976931348623156E306, 1.7976931348623156E306, 1.7976931348623156E306, 1.7976931348623156E306, 1.7976931348623156E306, 0.0, 1.7976931348623156E306, 1.7976931348623156E306, 0.0, 1.7976931348623156E306, 1.7976931348623156E306, 1.7976931348623156E306, 1.7976931348623156E306, 1.7976931348623156E306, 1.7976931348623156E306, 3.0, 3.0]
1170	MoeSQLmosa	4	2	[1.0, 5.0, 2.0, 13.0, 0.0, 1.0, 2.0, 1.0, 1.7976931348623156E306, 1.7976931348623156E306, 1.7976931348623156E306, 1.7976931348623156E306, 1.7976931348623156E306, 1.7976931348623156E306, 1.7976931348623156E306, 1.7976931348623156E306, 3.0, 3.0]
1170	MoeSQLmosa	5	2	[0.0, 3.0, 1.0, 13.0, 21.65539172749899, 1.0, 1.0, 0.0, 1.7976931348623156E306, 1.7976931348623156E306, 1.7976931348623156E306, 0.0, 1.7976931348623156E306, 1.7976931348623156E306, 1.7976931348623156E306, 1.7976931348623156E306, 2.0, 2.0]
1170	MoeSQLmosa	6	2	[1.7976931348623156E306, 1.7976931348623156E306, 1.7976931348623156E306, 1.7976931348623156E306, 1.7976931348623156E306, 1.7976931348623156E306, 43.0, 1.7976931348623156E306, 1.7976931348623156E306, 1.7976931348623156E306, 1.7976931348623156E306, 1.7976931348623156E306, 1.7976931348623156E306, 1.7976931348623156E306, 1.7976931348623156E306, 1.7976931348623156E306, 3.0, 3.0]
1170	MoeSQLmosa	7	2	[1.7976931348623156E306, 1.7976931348623156E306, 1.7976931348623156E306, 1.7976931348623156E306, 1.7976931348623156E306, 1.7976931348623156E306, 0.0, 1.7976931348623156E306, 1.7976931348623156E306, 1.7976931348623156E306, 1.7976931348623156E306, 1.7976931348623156E306, 1.7976931348623156E306, 1.7976931348623156E306, 1.7976931348623156E306, 1.7976931348623156E306, 3.0, 3.0]
1170	MoeSQLmosa	8	2	[1.7976931348623156E306, 1.7976931348623156E306, 1.7976931348623156E306, 1.7976931348623156E306, 1.7976931348623156E306, 0.0, 1.7976931348623156E306, 1.7976931348623156E306, 3.595386269724631E306, 3.595386269724631E306, 3.595386269724631E306, 3.595386269724631E306, 3.595386269724631E306, 3.595386269724631E306, 3.595386269724631E306, 3.595386269724631E306, 3.0, 3.0]
1170	MoeSQLmosa	9	2	[1.7976931348623156E306, 1.7976931348623156E306, 1.7976931348623156E306, 1.7976931348623156E306, 1.7976931348623156E306, 1.7976931348623156E306, 43.0, 1.7976931348623156E306, 43.0, 1.7976931348623156E306, 1.7976931348623156E306, 1.7976931348623156E306, 1.7976931348623156E306, 1.7976931348623156E306, 1.7976931348623156E306, 1.7976931348623156E306, 3.0, 3.0]
1170	MoeSQLmosa	10	2	[0.0, 3.0, 1.0, 13.0, 21.65539172749899, 1.0, 1.0, 0.0, 1.7976931348623156E306, 1.7976931348623156E306, 1.7976931348623156E306, 1.7976931348623156E306, 1.7976931348623156E306, 1.7976931348623156E306, 0.0, 1.7976931348623156E306, 2.0, 2.0]
1170	MoeSQLmosa	11	2	[1.7976931348623156E306, 1.7976931348623156E306, 1.7976931348623156E306, 1.7976931348623156E306, 1.7976931348623156E306, 1.7976931348623156E306, 0.0, 1.7976931348623156E306, 1.7976931348623156E306, 1.7976931348623156E306, 1.7976931348623156E306, 1.7976931348623156E306, 1.7976931348623156E306, 0.0, 1.7976931348623156E306, 1.7976931348623156E306, 3.0, 3.0]
1170	MoeSQLmosa	12	4	[0.0, 3.0, 1.0, 2.0, 21.653154773133554, 1.0, 1.0, 0.0, 1.7976931348623156E306, 1.7976931348623156E306, 1.7976931348623156E306, 1.7976931348623156E306, 1.7976931348623156E306, 1.7976931348623156E306, 1.7976931348623156E306, 1.7976931348623156E306, 0.0, 0.0]
1170	MOTGA	0	12	[0.0, 0.0, 0.0, 0.0, 0.0, 0.0, 0.0, 0.0, 0.0, 1.7976931348623156E306, 1.7976931348623156E306, 1.7976931348623156E306, 1.7976931348623156E306, 1.7976931348623156E306, 1.7976931348623156E306, 1.7976931348623156E306, 0.0, 0.0]
1171	MoeSQLmosa	0	1	[1.0, 0.0, 1.0]
1171	MoeSQLmosa	1	1	[0.0, 20.061965811965813, 1.0]
1171	MoeSQLmosa	2	1	[1.7976931348623156E306, 1.7976931348623156E306, 0.0]
1171	MOTGA	0	3	[0.0, 0.0, 0.0]
1172	MoeSQLmosa	0	1	[1.0, 0.0, 1.0, 3.0, 2.0, 1.0, 1.0, 2.0, 1.0]
1172	MoeSQLmosa	1	1	[0.0, 1.0, 0.0, 2.0, 1.0, 0.0, 1.0, 1.0, 2.0]
1172	MoeSQLmosa	2	1	[1.0, 2.0, 1.0, 1.0, 0.0, 1.0, 1.0, 2.0, 1.0]
1172	MoeSQLmosa	3	1	[2.0, 3.0, 2.0, 0.0, 1.0, 2.0, 2.0, 2.0, 2.0]
1172	MoeSQLmosa	4	2	[0.0, 1.0, 0.0, 2.0, 1.0, 0.0, 0.0, 1.0, 1.0]
1172	MoeSQLmosa	5	2	[0.0, 1.0, 0.0, 2.0, 1.0, 0.0, 1.0, 0.0, 2.0]
1172	MOTGA	0	7	[0.0, 0.0, 0.0, 0.0, 0.0, 0.0, 0.0, 0.0, 1.0]
1173	MoeSQLmosa	0	1	[1.0, 0.0, 1.0]
1173	MoeSQLmosa	1	1	[0.0, 1.0, 2.0]
1173	MoeSQLmosa	2	1	[2.0, 1.0, 0.0]
1173	MOTGA	0	3	[0.0, 0.0, 0.0]
1174	MoeSQLmosa	0	1	[0.0, 17.925770308123248]
1174	MoeSQLmosa	1	1	[1.0, 0.0]
1174	MOTGA	0	2	[0.0, 0.0]
1175	MoeSQLmosa	0	1	[13.704423159107307, 14.704423159107307, 14.704423159107307, 14.704423159107307, 14.704423159107307, 0.0, 1.0, 49.57108982577398]
1175	MoeSQLmosa	1	1	[12.775428880900538, 0.0, 1.0, 13.775428880900538, 13.775428880900538, 13.775428880900538, 13.775428880900538, 23.036477146360568]
1175	MoeSQLmosa	2	1	[1.0, 2.0, 2.0, 2.0, 2.0, 2.0, 2.0, 0.0]
1175	MoeSQLmosa	3	1	[11.872013765345496, 12.872013765345496, 12.872013765345496, 0.0, 1.0, 12.872013765345496, 12.872013765345496, 40.007926463758196]
1175	MoeSQLmosa	4	1	[0.0, 1.0, 1.0, 1.0, 1.0, 1.0, 1.0, 8.3614319014319]
1175	MoeSQLmosa	5	1	[1.7976931348623156E306, 1.7976931348623156E306, 1.7976931348623156E306, 1.7976931348623156E306, 1.7976931348623156E306, 1.7976931348623156E306, 0.0, 1.7976931348623156E306]
1175	MoeSQLmosa	6	1	[1.7976931348623156E306, 1.7976931348623156E306, 1.7976931348623156E306, 1.7976931348623156E306, 0.0, 1.7976931348623156E306, 1.7976931348623156E306, 1.7976931348623156E306]
1175	MoeSQLmosa	7	1	[1.7976931348623156E306, 1.7976931348623156E306, 0.0, 1.7976931348623156E306, 1.7976931348623156E306, 1.7976931348623156E306, 1.7976931348623156E306, 1.7976931348623156E306]
1175	MOTGA	0	8	[0.0, 0.0, 0.0, 0.0, 0.0, 0.0, 0.0, 0.0]
1176	MoeSQLmosa	0	2	[790.8897435897436, 791.8897435897436, 791.8897435897436, 791.8897435897436, 790.8897435897436, 791.8897435897436, 789.8897435897436, 790.8897435897436, 791.8897435897436, 0.0, 1.0, 765.0]
1176	MoeSQLmosa	1	2	[1.7976931348623156E306, 1.7976931348623156E306, 1.7976931348623156E306, 1.7976931348623156E306, 1.7976931348623156E306, 1.7976931348623156E306, 1.7976931348623156E306, 1.7976931348623156E306, 1.7976931348623156E306, 1.0, 0.0, 1131.0]
1176	MoeSQLmosa	2	2	[0.0, 1.0, 1.0, 1.0, 0.0, 1.0, 1.0, 0.0, 1.0, 2.0, 3.0, 2.0]
1176	MoeSQLmosa	3	2	[1.0, 2.0, 2.0, 2.0, 1.0, 0.0, 2.0, 1.0, 2.0, 2.0, 3.0, 1.0]
1176	MoeSQLmosa	4	2	[17.687878787878788, 0.0, 1.0, 18.687878787878788, 17.687878787878788, 18.687878787878788, 18.687878787878788, 17.687878787878788, 18.687878787878788, 19.687878787878788, 20.687878787878788, 2.0]
1176	MoeSQLmosa	5	2	[1.0, 2.0, 2.0, 2.0, 1.0, 2.0, 0.0, 1.0, 2.0, 2.0, 3.0, 1.0]
1176	MoeSQLmosa	6	2	[23.416939890710385, 24.416939890710385, 24.416939890710385, 24.416939890710385, 23.416939890710385, 24.416939890710385, 24.416939890710385, 23.416939890710385, 24.416939890710385, 0.0, 1.0, 0.0]
1176	MoeSQLmosa	7	2	[1.7976931348623156E306, 1.7976931348623156E306, 0.0, 1.7976931348623156E306, 1.7976931348623156E306, 1.7976931348623156E306, 1.7976931348623156E306, 1.7976931348623156E306, 1.7976931348623156E306, 1.7976931348623156E306, 1.7976931348623156E306, 2.0]
1176	MoeSQLmosa	8	2	[1.0, 2.0, 2.0, 0.0, 1.0, 2.0, 2.0, 1.0, 2.0, 2.0, 3.0, 1.0]
1176	MoeSQLmosa	9	2	[1.0, 2.0, 2.0, 2.0, 1.0, 2.0, 2.0, 1.0, 0.0, 2.0, 3.0, 1.0]
1176	MOTGA	0	3	[23.416939890710385, 24.416939890710385, 24.416939890710385, 24.416939890710385, 23.416939890710385, 24.416939890710385, 24.416939890710385, 23.416939890710385, 24.416939890710385, 0.0, 0.0, 0.0]
1176	MOTGA	1	8	[0.0, 0.0, 0.0, 0.0, 0.0, 0.0, 0.0, 0.0, 0.0, 2.0, 3.0, 2.0]
1177	MoeSQLmosa	0	2	[0.0, 0.0]
1177	MOTGA	0	2	[0.0, 0.0]
1178	MoeSQLmosa	0	3	[0.0]
1178	MOTGA	0	3	[0.0]
1179	MoeSQLmosa	0	1	[0.0, 44.93214285714286]
1179	MoeSQLmosa	1	1	[1.0, 0.0]
1179	MOTGA	0	2	[0.0, 0.0]
1180	MoeSQLmosa	0	1	[0.0, 39.714466089466086]
1180	MoeSQLmosa	1	1	[1.0, 0.0]
1180	MOTGA	0	2	[0.0, 0.0]
1181	MoeSQLmosa	0	2	[0.0, 0.0]
1181	MOTGA	0	2	[0.0, 0.0]
1182	MoeSQLmosa	0	1	[13.979513460395813, 14.979513460395813, 14.979513460395813, 0.0, 1.0, 14.979513460395813, 14.979513460395813, 28.708113618407737]
1182	MoeSQLmosa	1	1	[1.7976931348623156E306, 1.7976931348623156E306, 1.7976931348623156E306, 1.7976931348623156E306, 0.0, 1.7976931348623156E306, 1.7976931348623156E306, 1.7976931348623156E306]
1182	MoeSQLmosa	2	1	[8.632352941176471, 0.0, 1.0, 9.632352941176471, 9.632352941176471, 9.632352941176471, 9.632352941176471, 32.611561284929074]
1182	MoeSQLmosa	3	1	[7.762925588451823, 8.762925588451823, 8.762925588451823, 8.762925588451823, 8.762925588451823, 0.0, 1.0, 27.0719592018972]
1182	MoeSQLmosa	4	1	[1.7976931348623156E306, 1.7976931348623156E306, 0.0, 1.7976931348623156E306, 1.7976931348623156E306, 1.7976931348623156E306, 1.7976931348623156E306, 1.7976931348623156E306]
1182	MoeSQLmosa	5	1	[1.0, 2.0, 2.0, 2.0, 2.0, 2.0, 2.0, 0.0]
1182	MoeSQLmosa	6	1	[0.0, 1.0, 1.0, 1.0, 1.0, 1.0, 1.0, 1.0]
1182	MoeSQLmosa	7	1	[1.7976931348623156E306, 1.7976931348623156E306, 1.7976931348623156E306, 1.7976931348623156E306, 1.7976931348623156E306, 1.7976931348623156E306, 0.0, 1.7976931348623156E306]
1182	MOTGA	0	8	[0.0, 0.0, 0.0, 0.0, 0.0, 0.0, 0.0, 0.0]
1183	MoeSQLmosa	0	2	[5.174509803921569, 0.0, 1.0, 0.0, 1.0]
1183	MoeSQLmosa	1	1	[0.0, 1.0, 1.0, 1.0, 1.0]
1183	MoeSQLmosa	2	1	[1.7976931348623156E306, 1.7976931348623156E306, 1.7976931348623156E306, 1.7976931348623156E306, 0.0]
1183	MoeSQLmosa	3	1	[1.7976931348623156E306, 1.7976931348623156E306, 0.0, 1.7976931348623156E306, 1.7976931348623156E306]
1183	MOTGA	0	5	[0.0, 0.0, 0.0, 0.0, 0.0]
1184	MoeSQLmosa	0	2	[1.0, 0.0, 0.0]
1184	MoeSQLmosa	1	1	[0.0, 10.115231340763254, 1.0]
1184	MOTGA	0	3	[0.0, 0.0, 0.0]
1185	MoeSQLmosa	0	1	[1.0, 0.0]
1185	MoeSQLmosa	1	1	[0.0, 36.37651515151515]
1185	MOTGA	0	2	[0.0, 0.0]
1186	MoeSQLmosa	0	1	[0.0, 41.5]
1186	MoeSQLmosa	1	1	[37.66666666666667, 0.0]
1186	MOTGA	0	2	[0.0, 0.0]
1187	MoeSQLmosa	0	2	[0.0, 0.0, 1.0]
1187	MoeSQLmosa	1	1	[1.7976931348623156E306, 1.7976931348623156E306, 0.0]
1187	MOTGA	0	3	[0.0, 0.0, 0.0]
1188	MoeSQLmosa	0	1	[0.0, 14.85161658023691, 1.0]
1188	MoeSQLmosa	1	1	[1.0, 0.0, 1.0]
1188	MoeSQLmosa	2	1	[1.7976931348623156E306, 1.7976931348623156E306, 0.0]
1188	MOTGA	0	3	[0.0, 0.0, 0.0]
1189	MoeSQLmosa	0	1	[0.0, 5.935416666666667]
1189	MoeSQLmosa	1	1	[1.0, 0.0]
1189	MOTGA	0	2	[0.0, 0.0]
1190	MoeSQLmosa	0	1	[1.0, 0.0]
1190	MoeSQLmosa	1	1	[0.0, 38.88974358974359]
1190	MOTGA	0	2	[0.0, 0.0]
1193	MoeSQLmosa	0	1	[1.0, 0.0]
1193	MoeSQLmosa	1	1	[0.0, 16.785150520794488]
1193	MOTGA	0	2	[0.0, 0.0]
1194	MoeSQLmosa	0	1	[0.0, 41.84382402640648]
1194	MoeSQLmosa	1	1	[1.0, 0.0]
1194	MOTGA	0	2	[0.0, 0.0]
1195	MoeSQLmosa	0	2	[0.0, 0.0]
1195	MOTGA	0	2	[0.0, 0.0]
1196	MoeSQLmosa	0	1	[0.0, 24.300480406868793]
1196	MoeSQLmosa	1	1	[1.0, 0.0]
1196	MOTGA	0	2	[0.0, 0.0]
1198	MoeSQLmosa	0	1	[0.0, 10.128189623487554, 1.0]
1198	MoeSQLmosa	1	1	[1.0, 0.0, 1.0]
1198	MoeSQLmosa	2	1	[1.7976931348623156E306, 1.7976931348623156E306, 0.0]
1198	MOTGA	0	3	[0.0, 0.0, 0.0]
1199	MoeSQLmosa	0	1	[29.99724433718303, 30.99724433718303, 30.99724433718303, 30.99724433718303, 30.99724433718303, 0.0, 1.0]
1199	MoeSQLmosa	1	1	[14.045689433762355, 0.0, 1.0, 15.045689433762355, 15.045689433762355, 15.045689433762355, 15.045689433762355]
1199	MoeSQLmosa	2	1	[0.0, 1.0, 1.0, 1.0, 1.0, 1.0, 1.0]
1199	MoeSQLmosa	3	1	[16.265396866387917, 17.265396866387917, 17.265396866387917, 0.0, 1.0, 17.265396866387917, 17.265396866387917]
1199	MoeSQLmosa	4	2	[1.7976931348623156E306, 1.7976931348623156E306, 0.0, 1.7976931348623156E306, 1.7976931348623156E306, 1.7976931348623156E306, 0.0]
1199	MoeSQLmosa	5	1	[1.7976931348623156E306, 1.7976931348623156E306, 1.7976931348623156E306, 1.7976931348623156E306, 0.0, 1.7976931348623156E306, 1.7976931348623156E306]
1199	MOTGA	0	7	[0.0, 0.0, 0.0, 0.0, 0.0, 0.0, 0.0]
1200	MoeSQLmosa	0	2	[0.0, 0.0, 1.0]
1200	MoeSQLmosa	1	1	[1.7976931348623156E306, 1.7976931348623156E306, 0.0]
1200	MOTGA	0	3	[0.0, 0.0, 0.0]
1201	MoeSQLmosa	0	1	[9.916666666666666, 0.0, 1.0, 10.916666666666666, 10.916666666666666, 10.916666666666666, 10.916666666666666]
1201	MoeSQLmosa	1	1	[10.181698781674058, 11.181698781674058, 11.181698781674058, 11.181698781674058, 11.181698781674058, 0.0, 1.0]
1201	MoeSQLmosa	2	1	[34.40859002745553, 35.40859002745553, 35.40859002745553, 0.0, 1.0, 35.40859002745553, 35.40859002745553]
1201	MoeSQLmosa	3	1	[1.7976931348623156E306, 1.7976931348623156E306, 1.7976931348623156E306, 1.7976931348623156E306, 0.0, 1.7976931348623156E306, 1.7976931348623156E306]
1201	MoeSQLmosa	4	1	[1.7976931348623156E306, 1.7976931348623156E306, 1.7976931348623156E306, 1.7976931348623156E306, 1.7976931348623156E306, 1.7976931348623156E306, 0.0]
1201	MoeSQLmosa	5	1	[0.0, 1.0, 1.0, 1.0, 1.0, 1.0, 1.0]
1201	MoeSQLmosa	6	1	[1.7976931348623156E306, 1.7976931348623156E306, 0.0, 1.7976931348623156E306, 1.7976931348623156E306, 1.7976931348623156E306, 1.7976931348623156E306]
1201	MOTGA	0	7	[0.0, 0.0, 0.0, 0.0, 0.0, 0.0, 0.0]
1202	MoeSQLmosa	0	2	[0.0, 0.0]
1202	MOTGA	0	2	[0.0, 0.0]
1203	MoeSQLmosa	0	1	[0.0, 41.64807692307692]
1203	MoeSQLmosa	1	1	[1.0, 0.0]
1203	MOTGA	0	2	[0.0, 0.0]
1204	MoeSQLmosa	0	1	[44.63492063492063, 45.63492063492063, 45.63492063492063, 0.0, 1.0, 45.63492063492063, 45.63492063492063]
1204	MoeSQLmosa	1	1	[14.74771756021756, 0.0, 1.0, 15.74771756021756, 15.74771756021756, 15.74771756021756, 15.74771756021756]
1204	MoeSQLmosa	2	1	[9.92376893939394, 10.92376893939394, 10.92376893939394, 10.92376893939394, 10.92376893939394, 0.0, 1.0]
1204	MoeSQLmosa	3	1	[0.0, 1.0, 1.0, 1.0, 1.0, 1.0, 1.0]
1204	MoeSQLmosa	4	1	[1.7976931348623156E306, 1.7976931348623156E306, 1.7976931348623156E306, 1.7976931348623156E306, 0.0, 1.7976931348623156E306, 1.7976931348623156E306]
1204	MoeSQLmosa	5	1	[1.7976931348623156E306, 1.7976931348623156E306, 1.7976931348623156E306, 1.7976931348623156E306, 1.7976931348623156E306, 1.7976931348623156E306, 0.0]
1204	MoeSQLmosa	6	1	[1.7976931348623156E306, 1.7976931348623156E306, 0.0, 1.7976931348623156E306, 1.7976931348623156E306, 1.7976931348623156E306, 1.7976931348623156E306]
1204	MOTGA	0	7	[0.0, 0.0, 0.0, 0.0, 0.0, 0.0, 0.0]
1205	MoeSQLmosa	0	2	[0.0, 0.0]
1205	MOTGA	0	2	[0.0, 0.0]
1206	MoeSQLmosa	0	1	[1.0, 0.0, 1.0]
1206	MoeSQLmosa	1	1	[0.0, 7.500427350427351, 1.0]
1206	MoeSQLmosa	2	1	[1.7976931348623156E306, 1.7976931348623156E306, 0.0]
1206	MOTGA	0	3	[0.0, 0.0, 0.0]
1207	MoeSQLmosa	0	1	[8.42401059778109, 9.42401059778109, 9.42401059778109, 9.42401059778109, 9.42401059778109, 0.0, 1.0, 16.186936186232913]
1207	MoeSQLmosa	1	1	[1.7976931348623156E306, 1.7976931348623156E306, 1.7976931348623156E306, 1.7976931348623156E306, 0.0, 1.7976931348623156E306, 1.7976931348623156E306, 1.7976931348623156E306]
1207	MoeSQLmosa	2	1	[9.282738095238095, 0.0, 1.0, 10.282738095238095, 10.282738095238095, 10.282738095238095, 10.282738095238095, 29.0293946382901]
1207	MoeSQLmosa	3	1	[13.516233766233768, 14.516233766233768, 14.516233766233768, 0.0, 1.0, 14.516233766233768, 14.516233766233768, 21.220824472258375]
1207	MoeSQLmosa	4	1	[1.0, 2.0, 2.0, 2.0, 2.0, 2.0, 2.0, 0.0]
1207	MoeSQLmosa	5	1	[1.7976931348623156E306, 1.7976931348623156E306, 1.7976931348623156E306, 1.7976931348623156E306, 1.7976931348623156E306, 1.7976931348623156E306, 0.0, 1.7976931348623156E306]
1207	MoeSQLmosa	6	1	[1.7976931348623156E306, 1.7976931348623156E306, 0.0, 1.7976931348623156E306, 1.7976931348623156E306, 1.7976931348623156E306, 1.7976931348623156E306, 1.7976931348623156E306]
1207	MoeSQLmosa	7	1	[0.0, 1.0, 1.0, 1.0, 1.0, 1.0, 1.0, 7.762925588451823]
1207	MOTGA	0	8	[0.0, 0.0, 0.0, 0.0, 0.0, 0.0, 0.0, 0.0]
1208	MoeSQLmosa	0	1	[1.0, 0.0, 1.0, 3.0, 2.0, 1.0]
1208	MoeSQLmosa	1	1	[0.0, 8.514942002442002, 1.0, 287.0, 286.0, 285.0]
1208	MoeSQLmosa	2	1	[0.0, 8.654242759915729, 1.0, 2.0, 1.0, 0.0]
1208	MoeSQLmosa	3	1	[1.7976931348623156E306, 1.7976931348623156E306, 0.0, 1.7976931348623156E306, 1.7976931348623156E306, 1.7976931348623156E306]
1208	MoeSQLmosa	4	1	[2.0, 4.0, 3.0, 0.0, 1.0, 2.0]
1208	MoeSQLmosa	5	1	[1.0, 22.082355072463766, 2.0, 1.0, 0.0, 1.0]
1208	MOTGA	0	5	[0.0, 0.0, 0.0, 0.0, 0.0, 0.0]
1209	MoeSQLmosa	0	1	[0.0, 1.0, 1.0, 1.0, 1.0]
1209	MoeSQLmosa	1	1	[19.564000180187794, 0.0, 1.0, 20.564000180187794, 20.564000180187794]
1209	MoeSQLmosa	2	1	[9.735759942691153, 10.735759942691153, 10.735759942691153, 0.0, 1.0]
1209	MoeSQLmosa	3	1	[1.7976931348623156E306, 1.7976931348623156E306, 0.0, 1.7976931348623156E306, 1.7976931348623156E306]
1209	MoeSQLmosa	4	1	[1.7976931348623156E306, 1.7976931348623156E306, 1.7976931348623156E306, 1.7976931348623156E306, 0.0]
1209	MOTGA	0	5	[0.0, 0.0, 0.0, 0.0, 0.0]
1210	MoeSQLmosa	0	1	[1.0, 0.0, 1.0]
1210	MoeSQLmosa	1	1	[1.7976931348623156E306, 1.7976931348623156E306, 0.0]
1210	MoeSQLmosa	2	1	[0.0, 17.839743589743588, 1.0]
1210	MOTGA	0	3	[0.0, 0.0, 0.0]
1212	MoeSQLmosa	0	1	[16.230411255411255, 0.0, 1.0, 17.230411255411255, 17.230411255411255, 17.230411255411255, 17.230411255411255]
1212	MoeSQLmosa	1	1	[27.145238095238096, 28.145238095238096, 28.145238095238096, 0.0, 1.0, 28.145238095238096, 28.145238095238096]
1212	MoeSQLmosa	2	1	[8.069696969696968, 9.069696969696968, 9.069696969696968, 9.069696969696968, 9.069696969696968, 0.0, 1.0]
1212	MoeSQLmosa	3	1	[1.7976931348623156E306, 1.7976931348623156E306, 1.7976931348623156E306, 1.7976931348623156E306, 0.0, 1.7976931348623156E306, 1.7976931348623156E306]
1212	MoeSQLmosa	4	1	[1.7976931348623156E306, 1.7976931348623156E306, 1.7976931348623156E306, 1.7976931348623156E306, 1.7976931348623156E306, 1.7976931348623156E306, 0.0]
1212	MoeSQLmosa	5	1	[0.0, 1.0, 1.0, 1.0, 1.0, 1.0, 1.0]
1212	MoeSQLmosa	6	1	[1.7976931348623156E306, 1.7976931348623156E306, 0.0, 1.7976931348623156E306, 1.7976931348623156E306, 1.7976931348623156E306, 1.7976931348623156E306]
1212	MOTGA	0	7	[0.0, 0.0, 0.0, 0.0, 0.0, 0.0, 0.0]
1213	MoeSQLmosa	0	1	[1.0, 2.0, 2.0, 0.0, 1.0, 38.0, 2.0, 1.0, 2.0, 3.0]
1213	MoeSQLmosa	1	1	[30.997791180607955, 0.0, 1.0, 31.997791180607955, 31.997791180607955, 30.997791180607955, 31.997791180607955, 30.997791180607955, 31.997791180607955, 3.0]
1213	MoeSQLmosa	2	2	[0.0, 1.0, 1.0, 1.0, 1.0, 0.0, 1.0, 0.0, 0.0, 2.0]
1213	MoeSQLmosa	3	1	[0.0, 1.0, 1.0, 1.7976931348623156E306, 0.0, 1.7976931348623156E306, 1.0, 0.0, 1.0, 2.0]
1213	MoeSQLmosa	4	1	[1.7976931348623156E306, 1.7976931348623156E306, 0.0, 1.7976931348623156E306, 1.7976931348623156E306, 1.7976931348623156E306, 1.7976931348623156E306, 1.7976931348623156E306, 1.7976931348623156E306, 3.0]
1213	MoeSQLmosa	5	3	[0.0, 1.0, 1.0, 1.0, 1.0, 0.0, 1.0, 0.0, 1.0, 0.0]
1213	MoeSQLmosa	6	1	[1.0, 2.0, 2.0, 2.0, 2.0, 1.0, 0.0, 1.0, 2.0, 3.0]
1213	MOTGA	0	10	[0.0, 0.0, 0.0, 0.0, 0.0, 0.0, 0.0, 0.0, 0.0, 0.0]
1214	MoeSQLmosa	0	1	[1.0, 0.0]
1214	MoeSQLmosa	1	1	[0.0, 23.873502886002886]
1214	MOTGA	0	2	[0.0, 0.0]
1216	MoeSQLmosa	0	1	[41.85861111111111, 42.85861111111111, 42.85861111111111, 0.0, 1.0]
1216	MoeSQLmosa	1	1	[33.541551459293395, 0.0, 1.0, 34.541551459293395, 34.541551459293395]
1216	MoeSQLmosa	2	1	[1.7976931348623156E306, 1.7976931348623156E306, 0.0, 1.7976931348623156E306, 1.7976931348623156E306]
1216	MoeSQLmosa	3	1	[0.0, 1.0, 1.0, 1.0, 1.0]
1216	MoeSQLmosa	4	1	[1.7976931348623156E306, 1.7976931348623156E306, 1.7976931348623156E306, 1.7976931348623156E306, 0.0]
1216	MOTGA	0	5	[0.0, 0.0, 0.0, 0.0, 0.0]
1217	MoeSQLmosa	0	1	[0.0, 15.215657853977676]
1217	MoeSQLmosa	1	1	[1.0, 0.0]
1217	MOTGA	0	2	[0.0, 0.0]
1218	MoeSQLmosa	0	2	[0.0, 0.0]
1218	MOTGA	0	2	[0.0, 0.0]
1219	MoeSQLmosa	0	1	[32.637600597366244, 33.637600597366244, 34.637600597366244, 13.637600597366243, 14.637600597366243, 14.637600597366243, 63.637600597366244, 14.637600597366243, 39.637600597366244, 14.637600597366243, 0.0, 1.0]
1219	MoeSQLmosa	1	1	[14.704813292528142, 13.704813292528142, 12.704813292528142, 12.704813292528142, 0.0, 1.0, 58.704813292528144, 13.704813292528142, 31.704813292528144, 13.704813292528142, 13.704813292528142, 13.704813292528142]
1219	MoeSQLmosa	2	1	[894.0, 893.0, 892.0, 0.0, 1.0, 1.0, 23.0, 1.0, 24.0, 1.0, 1.0, 1.0]
1219	MoeSQLmosa	3	1	[717.0, 716.0, 715.0, 34.0, 35.0, 35.0, 52.0, 35.0, 0.0, 1.0, 35.0, 35.0]
1219	MoeSQLmosa	4	1	[2.0, 1.0, 0.0, 0.0, 1.0, 1.0, 23.0, 1.0, 24.0, 1.0, 1.0, 1.0]
1219	MoeSQLmosa	5	1	[1.7976931348623156E306, 1.7976931348623156E306, 1.7976931348623156E306, 1.7976931348623156E306, 1.7976931348623156E306, 1.7976931348623156E306, 1.7976931348623156E306, 1.7976931348623156E306, 1.7976931348623156E306, 0.0, 1.7976931348623156E306, 1.7976931348623156E306]
1219	MoeSQLmosa	6	1	[12.0, 11.0, 10.0, 10.0, 11.0, 11.0, 0.0, 1.0, 34.0, 11.0, 11.0, 11.0]
1219	MoeSQLmosa	7	1	[1.7976931348623156E306, 1.7976931348623156E306, 1.7976931348623156E306, 1.7976931348623156E306, 1.7976931348623156E306, 1.7976931348623156E306, 1.7976931348623156E306, 1.7976931348623156E306, 1.7976931348623156E306, 1.7976931348623156E306, 1.7976931348623156E306, 0.0]
1219	MoeSQLmosa	8	1	[1.0, 0.0, 1.0, 1.0, 2.0, 2.0, 24.0, 2.0, 25.0, 2.0, 2.0, 2.0]
1219	MoeSQLmosa	9	1	[1.7976931348623156E306, 1.7976931348623156E306, 1.7976931348623156E306, 1.7976931348623156E306, 1.7976931348623156E306, 1.7976931348623156E306, 1.7976931348623156E306, 0.0, 1.7976931348623156E306, 1.7976931348623156E306, 1.7976931348623156E306, 1.7976931348623156E306]
1219	MoeSQLmosa	10	1	[0.0, 1.0, 2.0, 0.0, 1.0, 1.0, 23.0, 1.0, 24.0, 1.0, 1.0, 1.0]
1219	MoeSQLmosa	11	1	[1.7976931348623156E306, 1.7976931348623156E306, 1.7976931348623156E306, 1.7976931348623156E306, 1.7976931348623156E306, 0.0, 1.7976931348623156E306, 1.7976931348623156E306, 1.7976931348623156E306, 1.7976931348623156E306, 1.7976931348623156E306, 1.7976931348623156E306]
1219	MOTGA	0	11	[0.0, 0.0, 0.0, 0.0, 0.0, 0.0, 0.0, 0.0, 0.0, 0.0, 0.0, 0.0]
1220	MoeSQLmosa	0	1	[41.658902691511386, 0.0, 1.0, 42.658902691511386, 42.658902691511386, 894.2062502091206, 895.2062502091206, 896.2062502091206]
1220	MoeSQLmosa	1	1	[0.0, 1.0, 1.0, 1.0, 1.0, 771.8988971733313, 772.8988971733313, 773.8988971733313]
1220	MoeSQLmosa	2	1	[1.0, 2.0, 2.0, 2.0, 2.0, 1.0, 0.0, 1.0]
1220	MoeSQLmosa	3	1	[34.43392302570881, 35.43392302570881, 35.43392302570881, 0.0, 1.0, 472.0185892122211, 473.0185892122211, 474.0185892122211]
1220	MoeSQLmosa	4	1	[1.7976931348623156E306, 1.7976931348623156E306, 1.7976931348623156E306, 1.7976931348623156E306, 0.0, 1.7976931348623156E306, 1.7976931348623156E306, 1.7976931348623156E306]
1220	MoeSQLmosa	5	1	[0.0, 1.0, 1.0, 1.0, 1.0, 0.0, 1.0, 2.0]
1220	MoeSQLmosa	6	1	[1.7976931348623156E306, 1.7976931348623156E306, 0.0, 1.7976931348623156E306, 1.7976931348623156E306, 1.7976931348623156E306, 1.7976931348623156E306, 1.7976931348623156E306]
1220	MoeSQLmosa	7	1	[2.0, 3.0, 3.0, 3.0, 3.0, 2.0, 1.0, 0.0]
1220	MOTGA	0	7	[0.0, 0.0, 0.0, 0.0, 0.0, 0.0, 0.0, 0.0]
1221	MoeSQLmosa	0	1	[14.205259033384033, 0.0, 1.0, 15.205259033384033, 15.205259033384033, 15.205259033384033, 15.205259033384033, 43.311754438563646]
1221	MoeSQLmosa	1	1	[14.222222222222221, 15.222222222222221, 15.222222222222221, 0.0, 1.0, 15.222222222222221, 15.222222222222221, 30.48194116200456]
1221	MoeSQLmosa	2	1	[0.0, 1.0, 1.0, 1.0, 1.0, 1.0, 1.0, 16.25971893978234]
1221	MoeSQLmosa	3	1	[9.56361649632878, 10.56361649632878, 10.56361649632878, 10.56361649632878, 10.56361649632878, 0.0, 1.0, 23.845492160813144]
1221	MoeSQLmosa	4	1	[1.0, 2.0, 2.0, 2.0, 2.0, 2.0, 2.0, 0.0]
1221	MoeSQLmosa	5	1	[1.7976931348623156E306, 1.7976931348623156E306, 1.7976931348623156E306, 1.7976931348623156E306, 1.7976931348623156E306, 1.7976931348623156E306, 0.0, 1.7976931348623156E306]
1221	MoeSQLmosa	6	1	[1.7976931348623156E306, 1.7976931348623156E306, 1.7976931348623156E306, 1.7976931348623156E306, 0.0, 1.7976931348623156E306, 1.7976931348623156E306, 1.7976931348623156E306]
1221	MoeSQLmosa	7	1	[1.7976931348623156E306, 1.7976931348623156E306, 0.0, 1.7976931348623156E306, 1.7976931348623156E306, 1.7976931348623156E306, 1.7976931348623156E306, 1.7976931348623156E306]
1221	MOTGA	0	8	[0.0, 0.0, 0.0, 0.0, 0.0, 0.0, 0.0, 0.0]
1222	MoeSQLmosa	0	2	[1.7976931348623156E306, 1.7976931348623156E306, 1.7976931348623156E306, 0.0, 1.7976931348623156E306, 1.7976931348623156E306, 1.7976931348623156E306, 1.7976931348623156E306, 1.7976931348623156E306, 1.7976931348623156E306, 1.7976931348623156E306, 1.7976931348623156E306, 1.7976931348623156E306, 1.7976931348623156E306]
1222	MoeSQLmosa	1	2	[1.7976931348623156E306, 1.7976931348623156E306, 1.7976931348623156E306, 0.0, 1.7976931348623156E306, 1.7976931348623156E306, 1.7976931348623156E306, 1.7976931348623156E306, 0.0, 1.7976931348623156E306, 1.7976931348623156E306, 1.7976931348623156E306, 1.7976931348623156E306, 1.7976931348623156E306]
1222	MoeSQLmosa	2	2	[1.7976931348623156E306, 1.7976931348623156E306, 1.7976931348623156E306, 0.0, 1.7976931348623156E306, 1.7976931348623156E306, 1.7976931348623156E306, 1.7976931348623156E306, 1.7976931348623156E306, 0.0, 1.7976931348623156E306, 1.7976931348623156E306, 1.7976931348623156E306, 1.7976931348623156E306]
1222	MoeSQLmosa	3	2	[1.7976931348623156E306, 1.7976931348623156E306, 1.7976931348623156E306, 0.0, 1.7976931348623156E306, 1.7976931348623156E306, 1.7976931348623156E306, 1.7976931348623156E306, 1.7976931348623156E306, 1.7976931348623156E306, 0.0, 1.7976931348623156E306, 1.7976931348623156E306, 1.7976931348623156E306]
1222	MoeSQLmosa	4	2	[1.7976931348623156E306, 1.7976931348623156E306, 1.7976931348623156E306, 0.0, 1.7976931348623156E306, 1.7976931348623156E306, 1.7976931348623156E306, 1.7976931348623156E306, 1.7976931348623156E306, 1.7976931348623156E306, 1.7976931348623156E306, 0.0, 1.7976931348623156E306, 1.7976931348623156E306]
1222	MoeSQLmosa	5	2	[1.7976931348623156E306, 1.7976931348623156E306, 1.7976931348623156E306, 0.0, 1.7976931348623156E306, 0.0, 1.7976931348623156E306, 1.7976931348623156E306, 1.7976931348623156E306, 1.7976931348623156E306, 1.7976931348623156E306, 1.7976931348623156E306, 1.7976931348623156E306, 1.7976931348623156E306]
1222	MoeSQLmosa	6	3	[0.6666666666666666, 0.0, 0.0, 1.6666666666666665, 0.6666666666666666, 1.7976931348623156E306, 1.7976931348623156E306, 0.6666666666666666, 1.7976931348623156E306, 1.7976931348623156E306, 1.7976931348623156E306, 1.7976931348623156E306, 1.7976931348623156E306, 1.7976931348623156E306]
1222	MoeSQLmosa	7	2	[0.0, 1.0, 1.0, 1.0, 0.0, 1.7976931348623156E306, 1.7976931348623156E306, 0.0, 1.7976931348623156E306, 1.7976931348623156E306, 1.7976931348623156E306, 1.7976931348623156E306, 1.7976931348623156E306, 1.7976931348623156E306]
1222	MoeSQLmosa	8	2	[1.7976931348623156E306, 1.7976931348623156E306, 1.7976931348623156E306, 0.0, 1.7976931348623156E306, 1.7976931348623156E306, 0.0, 1.7976931348623156E306, 1.7976931348623156E306, 1.7976931348623156E306, 1.7976931348623156E306, 1.7976931348623156E306, 1.7976931348623156E306, 0.0]
1222	MoeSQLmosa	9	2	[1.7976931348623156E306, 1.7976931348623156E306, 1.7976931348623156E306, 0.0, 1.7976931348623156E306, 1.7976931348623156E306, 1.7976931348623156E306, 1.7976931348623156E306, 1.7976931348623156E306, 1.7976931348623156E306, 1.7976931348623156E306, 1.7976931348623156E306, 0.0, 1.7976931348623156E306]
1222	MOTGA	0	11	[0.0, 0.0, 0.0, 0.0, 0.0, 0.0, 0.0, 0.0, 0.0, 0.0, 0.0, 0.0, 0.0, 0.0]
1223	MoeSQLmosa	0	1	[0.0, 33.52472398402631]
1223	MoeSQLmosa	1	1	[1.0, 0.0]
1223	MOTGA	0	2	[0.0, 0.0]
1225	MoeSQLmosa	0	2	[0.0, 0.0]
1225	MOTGA	0	2	[0.0, 0.0]
1226	MoeSQLmosa	0	1	[11.779924808568207, 0.0, 1.0, 12.779924808568207, 12.779924808568207]
1226	MoeSQLmosa	1	1	[11.779924808568207, 12.779924808568207, 12.779924808568207, 0.0, 1.0]
1226	MoeSQLmosa	2	1	[0.0, 1.0, 1.0, 1.0, 1.0]
1226	MoeSQLmosa	3	1	[1.7976931348623156E306, 1.7976931348623156E306, 1.7976931348623156E306, 1.7976931348623156E306, 0.0]
1226	MoeSQLmosa	4	1	[1.7976931348623156E306, 1.7976931348623156E306, 0.0, 1.7976931348623156E306, 1.7976931348623156E306]
1226	MOTGA	0	5	[0.0, 0.0, 0.0, 0.0, 0.0]
1227	MoeSQLmosa	0	1	[1.7976931348623156E306, 1.7976931348623156E306, 0.0, 1.7976931348623156E306, 1.7976931348623156E306]
1227	MoeSQLmosa	1	2	[20.15229882149006, 0.0, 1.0, 0.0, 1.0]
1227	MoeSQLmosa	2	1	[0.0, 1.0, 1.0, 1.0, 1.0]
1227	MoeSQLmosa	3	1	[1.7976931348623156E306, 1.7976931348623156E306, 1.7976931348623156E306, 1.7976931348623156E306, 0.0]
1227	MOTGA	0	5	[0.0, 0.0, 0.0, 0.0, 0.0]
1228	MoeSQLmosa	0	1	[0.0, 1.0, 1.0, 1.0, 1.0]
1228	MoeSQLmosa	1	1	[31.972311880991125, 0.0, 1.0, 32.97231188099113, 32.97231188099113]
1228	MoeSQLmosa	2	1	[28.396391401223607, 29.396391401223607, 29.396391401223607, 0.0, 1.0]
1228	MoeSQLmosa	3	1	[1.7976931348623156E306, 1.7976931348623156E306, 0.0, 1.7976931348623156E306, 1.7976931348623156E306]
1228	MoeSQLmosa	4	1	[1.7976931348623156E306, 1.7976931348623156E306, 1.7976931348623156E306, 1.7976931348623156E306, 0.0]
1228	MOTGA	0	5	[0.0, 0.0, 0.0, 0.0, 0.0]
1229	MoeSQLmosa	0	1	[0.0, 11.795325738366783, 1.0]
1229	MoeSQLmosa	1	2	[1.0, 0.0, 0.0]
1229	MOTGA	0	3	[0.0, 0.0, 0.0]
1230	MoeSQLmosa	0	1	[1.0, 2.0, 2.0, 0.0, 1.0, 3.0]
1230	MoeSQLmosa	1	1	[0.0, 1.0, 1.0, 1.0, 1.0, 2.0]
1230	MoeSQLmosa	2	1	[1.7976931348623156E306, 1.7976931348623156E306, 1.7976931348623156E306, 1.7976931348623156E306, 0.0, 3.0]
1230	MoeSQLmosa	3	1	[13.220833333333333, 0.0, 1.0, 14.220833333333333, 14.220833333333333, 3.0]
1230	MoeSQLmosa	4	1	[1.7976931348623156E306, 1.7976931348623156E306, 0.0, 1.7976931348623156E306, 1.7976931348623156E306, 3.0]
1230	MoeSQLmosa	5	3	[0.0, 1.0, 1.0, 1.0, 1.0, 0.0]
1230	MOTGA	0	7	[0.0, 0.0, 0.0, 0.0, 0.0, 0.0]
1231	MoeSQLmosa	0	1	[306.0, 307.0, 308.0, 0.0]
1231	MoeSQLmosa	1	1	[1.0, 0.0, 1.0, 0.0]
1231	MoeSQLmosa	2	2	[0.0, 1.0, 0.0, 0.0]
1231	MOTGA	0	3	[0.0, 0.0, 0.0, 0.0]
1233	MoeSQLmosa	0	2	[0.0, 0.0, 1.0]
1233	MoeSQLmosa	1	1	[1.7976931348623156E306, 1.7976931348623156E306, 0.0]
1233	MOTGA	0	3	[0.0, 0.0, 0.0]
1234	MoeSQLmosa	0	2	[0.0, 0.0]
1234	MOTGA	0	2	[0.0, 0.0]
1235	MoeSQLmosa	0	2	[0.0, 0.0]
1235	MOTGA	0	2	[0.0, 0.0]
1236	MoeSQLmosa	0	1	[1.0, 0.0]
1236	MoeSQLmosa	1	1	[0.0, 20.35367549117549]
1236	MOTGA	0	2	[0.0, 0.0]
1237	MoeSQLmosa	0	2	[0.0, 22.0, 0.0, 0.0, 1.0]
1237	MoeSQLmosa	1	1	[1.0, 0.0, 22.0, 21.0, 1.0]
1237	MoeSQLmosa	2	1	[1.7976931348623156E306, 1.7976931348623156E306, 1.7976931348623156E306, 1.7976931348623156E306, 0.0]
1237	MOTGA	0	4	[0.0, 0.0, 0.0, 0.0, 0.0]
1239	MoeSQLmosa	0	1	[1.0, 0.0]
1239	MoeSQLmosa	1	1	[0.0, 14.875901095849057]
1239	MOTGA	0	2	[0.0, 0.0]
1240	MoeSQLmosa	0	2	[0.0, 0.0]
1240	MOTGA	0	2	[0.0, 0.0]
1241	MoeSQLmosa	0	2	[0.0, 6.932113484349426, 0.0]
1241	MoeSQLmosa	1	1	[1.0, 0.0, 1.0]
1241	MOTGA	0	3	[0.0, 0.0, 0.0]
1242	MoeSQLmosa	0	2	[6.714889788573999, 7.714889788573999, 7.714889788573999, 7.714889788573999, 7.714889788573999, 0.0, 1.0, 6.714889788573999, 1.7976931348623156E306, 1.7976931348623156E306]
1242	MoeSQLmosa	1	2	[37.92963925394158, 38.92963925394158, 38.92963925394158, 0.0, 1.0, 38.92963925394158, 38.92963925394158, 37.92963925394158, 1.7976931348623156E306, 1.7976931348623156E306]
1242	MoeSQLmosa	2	2	[20.209623323013417, 0.0, 1.0, 21.209623323013417, 21.209623323013417, 21.209623323013417, 21.209623323013417, 20.209623323013417, 1.7976931348623156E306, 1.7976931348623156E306]
1242	MoeSQLmosa	3	2	[1.7976931348623156E306, 1.7976931348623156E306, 0.0, 1.7976931348623156E306, 1.7976931348623156E306, 1.7976931348623156E306, 1.7976931348623156E306, 1.7976931348623156E306, 3.595386269724631E306, 3.595386269724631E306]
1242	MoeSQLmosa	4	2	[0.0, 1.0, 1.0, 1.0, 1.0, 1.0, 1.0, 0.0, 1.7976931348623156E306, 1.7976931348623156E306]
1242	MoeSQLmosa	5	2	[1.7976931348623156E306, 1.7976931348623156E306, 1.7976931348623156E306, 1.7976931348623156E306, 1.7976931348623156E306, 1.7976931348623156E306, 0.0, 1.7976931348623156E306, 3.595386269724631E306, 3.595386269724631E306]
1242	MoeSQLmosa	6	2	[1.7976931348623156E306, 1.7976931348623156E306, 1.7976931348623156E306, 1.7976931348623156E306, 0.0, 1.7976931348623156E306, 1.7976931348623156E306, 1.7976931348623156E306, 3.595386269724631E306, 3.595386269724631E306]
1242	MoeSQLmosa	7	2	[0.0, 1.0, 1.0, 1.0, 1.0, 1.0, 1.0, 1.7976931348623156E306, 0.0, 1.7976931348623156E306]
1242	MoeSQLmosa	8	2	[0.0, 1.0, 1.0, 1.0, 1.0, 1.0, 1.0, 1.7976931348623156E306, 1.7976931348623156E306, 0.0]
1242	MOTGA	0	11	[0.0, 0.0, 0.0, 0.0, 0.0, 0.0, 0.0, 0.0, 0.0, 0.0]
1244	MoeSQLmosa	0	1	[9.856775408499548, 10.856775408499548, 10.856775408499548, 10.856775408499548, 10.856775408499548, 0.0, 1.0, 18.555367801431565]
1244	MoeSQLmosa	1	1	[1.7976931348623156E306, 1.7976931348623156E306, 1.7976931348623156E306, 1.7976931348623156E306, 1.7976931348623156E306, 1.7976931348623156E306, 0.0, 1.7976931348623156E306]
1244	MoeSQLmosa	2	1	[15.32973958924623, 0.0, 1.0, 16.32973958924623, 16.32973958924623, 16.32973958924623, 16.32973958924623, 42.40712054162718]
1244	MoeSQLmosa	3	1	[14.307660236269982, 15.307660236269982, 15.307660236269982, 0.0, 1.0, 15.307660236269982, 15.307660236269982, 28.0328399307893]
1244	MoeSQLmosa	4	1	[0.0, 1.0, 1.0, 1.0, 1.0, 1.0, 1.0, 8.698592392932015]
1244	MoeSQLmosa	5	1	[1.7976931348623156E306, 1.7976931348623156E306, 0.0, 1.7976931348623156E306, 1.7976931348623156E306, 1.7976931348623156E306, 1.7976931348623156E306, 1.7976931348623156E306]
1244	MoeSQLmosa	6	1	[1.0, 2.0, 2.0, 2.0, 2.0, 2.0, 2.0, 0.0]
1244	MoeSQLmosa	7	1	[1.7976931348623156E306, 1.7976931348623156E306, 1.7976931348623156E306, 1.7976931348623156E306, 0.0, 1.7976931348623156E306, 1.7976931348623156E306, 1.7976931348623156E306]
1244	MOTGA	0	8	[0.0, 0.0, 0.0, 0.0, 0.0, 0.0, 0.0, 0.0]
1246	MoeSQLmosa	0	2	[0.0, 23.85645933014354, 0.0, 1.0]
1246	MoeSQLmosa	1	1	[1.0, 0.0, 2.0, 2.0]
1246	MoeSQLmosa	2	1	[1.7976931348623156E306, 1.7976931348623156E306, 1.7976931348623156E306, 0.0]
1246	MOTGA	0	4	[0.0, 0.0, 0.0, 0.0]
1247	MoeSQLmosa	0	3	[0.0]
1247	MOTGA	0	3	[0.0]
1248	MoeSQLmosa	0	1	[11.739773511512643, 0.0, 1.0, 12.739773511512643, 12.739773511512643, 208.73977351151265, 207.73977351151265, 206.73977351151265]
1248	MoeSQLmosa	1	1	[1.0, 2.0, 2.0, 2.0, 2.0, 1.0, 0.0, 1.0]
1248	MoeSQLmosa	2	1	[12.124916749916752, 13.124916749916752, 13.124916749916752, 0.0, 1.0, 986.1249167499168, 985.1249167499168, 984.1249167499168]
1248	MoeSQLmosa	3	1	[1.7976931348623156E306, 1.7976931348623156E306, 0.0, 1.7976931348623156E306, 1.7976931348623156E306, 1.7976931348623156E306, 1.7976931348623156E306, 1.7976931348623156E306]
1248	MoeSQLmosa	4	1	[0.0, 1.0, 1.0, 1.0, 1.0, 2.0, 1.0, 0.0]
1248	MoeSQLmosa	5	1	[1.7976931348623156E306, 1.7976931348623156E306, 1.7976931348623156E306, 1.7976931348623156E306, 0.0, 1.7976931348623156E306, 1.7976931348623156E306, 1.7976931348623156E306]
1248	MoeSQLmosa	6	1	[2.0, 3.0, 3.0, 3.0, 3.0, 0.0, 1.0, 2.0]
1248	MOTGA	0	7	[0.0, 0.0, 0.0, 0.0, 0.0, 0.0, 0.0, 0.0]
1249	MoeSQLmosa	0	2	[0.0, 0.0, 1.0]
1249	MoeSQLmosa	1	1	[1.7976931348623156E306, 1.7976931348623156E306, 0.0]
1249	MOTGA	0	3	[0.0, 0.0, 0.0]
1250	MoeSQLmosa	0	1	[36.78847050645832, 0.0, 1.0, 37.78847050645832, 37.78847050645832, 37.78847050645832, 37.78847050645832]
1250	MoeSQLmosa	1	1	[23.23877491995665, 24.23877491995665, 24.23877491995665, 24.23877491995665, 24.23877491995665, 0.0, 1.0]
1250	MoeSQLmosa	2	1	[14.72780983328149, 15.72780983328149, 15.72780983328149, 0.0, 1.0, 15.72780983328149, 15.72780983328149]
1250	MoeSQLmosa	3	1	[0.0, 1.0, 1.0, 1.0, 1.0, 1.0, 1.0]
1250	MoeSQLmosa	4	1	[1.7976931348623156E306, 1.7976931348623156E306, 1.7976931348623156E306, 1.7976931348623156E306, 0.0, 1.7976931348623156E306, 1.7976931348623156E306]
1250	MoeSQLmosa	5	1	[1.7976931348623156E306, 1.7976931348623156E306, 1.7976931348623156E306, 1.7976931348623156E306, 1.7976931348623156E306, 1.7976931348623156E306, 0.0]
1250	MoeSQLmosa	6	1	[1.7976931348623156E306, 1.7976931348623156E306, 0.0, 1.7976931348623156E306, 1.7976931348623156E306, 1.7976931348623156E306, 1.7976931348623156E306]
1250	MOTGA	0	7	[0.0, 0.0, 0.0, 0.0, 0.0, 0.0, 0.0]
1251	MoeSQLmosa	0	2	[46.35812506437921, 45.35812506437921, 46.35812506437921, 45.35812506437921, 17.98511623820723, 18.98511623820723, 53.652987722345785, 0.0, 27.37300882617198, 28.37300882617198]
1251	MoeSQLmosa	1	2	[39.52405878962599, 38.52405878962599, 37.52405878962599, 38.52405878962599, 39.52405878962599, 39.52405878962599, 65.89706761579797, 1.0, 0.0, 1.0]
1251	MoeSQLmosa	2	2	[37.76601193261101, 36.76601193261101, 37.76601193261101, 36.76601193261101, 0.0, 1.0, 64.13902075878299, 2.0, 36.76601193261101, 37.76601193261101]
1251	MoeSQLmosa	3	2	[2.0, 1.0, 2.0, 1.0, 2.0, 2.0, 0.0, 3.0, 2.0, 1.0]
1251	MoeSQLmosa	4	2	[1.7976931348623156E306, 1.7976931348623156E306, 1.7976931348623156E306, 1.7976931348623156E306, 1.7976931348623156E306, 1.7976931348623156E306, 1.7976931348623156E306, 361.0, 1.0, 0.0]
1251	MoeSQLmosa	5	2	[1.0, 0.0, 1.0, 0.0, 1.0, 1.0, 27.37300882617198, 2.0, 2.0, 1.0]
1251	MoeSQLmosa	6	2	[0.0, 1.0, 2.0, 1.0, 2.0, 2.0, 28.37300882617198, 3.0, 2.0, 1.0]
1251	MoeSQLmosa	7	2	[2.0, 1.0, 0.0, 1.0, 2.0, 2.0, 28.37300882617198, 3.0, 2.0, 1.0]
1251	MoeSQLmosa	8	2	[1.7976931348623156E306, 1.7976931348623156E306, 1.7976931348623156E306, 1.7976931348623156E306, 1.7976931348623156E306, 0.0, 1.7976931348623156E306, 2.0, 1.7976931348623156E306, 1.7976931348623156E306]
1251	MOTGA	0	10	[0.0, 0.0, 0.0, 0.0, 0.0, 0.0, 0.0, 0.0, 2.0, 0.0]
1252	MoeSQLmosa	0	1	[1.0, 0.0, 1.0, 1.0, 0.0, 1.0, 0.0, 1.0]
1252	MoeSQLmosa	1	1	[0.0, 1.0, 2.0, 2.0, 1.0, 2.0, 1.0, 2.0]
1252	MoeSQLmosa	2	1	[24.462738156746678, 23.462738156746678, 24.462738156746678, 24.462738156746678, 23.462738156746678, 24.462738156746678, 23.462738156746678, 0.0]
1252	MoeSQLmosa	3	1	[2.0, 1.0, 2.0, 0.0, 1.0, 2.0, 1.0, 2.0]
1252	MoeSQLmosa	4	1	[2.0, 1.0, 0.0, 2.0, 1.0, 2.0, 1.0, 2.0]
1252	MoeSQLmosa	5	1	[2.0, 1.0, 2.0, 2.0, 1.0, 0.0, 1.0, 2.0]
1252	MOTGA	0	6	[0.0, 0.0, 0.0, 0.0, 0.0, 0.0, 0.0, 0.0]
1253	MoeSQLmosa	0	1	[0.0, 19.03119787196296]
1253	MoeSQLmosa	1	1	[1.0, 0.0]
1253	MOTGA	0	2	[0.0, 0.0]
1254	MoeSQLmosa	0	2	[0.0, 0.0]
1254	MOTGA	0	2	[0.0, 0.0]
1255	MoeSQLmosa	0	1	[0.0, 30.96433759553542]
1255	MoeSQLmosa	1	1	[1.0, 0.0]
1255	MOTGA	0	2	[0.0, 0.0]
1256	MoeSQLmosa	0	1	[1.0, 0.0]
1256	MoeSQLmosa	1	1	[0.0, 20.102991652764793]
1256	MOTGA	0	2	[0.0, 0.0]
1258	MoeSQLmosa	0	1	[18.0, 0.0, 1.0, 19.0, 19.0, 19.0, 19.0, 28.113409654848397]
1258	MoeSQLmosa	1	1	[9.35961210571185, 10.35961210571185, 10.35961210571185, 0.0, 1.0, 10.35961210571185, 10.35961210571185, 19.473021760560243]
1258	MoeSQLmosa	2	1	[30.25325721903837, 31.25325721903837, 31.25325721903837, 31.25325721903837, 31.25325721903837, 0.0, 1.0, 45.00849943451942]
1258	MoeSQLmosa	3	1	[0.0, 1.0, 1.0, 1.0, 1.0, 1.0, 1.0, 10.113409654848395]
1258	MoeSQLmosa	4	1	[1.7976931348623156E306, 1.7976931348623156E306, 1.7976931348623156E306, 1.7976931348623156E306, 1.7976931348623156E306, 1.7976931348623156E306, 0.0, 1.7976931348623156E306]
1258	MoeSQLmosa	5	1	[1.7976931348623156E306, 1.7976931348623156E306, 0.0, 1.7976931348623156E306, 1.7976931348623156E306, 1.7976931348623156E306, 1.7976931348623156E306, 1.7976931348623156E306]
1258	MoeSQLmosa	6	1	[1.0, 2.0, 2.0, 2.0, 2.0, 2.0, 2.0, 0.0]
1258	MoeSQLmosa	7	1	[1.7976931348623156E306, 1.7976931348623156E306, 1.7976931348623156E306, 1.7976931348623156E306, 0.0, 1.7976931348623156E306, 1.7976931348623156E306, 1.7976931348623156E306]
1258	MOTGA	0	8	[0.0, 0.0, 0.0, 0.0, 0.0, 0.0, 0.0, 0.0]
1259	MoeSQLmosa	0	2	[0.0, 0.0, 1.0]
1259	MoeSQLmosa	1	1	[1.7976931348623156E306, 1.7976931348623156E306, 0.0]
1259	MOTGA	0	3	[0.0, 0.0, 0.0]
1260	MoeSQLmosa	0	2	[0.0, 0.0]
1260	MOTGA	0	2	[0.0, 0.0]
1261	MoeSQLmosa	0	1	[0.0, 1.0, 1.0, 1.0, 0.0, 1.0]
1261	MoeSQLmosa	1	1	[1.7976931348623156E306, 1.7976931348623156E306, 0.0, 1.7976931348623156E306, 1.7976931348623156E306, 1.7976931348623156E306]
1261	MoeSQLmosa	2	1	[44.45776815776816, 0.0, 1.0, 45.45776815776816, 44.45776815776816, 45.45776815776816]
1261	MoeSQLmosa	3	1	[1.0, 2.0, 2.0, 0.0, 1.0, 2.0]
1261	MoeSQLmosa	4	1	[1.0, 2.0, 2.0, 2.0, 1.0, 0.0]
1261	MOTGA	0	5	[0.0, 0.0, 0.0, 0.0, 0.0, 0.0]
1263	MoeSQLmosa	0	2	[0.0, 0.0, 1.0]
1263	MoeSQLmosa	1	1	[1.7976931348623156E306, 1.7976931348623156E306, 0.0]
1263	MOTGA	0	3	[0.0, 0.0, 0.0]
1264	MoeSQLmosa	0	2	[0.0, 0.0]
1264	MOTGA	0	2	[0.0, 0.0]
1265	MoeSQLmosa	0	1	[0.0, 37.45449833930437]
1265	MoeSQLmosa	1	1	[1.0, 0.0]
1265	MOTGA	0	2	[0.0, 0.0]
1266	MoeSQLmosa	0	2	[0.0, 0.0]
1266	MOTGA	0	2	[0.0, 0.0]
1267	MoeSQLmosa	0	1	[34.69441317490098, 0.0, 1.0, 35.69441317490098, 34.69441317490098, 35.69441317490098, 35.69441317490098, 35.69441317490098, 134.69441317490097, 133.69441317490097, 132.69441317490097, 69.74441317490098, 35.69441317490098, 3.0]
1267	MoeSQLmosa	1	1	[12.38118661574039, 13.38118661574039, 13.38118661574039, 13.38118661574039, 12.38118661574039, 13.38118661574039, 0.0, 1.0, 112.38118661574039, 111.38118661574039, 110.38118661574039, 23.04666280621658, 13.38118661574039, 3.0]
1267	MoeSQLmosa	2	1	[0.0, 1.0, 1.0, 1.0, 0.0, 1.0, 1.0, 1.0, 101.0, 100.0, 99.0, 12.766483516483516, 1.0, 2.0]
1267	MoeSQLmosa	3	1	[1.0, 2.0, 2.0, 2.0, 1.0, 2.0, 2.0, 2.0, 1.0, 0.0, 1.0, 11.665476190476191, 2.0, 3.0]
1267	MoeSQLmosa	4	1	[1.0, 2.0, 2.0, 2.0, 1.0, 0.0, 2.0, 2.0, 450.53597509084545, 449.53597509084545, 448.53597509084545, 24.878205128205128, 2.0, 3.0]
1267	MoeSQLmosa	5	1	[1.7976931348623156E306, 1.7976931348623156E306, 1.7976931348623156E306, 1.7976931348623156E306, 1.7976931348623156E306, 1.7976931348623156E306, 1.7976931348623156E306, 1.7976931348623156E306, 1.7976931348623156E306, 1.7976931348623156E306, 1.7976931348623156E306, 1.7976931348623156E306, 0.0, 3.0]
1267	MoeSQLmosa	6	1	[1.0, 2.0, 2.0, 2.0, 1.0, 2.0, 2.0, 2.0, 102.0, 101.0, 100.0, 0.0, 1.0, 3.0]
1267	MoeSQLmosa	7	1	[1.7976931348623156E306, 1.7976931348623156E306, 0.0, 1.7976931348623156E306, 1.7976931348623156E306, 1.7976931348623156E306, 1.7976931348623156E306, 1.7976931348623156E306, 1.7976931348623156E306, 1.7976931348623156E306, 1.7976931348623156E306, 1.7976931348623156E306, 1.7976931348623156E306, 3.0]
1267	MoeSQLmosa	8	3	[0.0, 1.0, 1.0, 1.0, 0.0, 1.0, 1.0, 1.0, 30.202935200349998, 29.202935200349998, 28.202935200349998, 9.665476190476191, 1.0, 0.0]
1267	MoeSQLmosa	9	1	[0.0, 1.0, 1.0, 1.0, 0.0, 1.0, 1.0, 1.0, 2.0, 1.0, 0.0, 9.665476190476191, 1.0, 2.0]
1267	MoeSQLmosa	10	1	[2.0, 3.0, 3.0, 3.0, 2.0, 3.0, 3.0, 3.0, 0.0, 1.0, 2.0, 12.665476190476191, 3.0, 3.0]
1267	MoeSQLmosa	11	1	[1.0, 2.0, 2.0, 0.0, 1.0, 2.0, 2.0, 2.0, 3.0968384927005275, 2.0968384927005275, 1.0968384927005275, 11.665476190476191, 2.0, 3.0]
1267	MoeSQLmosa	12	1	[1.7976931348623156E306, 1.7976931348623156E306, 1.7976931348623156E306, 1.7976931348623156E306, 1.7976931348623156E306, 1.7976931348623156E306, 1.7976931348623156E306, 0.0, 1.7976931348623156E306, 1.7976931348623156E306, 1.7976931348623156E306, 1.7976931348623156E306, 1.7976931348623156E306, 3.0]
1267	MOTGA	0	14	[0.0, 0.0, 0.0, 0.0, 0.0, 0.0, 0.0, 0.0, 0.0, 0.0, 0.0, 0.0, 0.0, 0.0]
1268	MoeSQLmosa	0	1	[22.293798848210614, 0.0, 23.293798848210614, 23.293798848210614]
1268	MoeSQLmosa	1	1	[33.7046531916692, 34.7046531916692, 0.0, 1.0]
1268	MoeSQLmosa	2	1	[0.0, 1.0, 1.0, 1.0]
1268	MoeSQLmosa	3	1	[1.7976931348623156E306, 1.7976931348623156E306, 1.7976931348623156E306, 0.0]
1268	MOTGA	0	4	[0.0, 0.0, 0.0, 0.0]
1269	MoeSQLmosa	0	1	[17.887597288991273, 0.0, 1.0, 18.887597288991273, 18.887597288991273, 18.887597288991273, 18.887597288991273, 27.440835626322553]
1269	MoeSQLmosa	1	1	[17.887597288991273, 18.887597288991273, 18.887597288991273, 0.0, 1.0, 18.887597288991273, 18.887597288991273, 25.94910522549921]
1269	MoeSQLmosa	2	1	[37.71666666666667, 38.71666666666667, 38.71666666666667, 38.71666666666667, 38.71666666666667, 0.0, 1.0, 52.454071772507554]
1269	MoeSQLmosa	3	1	[1.7976931348623156E306, 1.7976931348623156E306, 1.7976931348623156E306, 1.7976931348623156E306, 1.7976931348623156E306, 1.7976931348623156E306, 0.0, 1.7976931348623156E306]
1269	MoeSQLmosa	4	1	[1.7976931348623156E306, 1.7976931348623156E306, 0.0, 1.7976931348623156E306, 1.7976931348623156E306, 1.7976931348623156E306, 1.7976931348623156E306, 1.7976931348623156E306]
1269	MoeSQLmosa	5	1	[0.0, 1.0, 1.0, 1.0, 1.0, 1.0, 1.0, 8.061507936507937]
1269	MoeSQLmosa	6	1	[1.7976931348623156E306, 1.7976931348623156E306, 1.7976931348623156E306, 1.7976931348623156E306, 0.0, 1.7976931348623156E306, 1.7976931348623156E306, 1.7976931348623156E306]
1269	MoeSQLmosa	7	1	[1.0, 2.0, 2.0, 2.0, 2.0, 2.0, 2.0, 0.0]
1269	MOTGA	0	8	[0.0, 0.0, 0.0, 0.0, 0.0, 0.0, 0.0, 0.0]
1270	MoeSQLmosa	0	2	[1.0, 0.0, 2.0, 0.0]
1270	MoeSQLmosa	1	2	[0.0, 1.0, 0.0, 2.0]
1270	MOTGA	0	4	[0.0, 0.0, 0.0, 0.0]
1271	MoeSQLmosa	0	2	[385.64750221043323, 345.3784545913856, 346.3784545913856, 386.64750221043323, 386.64750221043323, 386.64750221043323, 385.64750221043323, 384.64750221043323, 0.0, 1.0, 370.2690476190476, 3.0, 3.0, 3.0, 3.0, 3.0, 3.0]
1271	MoeSQLmosa	1	2	[27.66897546897547, 28.66897546897547, 28.66897546897547, 28.66897546897547, 28.66897546897547, 28.66897546897547, 27.66897546897547, 28.66897546897547, 0.0, 1.0, 0.0, 3.0, 3.0, 3.0, 3.0, 3.0, 3.0]
1271	MoeSQLmosa	2	2	[1.7976931348623156E306, 1.7976931348623156E306, 1.7976931348623156E306, 1.7976931348623156E306, 1.7976931348623156E306, 1.7976931348623156E306, 1.7976931348623156E306, 1.7976931348623156E306, 1.0, 0.0, 784.6262154512154, 3.0, 3.0, 3.0, 3.0, 3.0, 3.0]
1271	MoeSQLmosa	3	2	[44.590501165501166, 0.0, 1.0, 45.590501165501166, 45.590501165501166, 45.590501165501166, 44.590501165501166, 45.590501165501166, 2.0, 3.0, 44.590501165501166, 3.0, 3.0, 3.0, 3.0, 3.0, 3.0]
1271	MoeSQLmosa	4	2	[43.817389385413215, 44.817389385413215, 44.817389385413215, 0.0, 1.0, 44.817389385413215, 43.817389385413215, 44.817389385413215, 45.817389385413215, 46.817389385413215, 2.0, 3.0, 3.0, 3.0, 3.0, 3.0, 3.0]
1271	MoeSQLmosa	5	2	[1.0, 2.0, 2.0, 2.0, 2.0, 0.0, 1.0, 2.0, 2.0, 3.0, 1.0, 3.0, 3.0, 3.0, 3.0, 3.0, 3.0]
1271	MoeSQLmosa	6	2	[0.0, 1.0, 1.0, 1.0, 1.0, 1.0, 0.0, 1.0, 2.0, 3.0, 2.0, 2.0, 2.0, 2.0, 2.0, 3.0, 2.0]
1271	MoeSQLmosa	7	2	[1.7976931348623156E306, 1.7976931348623156E306, 0.0, 1.7976931348623156E306, 1.7976931348623156E306, 1.7976931348623156E306, 1.7976931348623156E306, 1.7976931348623156E306, 2.0, 3.0, 1.7976931348623156E306, 3.0, 3.0, 3.0, 3.0, 3.0, 3.0]
1271	MoeSQLmosa	8	2	[1.0, 2.0, 2.0, 2.0, 2.0, 2.0, 1.0, 0.0, 2.0, 3.0, 1.0, 3.0, 3.0, 3.0, 3.0, 3.0, 3.0]
1271	MoeSQLmosa	9	4	[0.0, 1.0, 1.0, 1.0, 1.0, 1.0, 0.0, 1.0, 2.0, 3.0, 2.0, 0.0, 0.0, 0.0, 1.0, 1.0, 1.0]
1271	MoeSQLmosa	10	2	[1.7976931348623156E306, 1.7976931348623156E306, 1.7976931348623156E306, 1.7976931348623156E306, 0.0, 1.7976931348623156E306, 1.7976931348623156E306, 1.7976931348623156E306, 1.7976931348623156E306, 1.7976931348623156E306, 2.0, 3.0, 3.0, 3.0, 3.0, 3.0, 3.0]
1271	MoeSQLmosa	11	5	[0.0, 1.0, 1.0, 1.0, 1.0, 1.0, 0.0, 1.0, 2.0, 3.0, 2.0, 0.0, 0.0, 0.0, 1.0, 0.0, 0.0]
1271	MoeSQLmosa	12	4	[0.0, 1.0, 1.0, 1.0, 1.0, 1.0, 0.0, 1.0, 2.0, 3.0, 2.0, 0.0, 1.0, 1.0, 0.0, 1.0, 0.0]
1271	MOTGA	0	3	[27.66897546897547, 28.66897546897547, 28.66897546897547, 28.66897546897547, 28.66897546897547, 28.66897546897547, 27.66897546897547, 28.66897546897547, 0.0, 0.0, 0.0, 3.0, 3.0, 3.0, 3.0, 3.0, 3.0]
1271	MOTGA	1	17	[0.0, 0.0, 0.0, 0.0, 0.0, 0.0, 0.0, 0.0, 2.0, 3.0, 2.0, 0.0, 0.0, 0.0, 0.0, 0.0, 0.0]
1272	MoeSQLmosa	0	1	[31.166666666666668, 32.16666666666667, 32.16666666666667, 32.16666666666667, 32.16666666666667, 0.0, 1.0, 47.36890943331622]
1272	MoeSQLmosa	1	1	[12.38888888888889, 13.38888888888889, 13.38888888888889, 0.0, 1.0, 13.38888888888889, 13.38888888888889, 26.620665503881845]
1272	MoeSQLmosa	2	1	[37.7933875942992, 0.0, 1.0, 38.7933875942992, 38.7933875942992, 38.7933875942992, 38.7933875942992, 47.03029362749814]
1272	MoeSQLmosa	3	1	[1.7976931348623156E306, 1.7976931348623156E306, 1.7976931348623156E306, 1.7976931348623156E306, 1.7976931348623156E306, 1.7976931348623156E306, 0.0, 1.7976931348623156E306]
1272	MoeSQLmosa	4	1	[1.7976931348623156E306, 1.7976931348623156E306, 0.0, 1.7976931348623156E306, 1.7976931348623156E306, 1.7976931348623156E306, 1.7976931348623156E306, 1.7976931348623156E306]
1272	MoeSQLmosa	5	1	[0.0, 1.0, 1.0, 1.0, 1.0, 1.0, 1.0, 13.452213064713066]
1272	MoeSQLmosa	6	1	[1.0, 2.0, 2.0, 2.0, 2.0, 2.0, 2.0, 0.0]
1272	MoeSQLmosa	7	1	[1.7976931348623156E306, 1.7976931348623156E306, 1.7976931348623156E306, 1.7976931348623156E306, 0.0, 1.7976931348623156E306, 1.7976931348623156E306, 1.7976931348623156E306]
1272	MOTGA	0	8	[0.0, 0.0, 0.0, 0.0, 0.0, 0.0, 0.0, 0.0]
1273	MoeSQLmosa	0	2	[0.0, 0.0]
1273	MOTGA	0	2	[0.0, 0.0]
1274	MoeSQLmosa	0	1	[0.0, 39.44047619047619]
1274	MoeSQLmosa	1	1	[1.0, 0.0]
1274	MOTGA	0	2	[0.0, 0.0]
1275	MoeSQLmosa	0	2	[7.817142857142857, 8.817142857142857, 8.817142857142857, 0.0, 1.0, 0.0, 1.0, 45.57858922322953]
1275	MoeSQLmosa	1	1	[41.17413413544209, 0.0, 1.0, 42.17413413544209, 42.17413413544209, 42.17413413544209, 42.17413413544209, 79.8750836768669]
1275	MoeSQLmosa	2	1	[1.0, 2.0, 2.0, 2.0, 2.0, 2.0, 2.0, 0.0]
1275	MoeSQLmosa	3	1	[0.0, 1.0, 1.0, 1.0, 1.0, 1.0, 1.0, 1.0]
1275	MoeSQLmosa	4	1	[1.7976931348623156E306, 1.7976931348623156E306, 0.0, 1.7976931348623156E306, 1.7976931348623156E306, 1.7976931348623156E306, 1.7976931348623156E306, 1.7976931348623156E306]
1275	MoeSQLmosa	5	1	[1.7976931348623156E306, 1.7976931348623156E306, 1.7976931348623156E306, 1.7976931348623156E306, 0.0, 1.7976931348623156E306, 1.7976931348623156E306, 1.7976931348623156E306]
1275	MoeSQLmosa	6	1	[1.7976931348623156E306, 1.7976931348623156E306, 1.7976931348623156E306, 1.7976931348623156E306, 1.7976931348623156E306, 1.7976931348623156E306, 0.0, 1.7976931348623156E306]
1275	MOTGA	0	8	[0.0, 0.0, 0.0, 0.0, 0.0, 0.0, 0.0, 0.0]
1276	MoeSQLmosa	0	1	[23.333333333333336, 24.333333333333336, 24.333333333333336, 0.0, 1.0, 24.333333333333336, 24.333333333333336, 47.67610673201543]
1276	MoeSQLmosa	1	1	[24.34277339868209, 0.0, 1.0, 25.34277339868209, 25.34277339868209, 25.34277339868209, 25.34277339868209, 46.955527311436]
1276	MoeSQLmosa	2	1	[27.949375332270073, 28.949375332270073, 28.949375332270073, 28.949375332270073, 28.949375332270073, 0.0, 1.0, 47.1779467608415]
1276	MoeSQLmosa	3	1	[1.7976931348623156E306, 1.7976931348623156E306, 0.0, 1.7976931348623156E306, 1.7976931348623156E306, 1.7976931348623156E306, 1.7976931348623156E306, 1.7976931348623156E306]
1276	MoeSQLmosa	4	1	[0.0, 1.0, 1.0, 1.0, 1.0, 1.0, 1.0, 9.806926406926406]
1276	MoeSQLmosa	5	1	[1.7976931348623156E306, 1.7976931348623156E306, 1.7976931348623156E306, 1.7976931348623156E306, 1.7976931348623156E306, 1.7976931348623156E306, 0.0, 1.7976931348623156E306]
1276	MoeSQLmosa	6	1	[1.0, 2.0, 2.0, 2.0, 2.0, 2.0, 2.0, 0.0]
1276	MoeSQLmosa	7	1	[1.7976931348623156E306, 1.7976931348623156E306, 1.7976931348623156E306, 1.7976931348623156E306, 0.0, 1.7976931348623156E306, 1.7976931348623156E306, 1.7976931348623156E306]
1276	MOTGA	0	8	[0.0, 0.0, 0.0, 0.0, 0.0, 0.0, 0.0, 0.0]
1277	MoeSQLmosa	0	2	[1.7976931348623156E306, 1.7976931348623156E306, 1.7976931348623156E306, 0.0, 1.0, 1.7976931348623156E306, 0.0, 1.7976931348623156E306, 1.7976931348623156E306, 1.7976931348623156E306, 1.7976931348623156E306, 1.7976931348623156E306]
1277	MoeSQLmosa	1	2	[21.686159414972973, 22.686159414972973, 22.686159414972973, 0.0, 1.0, 0.0, 1.7976931348623156E306, 1.7976931348623156E306, 1.7976931348623156E306, 1.7976931348623156E306, 1.7976931348623156E306, 1.7976931348623156E306]
1277	MoeSQLmosa	2	2	[1.7976931348623156E306, 1.7976931348623156E306, 1.7976931348623156E306, 0.0, 1.0, 1.7976931348623156E306, 1.7976931348623156E306, 1.7976931348623156E306, 0.0, 1.7976931348623156E306, 1.7976931348623156E306, 1.7976931348623156E306]
1277	MoeSQLmosa	3	2	[1.7976931348623156E306, 1.7976931348623156E306, 1.7976931348623156E306, 0.0, 1.0, 1.7976931348623156E306, 1.7976931348623156E306, 1.7976931348623156E306, 1.7976931348623156E306, 1.7976931348623156E306, 0.0, 1.7976931348623156E306]
1277	MoeSQLmosa	4	2	[1.7976931348623156E306, 1.7976931348623156E306, 1.7976931348623156E306, 0.0, 0.0, 1.7976931348623156E306, 0.0, 1.7976931348623156E306, 1.7976931348623156E306, 1.7976931348623156E306, 1.7976931348623156E306, 1.7976931348623156E306]
1277	MoeSQLmosa	5	2	[1.7976931348623156E306, 1.7976931348623156E306, 1.7976931348623156E306, 0.0, 1.0, 1.7976931348623156E306, 1.7976931348623156E306, 0.0, 1.7976931348623156E306, 1.7976931348623156E306, 1.7976931348623156E306, 1.7976931348623156E306]
1277	MoeSQLmosa	6	2	[0.6666666666666666, 0.0, 1.0, 1.6666666666666665, 1.6666666666666665, 0.6666666666666666, 1.7976931348623156E306, 1.7976931348623156E306, 1.7976931348623156E306, 1.7976931348623156E306, 1.7976931348623156E306, 1.7976931348623156E306]
1277	MoeSQLmosa	7	2	[33.48574421230592, 34.48574421230592, 34.48574421230592, 0.0, 1.0, 0.0, 1.7976931348623156E306, 1.7976931348623156E306, 1.7976931348623156E306, 0.0, 1.7976931348623156E306, 1.7976931348623156E306]
1277	MoeSQLmosa	8	2	[7.845419103313841, 8.84541910331384, 8.84541910331384, 0.0, 1.0, 0.0, 1.7976931348623156E306, 1.7976931348623156E306, 1.7976931348623156E306, 1.7976931348623156E306, 1.7976931348623156E306, 0.0]
1277	MoeSQLmosa	9	2	[0.0, 1.0, 1.0, 1.0, 1.0, 0.0, 1.7976931348623156E306, 1.7976931348623156E306, 1.7976931348623156E306, 1.7976931348623156E306, 1.7976931348623156E306, 1.7976931348623156E306]
1277	MoeSQLmosa	10	2	[1.7976931348623156E306, 1.7976931348623156E306, 0.0, 1.7976931348623156E306, 1.7976931348623156E306, 1.7976931348623156E306, 3.595386269724631E306, 3.595386269724631E306, 3.595386269724631E306, 3.595386269724631E306, 3.595386269724631E306, 3.595386269724631E306]
1277	MOTGA	0	10	[0.0, 0.0, 0.0, 0.0, 0.0, 0.0, 0.0, 0.0, 0.0, 0.0, 0.0, 0.0]
1278	MoeSQLmosa	0	1	[1.0, 0.0, 1.0, 0.0, 1.0, 1.0]
1278	MoeSQLmosa	1	1	[0.0, 1.0, 2.0, 1.0, 2.0, 2.0]
1278	MoeSQLmosa	2	2	[44.19766233766234, 43.19766233766234, 44.19766233766234, 43.19766233766234, 0.0, 0.0]
1278	MoeSQLmosa	3	1	[2.0, 1.0, 0.0, 1.0, 2.0, 2.0]
1278	MOTGA	0	5	[0.0, 0.0, 0.0, 0.0, 0.0, 0.0]
1279	MoeSQLmosa	0	1	[12.372582972582974, 0.0, 1.0, 13.372582972582974, 13.372582972582974]
1279	MoeSQLmosa	1	1	[0.0, 1.0, 1.0, 1.0, 1.0]
1279	MoeSQLmosa	2	1	[12.372582972582974, 13.372582972582974, 13.372582972582974, 0.0, 1.0]
1279	MoeSQLmosa	3	1	[1.7976931348623156E306, 1.7976931348623156E306, 1.7976931348623156E306, 1.7976931348623156E306, 0.0]
1279	MoeSQLmosa	4	1	[1.7976931348623156E306, 1.7976931348623156E306, 0.0, 1.7976931348623156E306, 1.7976931348623156E306]
1279	MOTGA	0	5	[0.0, 0.0, 0.0, 0.0, 0.0]
1280	MoeSQLmosa	0	1	[15.729732721398419, 16.72973272139842, 16.72973272139842, 16.72973272139842, 16.72973272139842, 0.0, 1.0, 35.896063799284114]
1280	MoeSQLmosa	1	1	[0.0, 1.0, 1.0, 1.0, 1.0, 1.0, 1.0, 20.166331077885697]
1280	MoeSQLmosa	2	1	[1.7976931348623156E306, 1.7976931348623156E306, 1.7976931348623156E306, 1.7976931348623156E306, 0.0, 1.7976931348623156E306, 1.7976931348623156E306, 1.7976931348623156E306]
1280	MoeSQLmosa	3	1	[10.099137661444162, 11.099137661444162, 11.099137661444162, 0.0, 1.0, 11.099137661444162, 11.099137661444162, 22.687470994777495]
1280	MoeSQLmosa	4	1	[33.12105672105672, 0.0, 1.0, 34.12105672105672, 34.12105672105672, 34.12105672105672, 34.12105672105672, 43.22019438250088]
1280	MoeSQLmosa	5	1	[1.0, 2.0, 2.0, 2.0, 2.0, 2.0, 2.0, 0.0]
1280	MoeSQLmosa	6	1	[1.7976931348623156E306, 1.7976931348623156E306, 0.0, 1.7976931348623156E306, 1.7976931348623156E306, 1.7976931348623156E306, 1.7976931348623156E306, 1.7976931348623156E306]
1280	MoeSQLmosa	7	1	[1.7976931348623156E306, 1.7976931348623156E306, 1.7976931348623156E306, 1.7976931348623156E306, 1.7976931348623156E306, 1.7976931348623156E306, 0.0, 1.7976931348623156E306]
1280	MOTGA	0	8	[0.0, 0.0, 0.0, 0.0, 0.0, 0.0, 0.0, 0.0]
1281	MoeSQLmosa	0	2	[1.7976931348623156E306, 1.7976931348623156E306, 1.7976931348623156E306, 1.7976931348623156E306, 1.7976931348623156E306, 1.7976931348623156E306, 0.0, 1.0, 0.0]
1281	MoeSQLmosa	1	2	[29.138160336345745, 0.0, 1.0, 30.138160336345745, 29.138160336345745, 30.138160336345745, 2.0, 29.138160336345745, 30.138160336345745]
1281	MoeSQLmosa	2	2	[0.0, 1.0, 1.0, 1.0, 0.0, 1.0, 2.0, 2.0, 1.0]
1281	MoeSQLmosa	3	2	[27.672149434900497, 28.672149434900497, 28.672149434900497, 28.672149434900497, 27.672149434900497, 28.672149434900497, 0.0, 0.0, 1.0]
1281	MoeSQLmosa	4	2	[1.0, 2.0, 2.0, 2.0, 1.0, 0.0, 3.0, 2.0, 1.0]
1281	MoeSQLmosa	5	2	[1.0, 2.0, 2.0, 0.0, 1.0, 2.0, 3.0, 2.0, 1.0]
1281	MoeSQLmosa	6	2	[1.7976931348623156E306, 1.7976931348623156E306, 0.0, 1.7976931348623156E306, 1.7976931348623156E306, 1.7976931348623156E306, 2.0, 1.7976931348623156E306, 1.7976931348623156E306]
1281	MOTGA	0	7	[0.0, 0.0, 0.0, 0.0, 0.0, 0.0, 0.0, 2.0, 1.7976931348623156E306]
1283	MoeSQLmosa	0	2	[0.0, 0.0, 1.0]
1283	MoeSQLmosa	1	1	[1.7976931348623156E306, 1.7976931348623156E306, 0.0]
1283	MOTGA	0	3	[0.0, 0.0, 0.0]
1284	MoeSQLmosa	0	2	[0.0, 0.0]
1284	MOTGA	0	2	[0.0, 0.0]
1286	MoeSQLmosa	0	2	[0.0, 0.0]
1286	MOTGA	0	2	[0.0, 0.0]
1287	MoeSQLmosa	0	1	[1.7976931348623156E306, 1.7976931348623156E306, 1.7976931348623156E306, 1.7976931348623156E306, 1.7976931348623156E306, 1.7976931348623156E306, 1.7976931348623156E306, 1.7976931348623156E306, 0.0, 1.7976931348623156E306, 1.7976931348623156E306, 1.7976931348623156E306]
1287	MoeSQLmosa	1	1	[38.689853719265486, 37.689853719265486, 38.689853719265486, 539.6898537192654, 538.6898537192654, 537.6898537192654, 37.689853719265486, 0.0, 1.0, 38.689853719265486, 37.689853719265486, 38.689853719265486]
1287	MoeSQLmosa	2	1	[2.0, 1.0, 2.0, 2.0, 1.0, 2.0, 0.0, 1.0, 1.0, 1.0, 0.0, 1.0]
1287	MoeSQLmosa	3	1	[1.7976931348623156E306, 1.7976931348623156E306, 0.0, 1.7976931348623156E306, 1.7976931348623156E306, 1.7976931348623156E306, 1.7976931348623156E306, 1.7976931348623156E306, 1.7976931348623156E306, 1.7976931348623156E306, 1.7976931348623156E306, 1.7976931348623156E306]
1287	MoeSQLmosa	4	1	[0.0, 29.600997197247196, 1.0, 352.0, 353.0, 354.0, 29.600997197247196, 30.600997197247196, 30.600997197247196, 30.600997197247196, 29.600997197247196, 30.600997197247196]
1287	MoeSQLmosa	5	1	[1.0, 13.15595238095238, 2.0, 1.0, 0.0, 1.0, 0.0, 1.0, 1.0, 1.0, 0.0, 1.0]
1287	MoeSQLmosa	6	1	[1.0, 0.0, 1.0, 792.0, 793.0, 794.0, 0.0, 1.0, 1.0, 1.0, 0.0, 1.0]
1287	MoeSQLmosa	7	1	[0.0, 38.075816780119105, 1.0, 2.0, 1.0, 0.0, 1.0, 2.0, 2.0, 2.0, 1.0, 2.0]
1287	MoeSQLmosa	8	1	[2.0, 1.0, 2.0, 671.0, 670.0, 669.0, 1.0, 2.0, 2.0, 2.0, 1.0, 0.0]
1287	MoeSQLmosa	9	1	[3.0, 2.0, 3.0, 3.0, 2.0, 3.0, 1.0, 2.0, 2.0, 0.0, 1.0, 2.0]
1287	MoeSQLmosa	10	1	[0.0, 12.15595238095238, 1.0, 0.0, 1.0, 2.0, 1.0, 2.0, 2.0, 2.0, 1.0, 2.0]
1287	MOTGA	0	9	[0.0, 0.0, 0.0, 0.0, 0.0, 0.0, 0.0, 0.0, 0.0, 0.0, 0.0, 0.0]
1289	MoeSQLmosa	0	1	[0.0, 1.0, 2.0]
1289	MoeSQLmosa	1	1	[2.0, 1.0, 0.0]
1289	MoeSQLmosa	2	1	[1.0, 0.0, 1.0]
1289	MOTGA	0	3	[0.0, 0.0, 0.0]
1290	MoeSQLmosa	0	2	[0.0, 0.0]
1290	MOTGA	0	2	[0.0, 0.0]
1291	MoeSQLmosa	0	2	[0.0, 0.0]
1291	MOTGA	0	2	[0.0, 0.0]
1292	MoeSQLmosa	0	3	[0.0]
1292	MOTGA	0	3	[0.0]
1293	MoeSQLmosa	0	1	[2.0, 3.0, 3.0, 0.0, 1.0, 5.0, 4.0, 3.0, 3.0, 3.0, 19.63888888888889]
1293	MoeSQLmosa	1	1	[1.7976931348623156E306, 1.7976931348623156E306, 1.7976931348623156E306, 1.7976931348623156E306, 0.0, 1.7976931348623156E306, 1.7976931348623156E306, 1.7976931348623156E306, 1.7976931348623156E306, 1.7976931348623156E306, 1.7976931348623156E306]
1293	MoeSQLmosa	2	1	[0.0, 1.0, 1.0, 1.0, 1.0, 3.0, 2.0, 1.0, 1.0, 1.0, 15.0]
1293	MoeSQLmosa	3	1	[0.0, 1.0, 1.0, 1.0, 1.0, 0.0, 1.0, 2.0, 1.0, 1.0, 15.0]
1293	MoeSQLmosa	4	1	[1.0, 2.0, 2.0, 2.0, 2.0, 1.0, 0.0, 1.0, 2.0, 2.0, 16.0]
1293	MoeSQLmosa	5	1	[0.0, 1.0, 1.0, 1.0, 1.0, 2.0, 1.0, 0.0, 1.0, 1.0, 15.0]
1293	MoeSQLmosa	6	1	[15.0, 16.0, 16.0, 16.0, 16.0, 18.0, 17.0, 16.0, 0.0, 1.0, 30.0]
1293	MoeSQLmosa	7	1	[1.0, 0.0, 1.0, 2.0, 2.0, 1.0, 2.0, 3.0, 2.0, 2.0, 16.0]
1293	MoeSQLmosa	8	1	[1.0, 2.0, 2.0, 2.0, 2.0, 4.0, 3.0, 2.0, 2.0, 2.0, 0.0]
1293	MoeSQLmosa	9	1	[1.7976931348623156E306, 1.7976931348623156E306, 0.0, 1.7976931348623156E306, 1.7976931348623156E306, 1.7976931348623156E306, 1.7976931348623156E306, 1.7976931348623156E306, 1.7976931348623156E306, 1.7976931348623156E306, 1.7976931348623156E306]
1293	MoeSQLmosa	10	1	[1.7976931348623156E306, 1.7976931348623156E306, 1.7976931348623156E306, 1.7976931348623156E306, 1.7976931348623156E306, 1.7976931348623156E306, 1.7976931348623156E306, 1.7976931348623156E306, 1.7976931348623156E306, 0.0, 1.7976931348623156E306]
1293	MOTGA	0	10	[0.0, 0.0, 0.0, 0.0, 0.0, 0.0, 0.0, 0.0, 0.0, 0.0, 0.0]
1296	MoeSQLmosa	0	1	[18.670629286197236, 0.0, 1.0, 19.670629286197236, 19.670629286197236, 19.670629286197236, 19.670629286197236, 32.56393859567689]
1296	MoeSQLmosa	1	1	[9.815667190842506, 10.815667190842506, 10.815667190842506, 0.0, 1.0, 10.815667190842506, 10.815667190842506, 19.490425675517034]
1296	MoeSQLmosa	2	1	[41.28382428240113, 42.28382428240113, 42.28382428240113, 42.28382428240113, 42.28382428240113, 0.0, 1.0, 58.80961793319478]
1296	MoeSQLmosa	3	1	[1.7976931348623156E306, 1.7976931348623156E306, 1.7976931348623156E306, 1.7976931348623156E306, 0.0, 1.7976931348623156E306, 1.7976931348623156E306, 1.7976931348623156E306]
1296	MoeSQLmosa	4	1	[1.7976931348623156E306, 1.7976931348623156E306, 0.0, 1.7976931348623156E306, 1.7976931348623156E306, 1.7976931348623156E306, 1.7976931348623156E306, 1.7976931348623156E306]
1296	MoeSQLmosa	5	1	[0.0, 1.0, 1.0, 1.0, 1.0, 1.0, 1.0, 9.815667190842506]
1296	MoeSQLmosa	6	1	[1.7976931348623156E306, 1.7976931348623156E306, 1.7976931348623156E306, 1.7976931348623156E306, 1.7976931348623156E306, 1.7976931348623156E306, 0.0, 1.7976931348623156E306]
1296	MoeSQLmosa	7	1	[1.0, 2.0, 2.0, 2.0, 2.0, 2.0, 2.0, 0.0]
1296	MOTGA	0	8	[0.0, 0.0, 0.0, 0.0, 0.0, 0.0, 0.0, 0.0]
1297	MoeSQLmosa	0	3	[0.0]
1297	MOTGA	0	3	[0.0]
1298	MoeSQLmosa	0	3	[0.0]
1298	MOTGA	0	3	[0.0]
1299	MoeSQLmosa	0	2	[22.451845274769592, 23.451845274769592, 23.451845274769592, 78.4518452747696, 23.451845274769592, 0.0, 1.0, 23.451845274769592, 23.451845274769592, 23.451845274769592, 22.451845274769592, 23.451845274769592, 23.451845274769592, 1.7976931348623156E306, 22.451845274769592, 1.7976931348623156E306, 3.0, 3.0]
1299	MoeSQLmosa	1	2	[1.7976931348623156E306, 1.7976931348623156E306, 1.7976931348623156E306, 1.7976931348623156E306, 1.7976931348623156E306, 1.7976931348623156E306, 1.7976931348623156E306, 1.7976931348623156E306, 1.7976931348623156E306, 1.7976931348623156E306, 1.7976931348623156E306, 1.7976931348623156E306, 0.0, 0.0, 1.7976931348623156E306, 1.7976931348623156E306, 3.0, 3.0]
1299	MoeSQLmosa	2	2	[3.595386269724631E306, 3.595386269724631E306, 3.595386269724631E306, 3.595386269724631E306, 3.595386269724631E306, 3.595386269724631E306, 1.7976931348623156E306, 3.595386269724631E306, 3.595386269724631E306, 3.595386269724631E306, 3.595386269724631E306, 3.595386269724631E306, 1.7976931348623156E306, 1.7976931348623156E306, 3.595386269724631E306, 3.595386269724631E306, 3.0, 3.0]
1299	MoeSQLmosa	3	2	[0.0, 1.0, 1.0, 51.0, 1.0, 1.0, 1.0, 1.0, 1.0, 1.0, 0.0, 1.0, 1.0, 1.7976931348623156E306, 0.0, 1.7976931348623156E306, 2.0, 2.0]
1299	MoeSQLmosa	4	2	[1.7976931348623156E306, 1.7976931348623156E306, 1.7976931348623156E306, 1.7976931348623156E306, 0.0, 1.7976931348623156E306, 1.7976931348623156E306, 1.7976931348623156E306, 1.7976931348623156E306, 1.7976931348623156E306, 1.7976931348623156E306, 1.7976931348623156E306, 1.7976931348623156E306, 3.595386269724631E306, 1.7976931348623156E306, 3.595386269724631E306, 3.0, 3.0]
1299	MoeSQLmosa	5	2	[13.875152625152626, 14.875152625152626, 14.875152625152626, 48.87515262515262, 14.875152625152626, 14.875152625152626, 14.875152625152626, 0.0, 1.0, 14.875152625152626, 13.875152625152626, 14.875152625152626, 14.875152625152626, 1.7976931348623156E306, 13.875152625152626, 1.7976931348623156E306, 3.0, 3.0]
1299	MoeSQLmosa	6	2	[29.34523809523809, 0.0, 1.0, 80.34523809523809, 30.34523809523809, 30.34523809523809, 30.34523809523809, 30.34523809523809, 30.34523809523809, 30.34523809523809, 29.34523809523809, 30.34523809523809, 30.34523809523809, 1.7976931348623156E306, 29.34523809523809, 1.7976931348623156E306, 3.0, 3.0]
1299	MoeSQLmosa	7	2	[1.0, 2.0, 2.0, 39.0, 2.0, 2.0, 2.0, 2.0, 2.0, 0.0, 1.0, 2.0, 2.0, 1.7976931348623156E306, 1.0, 1.7976931348623156E306, 3.0, 3.0]
1299	MoeSQLmosa	8	2	[1.7976931348623156E306, 1.7976931348623156E306, 1.7976931348623156E306, 1.7976931348623156E306, 1.7976931348623156E306, 1.7976931348623156E306, 1.7976931348623156E306, 1.7976931348623156E306, 0.0, 1.7976931348623156E306, 1.7976931348623156E306, 1.7976931348623156E306, 1.7976931348623156E306, 3.595386269724631E306, 1.7976931348623156E306, 3.595386269724631E306, 3.0, 3.0]
1299	MoeSQLmosa	9	2	[1.0, 2.0, 2.0, 52.0, 2.0, 2.0, 2.0, 2.0, 2.0, 2.0, 1.0, 0.0, 2.0, 1.7976931348623156E306, 1.0, 1.7976931348623156E306, 3.0, 3.0]
1299	MoeSQLmosa	10	2	[17.0, 18.0, 18.0, 0.0, 1.0, 18.0, 18.0, 18.0, 18.0, 18.0, 17.0, 18.0, 18.0, 1.7976931348623156E306, 17.0, 1.7976931348623156E306, 3.0, 3.0]
1299	MoeSQLmosa	11	2	[1.7976931348623156E306, 1.7976931348623156E306, 0.0, 1.7976931348623156E306, 1.7976931348623156E306, 1.7976931348623156E306, 1.7976931348623156E306, 1.7976931348623156E306, 1.7976931348623156E306, 1.7976931348623156E306, 1.7976931348623156E306, 1.7976931348623156E306, 1.7976931348623156E306, 3.595386269724631E306, 1.7976931348623156E306, 3.595386269724631E306, 3.0, 3.0]
1299	MoeSQLmosa	12	2	[1.7976931348623156E306, 1.7976931348623156E306, 1.7976931348623156E306, 1.7976931348623156E306, 1.7976931348623156E306, 1.7976931348623156E306, 0.0, 1.7976931348623156E306, 1.7976931348623156E306, 1.7976931348623156E306, 1.7976931348623156E306, 1.7976931348623156E306, 1.7976931348623156E306, 3.595386269724631E306, 1.7976931348623156E306, 3.595386269724631E306, 3.0, 3.0]
1299	MOTGA	0	24	[0.0, 0.0, 0.0, 0.0, 0.0, 0.0, 0.0, 0.0, 0.0, 0.0, 0.0, 0.0, 0.0, 0.0, 0.0, 1.7976931348623156E306, 2.0, 2.0]
1300	MoeSQLmosa	0	1	[7.7372234935163995, 8.7372234935164, 8.7372234935164, 8.7372234935164, 8.7372234935164, 0.0, 1.0]
1300	MoeSQLmosa	1	1	[36.0, 0.0, 1.0, 37.0, 37.0, 37.0, 37.0]
1300	MoeSQLmosa	2	1	[9.278743961352657, 10.278743961352657, 10.278743961352657, 0.0, 1.0, 10.278743961352657, 10.278743961352657]
1300	MoeSQLmosa	3	1	[0.0, 1.0, 1.0, 1.0, 1.0, 1.0, 1.0]
1300	MoeSQLmosa	4	1	[1.7976931348623156E306, 1.7976931348623156E306, 0.0, 1.7976931348623156E306, 1.7976931348623156E306, 1.7976931348623156E306, 1.7976931348623156E306]
1300	MoeSQLmosa	5	1	[1.7976931348623156E306, 1.7976931348623156E306, 1.7976931348623156E306, 1.7976931348623156E306, 0.0, 1.7976931348623156E306, 1.7976931348623156E306]
1300	MoeSQLmosa	6	1	[1.7976931348623156E306, 1.7976931348623156E306, 1.7976931348623156E306, 1.7976931348623156E306, 1.7976931348623156E306, 1.7976931348623156E306, 0.0]
1300	MOTGA	0	7	[0.0, 0.0, 0.0, 0.0, 0.0, 0.0, 0.0]
1302	MoeSQLmosa	0	1	[1.0, 0.0, 1.0]
1302	MoeSQLmosa	1	2	[0.0, 17.99178321678322, 0.0]
1302	MOTGA	0	3	[0.0, 0.0, 0.0]
1303	MoeSQLmosa	0	1	[2.0, 1.0, 0.0, 2.0, 1.0, 2.0]
1303	MoeSQLmosa	1	1	[2.0, 1.0, 2.0, 0.0, 1.0, 2.0]
1303	MoeSQLmosa	2	1	[1.0, 0.0, 1.0, 1.0, 0.0, 1.0]
1303	MoeSQLmosa	3	1	[0.0, 1.0, 2.0, 2.0, 1.0, 2.0]
1303	MoeSQLmosa	4	1	[2.0, 1.0, 2.0, 2.0, 1.0, 0.0]
1303	MOTGA	0	5	[0.0, 0.0, 0.0, 0.0, 0.0, 0.0]
1304	MoeSQLmosa	0	2	[0.0, 0.0]
1304	MOTGA	0	2	[0.0, 0.0]
1305	MoeSQLmosa	0	1	[13.266666666666666, 14.266666666666666, 14.266666666666666, 0.0, 1.0]
1305	MoeSQLmosa	1	1	[28.92623892374719, 0.0, 1.0, 29.92623892374719, 29.92623892374719]
1305	MoeSQLmosa	2	1	[0.0, 1.0, 1.0, 1.0, 1.0]
1305	MoeSQLmosa	3	1	[1.7976931348623156E306, 1.7976931348623156E306, 0.0, 1.7976931348623156E306, 1.7976931348623156E306]
1305	MoeSQLmosa	4	1	[1.7976931348623156E306, 1.7976931348623156E306, 1.7976931348623156E306, 1.7976931348623156E306, 0.0]
1305	MOTGA	0	5	[0.0, 0.0, 0.0, 0.0, 0.0]
1306	MoeSQLmosa	0	1	[0.0, 43.17895878109198]
1306	MoeSQLmosa	1	1	[1.0, 0.0]
1306	MOTGA	0	2	[0.0, 0.0]
1308	MoeSQLmosa	0	1	[1.0, 0.0, 1.0]
1308	MoeSQLmosa	1	1	[0.0, 38.14920634920635, 1.0]
1308	MoeSQLmosa	2	1	[1.7976931348623156E306, 1.7976931348623156E306, 0.0]
1308	MOTGA	0	3	[0.0, 0.0, 0.0]
1310	MoeSQLmosa	0	2	[0.0, 0.0, 2.0]
1310	MoeSQLmosa	1	3	[1.0, 0.0, 0.0]
1310	MOTGA	0	5	[0.0, 0.0, 0.0]
1311	MoeSQLmosa	0	1	[24.812056737588655, 0.0, 1.0, 49.62411347517731]
1311	MoeSQLmosa	1	1	[1.0, 2.0, 2.0, 0.0]
1311	MoeSQLmosa	2	1	[0.0, 1.0, 1.0, 24.812056737588655]
1311	MoeSQLmosa	3	1	[1.7976931348623156E306, 1.7976931348623156E306, 0.0, 1.7976931348623156E306]
1311	MOTGA	0	4	[0.0, 0.0, 0.0, 0.0]
1312	MoeSQLmosa	0	1	[0.0, 27.112681878306876]
1312	MoeSQLmosa	1	1	[1.0, 0.0]
1312	MOTGA	0	2	[0.0, 0.0]
1313	MoeSQLmosa	0	2	[0.0, 0.0]
1313	MOTGA	0	2	[0.0, 0.0]
1314	MoeSQLmosa	0	1	[15.913697237216972, 16.913697237216972, 16.913697237216972, 0.0, 1.0, 16.913697237216972, 16.913697237216972, 25.239608419793385]
1314	MoeSQLmosa	1	1	[21.671257309941524, 22.671257309941524, 22.671257309941524, 22.671257309941524, 22.671257309941524, 0.0, 1.0, 28.65228885299353]
1314	MoeSQLmosa	2	1	[7.852886119257088, 0.0, 1.0, 8.852886119257088, 8.852886119257088, 8.852886119257088, 8.852886119257088, 26.532151947514848]
1314	MoeSQLmosa	3	1	[0.0, 1.0, 1.0, 1.0, 1.0, 1.0, 1.0, 17.724731219073327]
1314	MoeSQLmosa	4	1	[1.7976931348623156E306, 1.7976931348623156E306, 0.0, 1.7976931348623156E306, 1.7976931348623156E306, 1.7976931348623156E306, 1.7976931348623156E306, 1.7976931348623156E306]
1314	MoeSQLmosa	5	1	[1.7976931348623156E306, 1.7976931348623156E306, 1.7976931348623156E306, 1.7976931348623156E306, 0.0, 1.7976931348623156E306, 1.7976931348623156E306, 1.7976931348623156E306]
1314	MoeSQLmosa	6	1	[1.7976931348623156E306, 1.7976931348623156E306, 1.7976931348623156E306, 1.7976931348623156E306, 1.7976931348623156E306, 1.7976931348623156E306, 0.0, 1.7976931348623156E306]
1314	MoeSQLmosa	7	1	[1.0, 2.0, 2.0, 2.0, 2.0, 2.0, 2.0, 0.0]
1314	MOTGA	0	8	[0.0, 0.0, 0.0, 0.0, 0.0, 0.0, 0.0, 0.0]
1315	MoeSQLmosa	0	2	[0.0, 0.0]
1315	MOTGA	0	2	[0.0, 0.0]
1316	MoeSQLmosa	0	1	[0.0, 1.0, 1.0, 1.0, 1.0, 1.0, 1.0]
1316	MoeSQLmosa	1	1	[16.0, 17.0, 17.0, 0.0, 1.0, 17.0, 17.0]
1316	MoeSQLmosa	2	1	[27.81818181818182, 0.0, 1.0, 28.81818181818182, 28.81818181818182, 28.81818181818182, 28.81818181818182]
1316	MoeSQLmosa	3	1	[18.338945767307838, 19.338945767307838, 19.338945767307838, 19.338945767307838, 19.338945767307838, 0.0, 1.0]
1316	MoeSQLmosa	4	1	[1.7976931348623156E306, 1.7976931348623156E306, 0.0, 1.7976931348623156E306, 1.7976931348623156E306, 1.7976931348623156E306, 1.7976931348623156E306]
1316	MoeSQLmosa	5	1	[1.7976931348623156E306, 1.7976931348623156E306, 1.7976931348623156E306, 1.7976931348623156E306, 0.0, 1.7976931348623156E306, 1.7976931348623156E306]
1316	MoeSQLmosa	6	1	[1.7976931348623156E306, 1.7976931348623156E306, 1.7976931348623156E306, 1.7976931348623156E306, 1.7976931348623156E306, 1.7976931348623156E306, 0.0]
1316	MOTGA	0	7	[0.0, 0.0, 0.0, 0.0, 0.0, 0.0, 0.0]
1317	MoeSQLmosa	0	1	[1.0, 0.0, 1.0]
1317	MoeSQLmosa	1	1	[2.0, 1.0, 0.0]
1317	MoeSQLmosa	2	1	[0.0, 1.0, 2.0]
1317	MOTGA	0	3	[0.0, 0.0, 0.0]
1318	MoeSQLmosa	0	1	[28.523778495531925, 29.523778495531925, 29.523778495531925, 0.0, 1.0, 29.523778495531925, 28.523778495531925, 29.523778495531925, 29.523778495531925, 29.523778495531925, 28.523778495531925]
1318	MoeSQLmosa	1	1	[1.0, 2.0, 2.0, 2.0, 2.0, 2.0, 1.0, 2.0, 0.0, 1.0, 31.0]
1318	MoeSQLmosa	2	1	[0.0, 1.0, 1.0, 1.0, 1.0, 1.0, 0.0, 1.0, 1.7976931348623156E306, 0.0, 1.7976931348623156E306]
1318	MoeSQLmosa	3	1	[19.416666666666664, 0.0, 1.0, 20.416666666666664, 20.416666666666664, 20.416666666666664, 19.416666666666664, 20.416666666666664, 1.7976931348623156E306, 19.416666666666664, 1.7976931348623156E306]
1318	MoeSQLmosa	4	1	[1.7976931348623156E306, 1.7976931348623156E306, 1.7976931348623156E306, 1.7976931348623156E306, 0.0, 1.7976931348623156E306, 1.7976931348623156E306, 1.7976931348623156E306, 1.7976931348623156E306, 1.7976931348623156E306, 1.7976931348623156E306]
1318	MoeSQLmosa	5	1	[1.0, 2.0, 2.0, 2.0, 2.0, 2.0, 1.0, 0.0, 2.0, 2.0, 1.0]
1318	MoeSQLmosa	6	1	[0.0, 1.0, 1.0, 1.0, 1.0, 1.0, 0.0, 1.0, 1.0, 1.0, 0.0]
1318	MoeSQLmosa	7	1	[1.7976931348623156E306, 1.7976931348623156E306, 0.0, 1.7976931348623156E306, 1.7976931348623156E306, 1.7976931348623156E306, 1.7976931348623156E306, 1.7976931348623156E306, 3.595386269724631E306, 1.7976931348623156E306, 3.595386269724631E306]
1318	MoeSQLmosa	8	1	[1.0, 2.0, 2.0, 2.0, 2.0, 0.0, 1.0, 2.0, 2.0, 2.0, 1.0]
1318	MOTGA	0	9	[0.0, 0.0, 0.0, 0.0, 0.0, 0.0, 0.0, 0.0, 0.0, 0.0, 0.0]
1319	MoeSQLmosa	0	1	[0.0, 1.0, 1.0, 1.0, 1.0, 1.0, 1.0]
1319	MoeSQLmosa	1	1	[9.384014514896869, 10.384014514896869, 10.384014514896869, 10.384014514896869, 10.384014514896869, 0.0, 1.0]
1319	MoeSQLmosa	2	1	[29.800486597801175, 30.800486597801175, 30.800486597801175, 0.0, 1.0, 30.800486597801175, 30.800486597801175]
1319	MoeSQLmosa	3	1	[9.384014514896869, 0.0, 1.0, 10.384014514896869, 10.384014514896869, 10.384014514896869, 10.384014514896869]
1319	MoeSQLmosa	4	1	[1.7976931348623156E306, 1.7976931348623156E306, 0.0, 1.7976931348623156E306, 1.7976931348623156E306, 1.7976931348623156E306, 1.7976931348623156E306]
1319	MoeSQLmosa	5	1	[1.7976931348623156E306, 1.7976931348623156E306, 1.7976931348623156E306, 1.7976931348623156E306, 1.7976931348623156E306, 1.7976931348623156E306, 0.0]
1319	MoeSQLmosa	6	1	[1.7976931348623156E306, 1.7976931348623156E306, 1.7976931348623156E306, 1.7976931348623156E306, 0.0, 1.7976931348623156E306, 1.7976931348623156E306]
1319	MOTGA	0	7	[0.0, 0.0, 0.0, 0.0, 0.0, 0.0, 0.0]
1320	MoeSQLmosa	0	2	[0.0, 0.0]
1320	MOTGA	0	2	[0.0, 0.0]
1321	MoeSQLmosa	0	2	[1.7976931348623156E306, 1.7976931348623156E306, 1.7976931348623156E306, 3.595386269724631E306, 3.595386269724631E306, 1.7976931348623156E306, 1.7976931348623156E306, 1.7976931348623156E306, 3.595386269724631E306, 3.595386269724631E306, 1.7976931348623156E306, 3.595386269724631E306, 3.595386269724631E306, 3.595386269724631E306, 3.595386269724631E306, 1.7976931348623156E306, 0.0, 1.7976931348623156E306, 1.7976931348623156E306, 1.7976931348623156E306, 1.7976931348623156E306]
1321	MoeSQLmosa	1	2	[3.0, 4.0, 4.0, 4.0, 4.0, 4.0, 4.0, 0.0, 1.0, 4.0, 3.0, 4.0, 3.0, 4.0, 5.0, 4.0, 2.0, 3.0, 4.0, 3.0, 4.0]
1321	MoeSQLmosa	2	2	[1.0, 2.0, 2.0, 2.0, 2.0, 2.0, 2.0, 2.0, 2.0, 0.0, 1.0, 2.0, 1.0, 2.0, 3.0, 2.0, 3.0, 2.0, 1.0, 1.0, 2.0]
1321	MoeSQLmosa	3	2	[13.0, 14.0, 14.0, 14.0, 14.0, 14.0, 14.0, 14.0, 14.0, 14.0, 13.0, 14.0, 13.0, 14.0, 15.0, 0.0, 15.0, 13.0, 14.0, 0.0, 1.0]
1321	MoeSQLmosa	4	2	[0.0, 1.0, 1.0, 1.0, 1.0, 1.0, 1.0, 1.0, 1.0, 1.0, 0.0, 1.0, 0.0, 1.0, 2.0, 1.0, 2.0, 2.0, 1.0, 0.0, 1.0]
1321	MoeSQLmosa	5	2	[675.9176157078846, 676.9176157078846, 676.9176157078846, 676.9176157078846, 676.9176157078846, 676.9176157078846, 676.9176157078846, 676.9176157078846, 676.9176157078846, 676.9176157078846, 675.9176157078846, 674.9176157078846, 675.9176157078846, 676.9176157078846, 677.9176157078846, 676.9176157078846, 657.0, 0.0, 1.0, 675.9176157078846, 676.9176157078846]
1321	MoeSQLmosa	6	2	[1.0, 2.0, 2.0, 2.0, 2.0, 2.0, 2.0, 2.0, 2.0, 2.0, 1.0, 0.0, 1.0, 2.0, 3.0, 2.0, 3.0, 2.0, 1.0, 1.0, 2.0]
1321	MoeSQLmosa	7	2	[0.9, 0.0, 1.0, 1.9, 1.9, 1.9, 1.9, 1.9, 1.9, 1.9, 0.9, 1.9, 0.9, 1.9, 2.9, 1.9, 2.0, 0.9, 1.9, 0.9, 1.9]
1321	MoeSQLmosa	8	2	[1.7976931348623156E306, 1.7976931348623156E306, 1.7976931348623156E306, 1.7976931348623156E306, 1.7976931348623156E306, 1.7976931348623156E306, 1.7976931348623156E306, 1.7976931348623156E306, 0.0, 1.7976931348623156E306, 1.7976931348623156E306, 1.7976931348623156E306, 1.7976931348623156E306, 1.7976931348623156E306, 1.7976931348623156E306, 1.7976931348623156E306, 2.0, 1.7976931348623156E306, 1.7976931348623156E306, 1.7976931348623156E306, 1.7976931348623156E306]
1321	MoeSQLmosa	9	2	[11.337605042016808, 12.337605042016808, 12.337605042016808, 12.337605042016808, 12.337605042016808, 0.0, 1.0, 12.337605042016808, 12.337605042016808, 12.337605042016808, 11.337605042016808, 12.337605042016808, 11.337605042016808, 12.337605042016808, 13.337605042016808, 12.337605042016808, 2.0, 11.337605042016808, 12.337605042016808, 11.337605042016808, 12.337605042016808]
1321	MoeSQLmosa	10	2	[1.7976931348623156E306, 1.7976931348623156E306, 0.0, 1.7976931348623156E306, 1.7976931348623156E306, 1.7976931348623156E306, 1.7976931348623156E306, 1.7976931348623156E306, 1.7976931348623156E306, 1.7976931348623156E306, 1.7976931348623156E306, 1.7976931348623156E306, 1.7976931348623156E306, 1.7976931348623156E306, 1.7976931348623156E306, 1.7976931348623156E306, 2.0, 1.7976931348623156E306, 1.7976931348623156E306, 1.7976931348623156E306, 1.7976931348623156E306]
1321	MoeSQLmosa	11	2	[6.0, 7.0, 7.0, 0.0, 1.0, 7.0, 7.0, 7.0, 7.0, 7.0, 6.0, 7.0, 6.0, 7.0, 8.0, 7.0, 2.0, 6.0, 7.0, 6.0, 7.0]
1321	MoeSQLmosa	12	2	[1.0, 2.0, 2.0, 2.0, 2.0, 2.0, 2.0, 2.0, 2.0, 2.0, 1.0, 2.0, 1.0, 0.0, 1.0, 2.0, 2.0, 1.0, 2.0, 2.0, 1.0]
1321	MoeSQLmosa	13	2	[0.0, 1.0, 1.0, 1.0, 1.0, 1.0, 1.0, 1.0, 1.0, 1.0, 0.0, 1.0, 33.69229848521116, 34.69229848521116, 35.69229848521116, 1.0, 2.0, 2.0, 1.0, 1.0, 0.0]
1321	MoeSQLmosa	14	2	[1.7976931348623156E306, 1.7976931348623156E306, 1.7976931348623156E306, 1.7976931348623156E306, 0.0, 1.7976931348623156E306, 1.7976931348623156E306, 1.7976931348623156E306, 1.7976931348623156E306, 1.7976931348623156E306, 1.7976931348623156E306, 1.7976931348623156E306, 1.7976931348623156E306, 1.7976931348623156E306, 1.7976931348623156E306, 1.7976931348623156E306, 2.0, 1.7976931348623156E306, 1.7976931348623156E306, 1.7976931348623156E306, 1.7976931348623156E306]
1321	MoeSQLmosa	15	2	[1.7976931348623156E306, 1.7976931348623156E306, 1.7976931348623156E306, 1.7976931348623156E306, 1.7976931348623156E306, 1.7976931348623156E306, 1.7976931348623156E306, 1.7976931348623156E306, 1.7976931348623156E306, 1.7976931348623156E306, 1.7976931348623156E306, 1.7976931348623156E306, 1.7976931348623156E306, 1.7976931348623156E306, 1.7976931348623156E306, 1.7976931348623156E306, 0.0, 1.0, 0.0, 1.7976931348623156E306, 1.7976931348623156E306]
1321	MoeSQLmosa	16	2	[1.7976931348623156E306, 1.7976931348623156E306, 1.7976931348623156E306, 1.7976931348623156E306, 1.7976931348623156E306, 1.7976931348623156E306, 0.0, 1.7976931348623156E306, 1.7976931348623156E306, 1.7976931348623156E306, 1.7976931348623156E306, 1.7976931348623156E306, 1.7976931348623156E306, 1.7976931348623156E306, 1.7976931348623156E306, 1.7976931348623156E306, 2.0, 1.7976931348623156E306, 1.7976931348623156E306, 1.7976931348623156E306, 1.7976931348623156E306]
1321	MoeSQLmosa	17	2	[2.0, 3.0, 3.0, 3.0, 3.0, 3.0, 3.0, 3.0, 3.0, 3.0, 2.0, 3.0, 2.0, 1.0, 0.0, 3.0, 2.0, 2.0, 3.0, 3.0, 2.0]
1321	MOTGA	0	2	[1.7976931348623156E306, 1.7976931348623156E306, 1.7976931348623156E306, 1.7976931348623156E306, 1.7976931348623156E306, 1.7976931348623156E306, 1.7976931348623156E306, 1.7976931348623156E306, 1.7976931348623156E306, 1.7976931348623156E306, 1.7976931348623156E306, 1.7976931348623156E306, 1.7976931348623156E306, 1.7976931348623156E306, 1.7976931348623156E306, 1.7976931348623156E306, 0.0, 1.0, 0.0, 1.7976931348623156E306, 1.7976931348623156E306]
1321	MOTGA	1	2	[675.9176157078846, 676.9176157078846, 676.9176157078846, 676.9176157078846, 676.9176157078846, 676.9176157078846, 676.9176157078846, 676.9176157078846, 676.9176157078846, 676.9176157078846, 675.9176157078846, 674.9176157078846, 675.9176157078846, 676.9176157078846, 677.9176157078846, 676.9176157078846, 657.0, 0.0, 1.0, 675.9176157078846, 676.9176157078846]
1321	MOTGA	2	15	[0.0, 0.0, 0.0, 0.0, 0.0, 0.0, 0.0, 0.0, 0.0, 0.0, 0.0, 0.0, 0.0, 0.0, 0.0, 0.0, 2.0, 2.0, 1.7976931348623156E306, 0.0, 0.0]
1322	MoeSQLmosa	0	3	[0.0]
1322	MOTGA	0	3	[0.0]
1323	MoeSQLmosa	0	1	[1.0, 0.0, 1.0]
1323	MoeSQLmosa	1	1	[0.0, 22.300539057319963, 1.0]
1323	MoeSQLmosa	2	1	[1.7976931348623156E306, 1.7976931348623156E306, 0.0]
1323	MOTGA	0	3	[0.0, 0.0, 0.0]
1324	MoeSQLmosa	0	1	[0.0, 15.428743961352657, 1.0, 15.0, 1.0, 1.0, 3.0, 2.0, 1.0, 2.0, 1.0, 2.0, 2.0, 1.0, 2.0, 1.0, 2.0, 2.0, 2.0, 2.0, 2.0, 2.0, 2.0, 2.0, 2.0, 2.0, 1.0, 1.0, 2.0, 1.0, 2.0, 2.0, 1.0, 1.0, 2.0, 1.0, 2.0, 1.0, 2.0, 1.0, 2.0, 1.0, 2.0, 1.0, 2.0]
1324	MoeSQLmosa	1	1	[2.0, 8.823809523809524, 3.0, 17.0, 1.0, 1.0, 3.0, 2.0, 1.0, 2.0, 1.0, 2.0, 0.0, 1.0, 2.0, 1.0, 2.0, 2.0, 2.0, 2.0, 2.0, 2.0, 2.0, 2.0, 2.0, 2.0, 1.0, 1.0, 2.0, 1.0, 2.0, 2.0, 1.0, 1.0, 2.0, 1.0, 2.0, 2.0, 1.0, 1.0, 2.0, 1.0, 2.0, 1.0, 2.0]
1324	MoeSQLmosa	2	1	[9.341666666666665, 24.770410628019324, 10.341666666666665, 8.341666666666665, 10.341666666666665, 10.341666666666665, 10.341666666666665, 9.341666666666665, 8.341666666666665, 9.341666666666665, 8.341666666666665, 9.341666666666665, 9.341666666666665, 8.341666666666665, 9.341666666666665, 8.341666666666665, 9.341666666666665, 9.341666666666665, 9.341666666666665, 9.341666666666665, 9.341666666666665, 9.341666666666665, 9.341666666666665, 9.341666666666665, 0.0, 9.341666666666665, 10.341666666666665, 8.341666666666665, 9.341666666666665, 8.341666666666665, 9.341666666666665, 9.341666666666665, 8.341666666666665, 8.341666666666665, 9.341666666666665, 8.341666666666665, 9.341666666666665, 8.341666666666665, 9.341666666666665, 8.341666666666665, 9.341666666666665, 8.341666666666665, 9.341666666666665, 0.0, 1.0]
1324	MoeSQLmosa	3	1	[1.0, 7.823809523809524, 2.0, 16.0, 0.0, 0.0, 2.0, 1.0, 0.0, 1.0, 0.0, 1.0, 1.0, 0.0, 1.0, 0.0, 1.0, 1.0, 1.0, 1.0, 1.0, 1.0, 1.0, 1.0, 1.0, 1.0, 0.0, 0.0, 1.0, 0.0, 1.0, 1.0, 0.0, 0.0, 1.0, 0.0, 1.0, 1.0, 0.0, 0.0, 1.0, 0.0, 1.0, 0.0, 1.0]
1324	MoeSQLmosa	4	1	[1.0, 11.0, 2.0, 16.0, 0.0, 0.0, 2.0, 1.0, 0.0, 1.0, 0.0, 1.0, 1.0, 0.0, 1.0, 0.0, 1.0, 1.0, 1.0, 1.0, 1.0, 1.0, 1.0, 1.0, 1.0, 1.0, 0.0, 0.0, 1.0, 0.0, 1.0, 1.0, 0.0, 0.0, 1.0, 0.0, 1.0, 0.0, 1.0, 0.0, 1.0, 0.0, 1.0, 0.0, 1.0]
1324	MoeSQLmosa	5	1	[1.0, 7.823809523809524, 2.0, 14.08855176316383, 0.0, 0.0, 2.0, 1.0, 0.0, 1.0, 0.0, 1.0, 1.0, 0.0, 1.0, 0.0, 1.0, 1.0, 1.0, 1.0, 1.0, 1.0, 1.0, 1.0, 1.0, 0.0, 1.0, 0.0, 1.0, 0.0, 1.0, 1.0, 0.0, 0.0, 1.0, 0.0, 1.0, 1.0, 0.0, 0.0, 1.0, 0.0, 1.0, 0.0, 1.0]
1324	MoeSQLmosa	6	1	[17.0, 23.823809523809523, 18.0, 30.088551763163828, 16.0, 16.0, 18.0, 17.0, 16.0, 17.0, 16.0, 17.0, 17.0, 16.0, 17.0, 16.0, 17.0, 17.0, 17.0, 17.0, 17.0, 0.0, 17.0, 17.0, 17.0, 16.0, 17.0, 16.0, 17.0, 16.0, 17.0, 17.0, 16.0, 16.0, 17.0, 16.0, 17.0, 0.0, 1.0, 16.0, 17.0, 16.0, 17.0, 16.0, 17.0]
1324	MoeSQLmosa	7	1	[1.0, 7.823809523809524, 2.0, 16.0, 0.0, 0.0, 2.0, 1.0, 0.0, 1.0, 0.0, 1.0, 1.0, 0.0, 1.0, 0.0, 1.0, 1.0, 1.0, 1.0, 1.0, 1.0, 1.0, 1.0, 1.0, 1.0, 0.0, 0.0, 1.0, 0.0, 1.0, 1.0, 0.0, 0.0, 1.0, 0.0, 1.0, 1.0, 0.0, 0.0, 1.0, 0.0, 1.0, 1.0, 0.0]
1324	MoeSQLmosa	8	1	[2.0, 8.823809523809524, 3.0, 15.08855176316383, 1.0, 1.0, 3.0, 2.0, 1.0, 2.0, 1.0, 2.0, 2.0, 1.0, 0.0, 1.0, 2.0, 2.0, 2.0, 2.0, 2.0, 2.0, 2.0, 2.0, 2.0, 1.0, 2.0, 1.0, 2.0, 1.0, 2.0, 2.0, 1.0, 1.0, 2.0, 1.0, 2.0, 2.0, 1.0, 1.0, 2.0, 1.0, 2.0, 1.0, 2.0]
1324	MoeSQLmosa	9	1	[1.0, 16.42874396135266, 2.0, 0.0, 2.0, 2.0, 3.0, 2.0, 1.0, 1.0, 0.0, 1.0, 1.0, 0.0, 1.0, 0.0, 1.0, 1.0, 1.0, 1.0, 1.0, 1.0, 1.0, 1.0, 1.0, 1.0, 2.0, 0.0, 1.0, 0.0, 1.0, 1.0, 0.0, 0.0, 1.0, 0.0, 1.0, 0.0, 1.0, 0.0, 1.0, 0.0, 1.0, 0.0, 1.0]
1324	MoeSQLmosa	10	1	[13.957562308908896, 29.386306270261557, 14.957562308908896, 28.957562308908898, 12.957562308908896, 12.957562308908896, 14.957562308908896, 13.957562308908896, 12.957562308908896, 13.957562308908896, 12.957562308908896, 13.957562308908896, 13.957562308908896, 12.957562308908896, 13.957562308908896, 12.957562308908896, 13.957562308908896, 13.957562308908896, 13.957562308908896, 13.957562308908896, 0.0, 13.957562308908896, 13.957562308908896, 13.957562308908896, 13.957562308908896, 13.957562308908896, 12.957562308908896, 12.957562308908896, 13.957562308908896, 12.957562308908896, 13.957562308908896, 13.957562308908896, 12.957562308908896, 12.957562308908896, 13.957562308908896, 0.0, 1.0, 12.957562308908896, 13.957562308908896, 12.957562308908896, 13.957562308908896, 12.957562308908896, 13.957562308908896, 12.957562308908896, 13.957562308908896]
1324	MoeSQLmosa	11	1	[8.679822717796126, 24.108566679148787, 9.679822717796126, 7.679822717796126, 9.679822717796126, 9.679822717796126, 10.679822717796126, 9.679822717796126, 8.679822717796126, 8.679822717796126, 7.679822717796126, 8.679822717796126, 8.679822717796126, 7.679822717796126, 8.679822717796126, 7.679822717796126, 8.679822717796126, 0.0, 8.679822717796126, 8.679822717796126, 8.679822717796126, 8.679822717796126, 8.679822717796126, 8.679822717796126, 8.679822717796126, 8.679822717796126, 9.679822717796126, 7.679822717796126, 8.679822717796126, 0.0, 1.0, 8.679822717796126, 7.679822717796126, 7.679822717796126, 8.679822717796126, 7.679822717796126, 8.679822717796126, 7.679822717796126, 8.679822717796126, 7.679822717796126, 8.679822717796126, 7.679822717796126, 8.679822717796126, 7.679822717796126, 8.679822717796126]
1324	MoeSQLmosa	12	1	[17.0, 23.823809523809523, 18.0, 24.91111111111111, 16.0, 16.0, 18.0, 17.0, 16.0, 17.0, 16.0, 17.0, 17.0, 16.0, 17.0, 16.0, 17.0, 17.0, 17.0, 0.0, 17.0, 17.0, 17.0, 17.0, 17.0, 16.0, 17.0, 16.0, 17.0, 16.0, 17.0, 17.0, 16.0, 0.0, 1.0, 16.0, 17.0, 17.0, 16.0, 16.0, 17.0, 16.0, 17.0, 16.0, 17.0]
1324	MoeSQLmosa	13	1	[1.0, 7.823809523809524, 2.0, 16.0, 0.0, 0.0, 2.0, 1.0, 0.0, 1.0, 0.0, 1.0, 1.0, 0.0, 1.0, 0.0, 1.0, 1.0, 1.0, 1.0, 1.0, 1.0, 1.0, 1.0, 1.0, 1.0, 0.0, 0.0, 1.0, 0.0, 1.0, 1.0, 0.0, 0.0, 1.0, 1.0, 0.0, 1.0, 0.0, 0.0, 1.0, 0.0, 1.0, 0.0, 1.0]
1324	MoeSQLmosa	14	1	[10.0, 16.823809523809523, 11.0, 25.0, 9.0, 9.0, 11.0, 10.0, 9.0, 10.0, 9.0, 10.0, 10.0, 9.0, 10.0, 9.0, 10.0, 10.0, 0.0, 10.0, 10.0, 10.0, 10.0, 10.0, 10.0, 10.0, 9.0, 9.0, 10.0, 9.0, 10.0, 0.0, 1.0, 9.0, 10.0, 9.0, 10.0, 10.0, 9.0, 9.0, 10.0, 9.0, 10.0, 9.0, 10.0]
1324	MoeSQLmosa	15	1	[1.0, 7.823809523809524, 2.0, 16.0, 0.0, 0.0, 2.0, 1.0, 0.0, 1.0, 0.0, 1.0, 1.0, 0.0, 1.0, 0.0, 1.0, 1.0, 1.0, 1.0, 1.0, 1.0, 1.0, 1.0, 1.0, 1.0, 0.0, 0.0, 1.0, 0.0, 1.0, 1.0, 0.0, 1.0, 0.0, 0.0, 1.0, 1.0, 0.0, 0.0, 1.0, 0.0, 1.0, 0.0, 1.0]
1324	MoeSQLmosa	16	1	[3.0, 13.0, 4.0, 18.0, 2.0, 2.0, 0.0, 1.0, 2.0, 3.0, 2.0, 3.0, 3.0, 2.0, 3.0, 2.0, 3.0, 3.0, 3.0, 3.0, 3.0, 3.0, 3.0, 3.0, 3.0, 3.0, 2.0, 2.0, 3.0, 2.0, 3.0, 3.0, 2.0, 2.0, 3.0, 2.0, 3.0, 2.0, 3.0, 2.0, 3.0, 2.0, 3.0, 2.0, 3.0]
1324	MoeSQLmosa	17	1	[9.873809523809525, 16.69761904761905, 10.873809523809525, 24.873809523809527, 8.873809523809525, 8.873809523809525, 10.873809523809525, 9.873809523809525, 8.873809523809525, 9.873809523809525, 8.873809523809525, 9.873809523809525, 9.873809523809525, 8.873809523809525, 9.873809523809525, 8.873809523809525, 0.0, 9.873809523809525, 9.873809523809525, 9.873809523809525, 9.873809523809525, 9.873809523809525, 9.873809523809525, 9.873809523809525, 9.873809523809525, 9.873809523809525, 8.873809523809525, 0.0, 1.0, 8.873809523809525, 9.873809523809525, 9.873809523809525, 8.873809523809525, 8.873809523809525, 9.873809523809525, 8.873809523809525, 9.873809523809525, 9.873809523809525, 8.873809523809525, 8.873809523809525, 9.873809523809525, 8.873809523809525, 9.873809523809525, 8.873809523809525, 9.873809523809525]
1324	MoeSQLmosa	18	1	[11.220491489768598, 18.910967680244788, 12.220491489768598, 26.220491489768598, 10.220491489768598, 10.220491489768598, 12.220491489768598, 11.220491489768598, 10.220491489768598, 11.220491489768598, 10.220491489768598, 11.220491489768598, 11.220491489768598, 10.220491489768598, 11.220491489768598, 10.220491489768598, 11.220491489768598, 11.220491489768598, 11.220491489768598, 11.220491489768598, 11.220491489768598, 11.220491489768598, 11.220491489768598, 0.0, 11.220491489768598, 11.220491489768598, 10.220491489768598, 10.220491489768598, 11.220491489768598, 10.220491489768598, 11.220491489768598, 11.220491489768598, 10.220491489768598, 10.220491489768598, 11.220491489768598, 10.220491489768598, 11.220491489768598, 11.220491489768598, 10.220491489768598, 10.220491489768598, 11.220491489768598, 0.0, 1.0, 10.220491489768598, 11.220491489768598]
1324	MoeSQLmosa	19	1	[1.0, 8.659090909090908, 2.0, 16.0, 0.0, 0.0, 2.0, 1.0, 0.0, 1.0, 0.0, 1.0, 1.0, 0.0, 1.0, 0.0, 1.0, 1.0, 1.0, 1.0, 1.0, 1.0, 1.0, 1.0, 1.0, 1.0, 0.0, 0.0, 1.0, 1.0, 0.0, 1.0, 0.0, 0.0, 1.0, 0.0, 1.0, 0.0, 1.0, 0.0, 1.0, 0.0, 1.0, 0.0, 1.0]
1324	MoeSQLmosa	20	1	[2.0, 8.0, 3.0, 17.0, 1.0, 1.0, 1.0, 0.0, 1.0, 2.0, 1.0, 2.0, 2.0, 1.0, 2.0, 1.0, 2.0, 2.0, 2.0, 2.0, 2.0, 2.0, 2.0, 2.0, 2.0, 1.0, 2.0, 1.0, 2.0, 1.0, 2.0, 2.0, 1.0, 1.0, 2.0, 1.0, 2.0, 1.0, 2.0, 1.0, 2.0, 1.0, 2.0, 1.0, 2.0]
1324	MoeSQLmosa	21	1	[1.7976931348623156E306, 1.7976931348623156E306, 0.0, 1.7976931348623156E306, 1.7976931348623156E306, 1.7976931348623156E306, 1.7976931348623156E306, 1.7976931348623156E306, 1.7976931348623156E306, 1.7976931348623156E306, 1.7976931348623156E306, 1.7976931348623156E306, 1.7976931348623156E306, 1.7976931348623156E306, 1.7976931348623156E306, 1.7976931348623156E306, 1.7976931348623156E306, 1.7976931348623156E306, 1.7976931348623156E306, 1.7976931348623156E306, 1.7976931348623156E306, 1.7976931348623156E306, 1.7976931348623156E306, 1.7976931348623156E306, 1.7976931348623156E306, 1.7976931348623156E306, 1.7976931348623156E306, 1.7976931348623156E306, 1.7976931348623156E306, 1.7976931348623156E306, 1.7976931348623156E306, 1.7976931348623156E306, 1.7976931348623156E306, 1.7976931348623156E306, 1.7976931348623156E306, 1.7976931348623156E306, 1.7976931348623156E306, 1.7976931348623156E306, 1.7976931348623156E306, 1.7976931348623156E306, 1.7976931348623156E306, 1.7976931348623156E306, 1.7976931348623156E306, 1.7976931348623156E306, 1.7976931348623156E306]
1324	MoeSQLmosa	22	1	[1.0, 0.0, 1.0, 16.0, 2.0, 2.0, 2.0, 1.0, 0.0, 1.0, 0.0, 1.0, 1.0, 0.0, 1.0, 0.0, 1.0, 1.0, 1.0, 1.0, 1.0, 1.0, 1.0, 1.0, 1.0, 1.0, 0.0, 0.0, 1.0, 1.0, 0.0, 1.0, 0.0, 0.0, 1.0, 0.0, 1.0, 0.0, 1.0, 0.0, 1.0, 0.0, 1.0, 0.0, 1.0]
1324	MoeSQLmosa	23	1	[11.0, 17.823809523809523, 12.0, 26.0, 10.0, 10.0, 12.0, 11.0, 10.0, 11.0, 10.0, 11.0, 11.0, 10.0, 11.0, 10.0, 11.0, 11.0, 11.0, 11.0, 11.0, 11.0, 0.0, 11.0, 11.0, 11.0, 10.0, 10.0, 11.0, 10.0, 11.0, 10.0, 11.0, 10.0, 11.0, 10.0, 11.0, 11.0, 10.0, 0.0, 1.0, 10.0, 11.0, 10.0, 11.0]
1324	MoeSQLmosa	24	1	[2.0, 8.823809523809524, 3.0, 15.08855176316383, 1.0, 1.0, 3.0, 2.0, 1.0, 2.0, 1.0, 0.0, 2.0, 1.0, 2.0, 1.0, 2.0, 2.0, 2.0, 2.0, 2.0, 2.0, 2.0, 2.0, 2.0, 1.0, 2.0, 1.0, 2.0, 1.0, 2.0, 2.0, 1.0, 1.0, 2.0, 1.0, 2.0, 2.0, 1.0, 1.0, 2.0, 1.0, 2.0, 1.0, 2.0]
1324	MoeSQLmosa	25	1	[1.0, 7.823809523809524, 2.0, 14.08855176316383, 0.0, 0.0, 2.0, 1.0, 0.0, 1.0, 0.0, 1.0, 1.0, 0.0, 1.0, 0.0, 1.0, 1.0, 1.0, 1.0, 1.0, 1.0, 1.0, 1.0, 1.0, 0.0, 1.0, 1.0, 0.0, 0.0, 1.0, 1.0, 0.0, 0.0, 1.0, 0.0, 1.0, 1.0, 0.0, 0.0, 1.0, 0.0, 1.0, 0.0, 1.0]
1324	MoeSQLmosa	26	1	[1.0, 7.823809523809524, 2.0, 14.08855176316383, 0.0, 0.0, 2.0, 1.0, 0.0, 1.0, 0.0, 1.0, 1.0, 0.0, 1.0, 0.0, 1.0, 1.0, 1.0, 1.0, 1.0, 1.0, 1.0, 1.0, 1.0, 0.0, 1.0, 0.0, 1.0, 0.0, 1.0, 1.0, 0.0, 0.0, 1.0, 0.0, 1.0, 1.0, 0.0, 1.0, 0.0, 0.0, 1.0, 0.0, 1.0]
1324	MoeSQLmosa	27	1	[2.0, 8.823809523809524, 3.0, 15.08855176316383, 1.0, 1.0, 3.0, 2.0, 1.0, 0.0, 1.0, 2.0, 2.0, 1.0, 2.0, 1.0, 2.0, 2.0, 2.0, 2.0, 2.0, 2.0, 2.0, 2.0, 2.0, 1.0, 2.0, 2.0, 1.0, 1.0, 2.0, 1.0, 2.0, 1.0, 2.0, 1.0, 2.0, 2.0, 1.0, 1.0, 2.0, 1.0, 2.0, 1.0, 2.0]
1324	MoeSQLmosa	28	1	[1.0, 11.0, 2.0, 14.08855176316383, 0.0, 0.0, 2.0, 1.0, 0.0, 1.0, 0.0, 1.0, 1.0, 0.0, 1.0, 0.0, 1.0, 1.0, 1.0, 1.0, 1.0, 1.0, 1.0, 1.0, 1.0, 0.0, 1.0, 1.0, 0.0, 0.0, 1.0, 1.0, 0.0, 0.0, 1.0, 0.0, 1.0, 0.0, 1.0, 0.0, 1.0, 1.0, 0.0, 0.0, 1.0]
1324	MOTGA	0	24	[0.0, 0.0, 0.0, 0.0, 0.0, 0.0, 0.0, 0.0, 0.0, 0.0, 0.0, 0.0, 0.0, 0.0, 0.0, 0.0, 0.0, 0.0, 0.0, 0.0, 0.0, 0.0, 0.0, 0.0, 0.0, 0.0, 0.0, 0.0, 0.0, 0.0, 0.0, 0.0, 0.0, 0.0, 0.0, 0.0, 0.0, 0.0, 0.0, 0.0, 0.0, 0.0, 0.0, 0.0, 0.0]
1325	MoeSQLmosa	0	1	[1.0, 0.0, 1.0, 1.0, 0.0, 1.0, 0.0, 1.0, 1.0]
1325	MoeSQLmosa	1	1	[15.182027649769584, 14.182027649769584, 15.182027649769584, 15.182027649769584, 14.182027649769584, 15.182027649769584, 14.182027649769584, 0.0, 1.0]
1325	MoeSQLmosa	2	1	[2.0, 1.0, 2.0, 0.0, 1.0, 2.0, 1.0, 2.0, 2.0]
1325	MoeSQLmosa	3	1	[1.7976931348623156E306, 1.7976931348623156E306, 1.7976931348623156E306, 1.7976931348623156E306, 1.7976931348623156E306, 1.7976931348623156E306, 1.7976931348623156E306, 1.7976931348623156E306, 0.0]
1325	MoeSQLmosa	4	1	[2.0, 1.0, 0.0, 2.0, 1.0, 2.0, 1.0, 2.0, 2.0]
1325	MoeSQLmosa	5	1	[0.0, 1.0, 2.0, 2.0, 1.0, 2.0, 1.0, 2.0, 2.0]
1325	MoeSQLmosa	6	1	[2.0, 1.0, 2.0, 2.0, 1.0, 0.0, 1.0, 2.0, 2.0]
1325	MOTGA	0	7	[0.0, 0.0, 0.0, 0.0, 0.0, 0.0, 0.0, 0.0, 0.0]
1326	MoeSQLmosa	0	1	[0.0, 7.6621492211986695]
1326	MoeSQLmosa	1	1	[1.0, 0.0]
1326	MOTGA	0	2	[0.0, 0.0]
1327	MoeSQLmosa	0	1	[11.231153257733416, 12.231153257733416, 12.231153257733416, 0.0, 1.0, 12.231153257733416, 12.231153257733416, 22.693880028446724]
1327	MoeSQLmosa	1	1	[1.7976931348623156E306, 1.7976931348623156E306, 1.7976931348623156E306, 1.7976931348623156E306, 1.7976931348623156E306, 1.7976931348623156E306, 0.0, 1.7976931348623156E306]
1327	MoeSQLmosa	2	1	[2.5, 0.0, 1.0, 3.5, 3.5, 3.5, 3.5, 3.1666666666666665]
1327	MoeSQLmosa	3	1	[4.96969696969697, 5.96969696969697, 5.96969696969697, 5.96969696969697, 5.96969696969697, 0.0, 1.0, 5.636363636363637]
1327	MoeSQLmosa	4	1	[1.7976931348623156E306, 1.7976931348623156E306, 0.0, 1.7976931348623156E306, 1.7976931348623156E306, 1.7976931348623156E306, 1.7976931348623156E306, 1.7976931348623156E306]
1327	MoeSQLmosa	5	1	[1.7976931348623156E306, 1.7976931348623156E306, 1.7976931348623156E306, 1.7976931348623156E306, 0.0, 1.7976931348623156E306, 1.7976931348623156E306, 1.7976931348623156E306]
1327	MoeSQLmosa	6	1	[0.0, 1.0, 1.0, 1.0, 1.0, 1.0, 1.0, 0.875]
1327	MoeSQLmosa	7	1	[1.0, 2.0, 2.0, 2.0, 2.0, 2.0, 2.0, 0.0]
1327	MOTGA	0	8	[0.0, 0.0, 0.0, 0.0, 0.0, 0.0, 0.0, 0.0]
1328	MoeSQLmosa	0	1	[8.194621884859682, 0.0, 1.0, 9.194621884859682, 8.194621884859682, 9.194621884859682, 16.389243769719364, 9.194621884859682, 3.0]
1328	MoeSQLmosa	1	1	[0.0, 1.0, 1.0, 1.0, 0.0, 1.0, 8.194621884859682, 1.0, 2.0]
1328	MoeSQLmosa	2	1	[1.7976931348623156E306, 1.7976931348623156E306, 0.0, 1.7976931348623156E306, 1.7976931348623156E306, 1.7976931348623156E306, 1.7976931348623156E306, 1.7976931348623156E306, 3.0]
1328	MoeSQLmosa	3	1	[1.0, 2.0, 2.0, 2.0, 1.0, 2.0, 0.0, 1.0, 3.0]
1328	MoeSQLmosa	4	1	[1.0, 2.0, 2.0, 0.0, 1.0, 2.0, 46.19986592355012, 2.0, 3.0]
1328	MoeSQLmosa	5	1	[1.0, 2.0, 2.0, 2.0, 1.0, 0.0, 9.194621884859682, 2.0, 3.0]
1328	MoeSQLmosa	6	1	[1.7976931348623156E306, 1.7976931348623156E306, 1.7976931348623156E306, 1.7976931348623156E306, 1.7976931348623156E306, 1.7976931348623156E306, 1.7976931348623156E306, 0.0, 3.0]
1328	MoeSQLmosa	7	3	[0.0, 1.0, 1.0, 1.0, 0.0, 1.0, 8.194621884859682, 1.0, 0.0]
1328	MOTGA	0	9	[0.0, 0.0, 0.0, 0.0, 0.0, 0.0, 0.0, 0.0, 0.0]
1329	MoeSQLmosa	0	1	[0.0, 23.475757575757576]
1329	MoeSQLmosa	1	1	[1.0, 0.0]
1329	MOTGA	0	2	[0.0, 0.0]
1330	MoeSQLmosa	0	2	[0.0, 0.0]
1330	MOTGA	0	2	[0.0, 0.0]
1331	MoeSQLmosa	0	2	[0.0, 0.0]
1331	MOTGA	0	2	[0.0, 0.0]
1332	MoeSQLmosa	0	1	[0.0, 14.317834821696932]
1332	MoeSQLmosa	1	1	[1.0, 0.0]
1332	MOTGA	0	2	[0.0, 0.0]
1333	MoeSQLmosa	0	1	[0.0, 42.28068875568875]
1333	MoeSQLmosa	1	1	[1.0, 0.0]
1333	MOTGA	0	2	[0.0, 0.0]
1334	MoeSQLmosa	0	1	[1.0, 0.0, 1.0, 3.0, 2.0, 1.0]
1334	MoeSQLmosa	1	1	[0.0, 40.864326765188835, 1.0, 961.0, 960.0, 959.0]
1334	MoeSQLmosa	2	1	[0.0, 25.576293336083467, 1.0, 2.0, 1.0, 0.0]
1334	MoeSQLmosa	3	1	[1.7976931348623156E306, 1.7976931348623156E306, 0.0, 1.7976931348623156E306, 1.7976931348623156E306, 1.7976931348623156E306]
1334	MoeSQLmosa	4	1	[1.0, 14.849367066039083, 2.0, 1.0, 0.0, 1.0]
1334	MoeSQLmosa	5	1	[2.0, 26.839310689310693, 3.0, 0.0, 1.0, 2.0]
1334	MOTGA	0	5	[0.0, 0.0, 0.0, 0.0, 0.0, 0.0]
1335	MoeSQLmosa	0	2	[0.0, 0.0]
1335	MOTGA	0	2	[0.0, 0.0]
1337	MoeSQLmosa	0	2	[0.0, 0.0]
1337	MOTGA	0	2	[0.0, 0.0]
1338	MoeSQLmosa	0	1	[0.0, 40.255975158621034, 1.0]
1338	MoeSQLmosa	1	1	[1.0, 0.0, 1.0]
1338	MoeSQLmosa	2	1	[1.7976931348623156E306, 1.7976931348623156E306, 0.0]
1338	MOTGA	0	3	[0.0, 0.0, 0.0]
1339	MoeSQLmosa	0	1	[1.0, 0.0]
1339	MoeSQLmosa	1	1	[0.0, 23.776328907274724]
1339	MOTGA	0	2	[0.0, 0.0]
1340	MoeSQLmosa	0	2	[0.0, 0.0]
1340	MOTGA	0	2	[0.0, 0.0]
1341	MoeSQLmosa	0	2	[0.0, 0.0]
1341	MOTGA	0	2	[0.0, 0.0]
1342	MoeSQLmosa	0	2	[0.0, 0.0]
1342	MOTGA	0	2	[0.0, 0.0]
1343	MoeSQLmosa	0	1	[0.0, 13.742299741602066, 1.0]
1343	MoeSQLmosa	1	1	[1.0, 0.0, 1.0]
1343	MoeSQLmosa	2	1	[1.7976931348623156E306, 1.7976931348623156E306, 0.0]
1343	MOTGA	0	3	[0.0, 0.0, 0.0]
1344	MoeSQLmosa	0	1	[1.0, 0.0]
1344	MoeSQLmosa	1	1	[0.0, 32.430211989503036]
1344	MOTGA	0	2	[0.0, 0.0]
1345	MoeSQLmosa	0	3	[9.191503267973856, 0.0, 1.0, 10.191503267973856, 9.191503267973856, 10.191503267973856, 11.191503267973856, 12.191503267973856, 2.0]
1345	MoeSQLmosa	1	2	[324.830701754386, 325.830701754386, 325.830701754386, 325.830701754386, 324.830701754386, 323.830701754386, 0.0, 1.0, 302.0]
1345	MoeSQLmosa	2	3	[0.0, 1.0, 1.0, 0.0, 0.0, 1.0, 2.0, 3.0, 2.0]
1345	MoeSQLmosa	3	2	[1.7976931348623156E306, 1.7976931348623156E306, 0.0, 1.7976931348623156E306, 1.7976931348623156E306, 1.7976931348623156E306, 1.7976931348623156E306, 1.7976931348623156E306, 2.0]
1345	MoeSQLmosa	4	2	[1.7976931348623156E306, 1.7976931348623156E306, 1.7976931348623156E306, 1.7976931348623156E306, 1.7976931348623156E306, 1.7976931348623156E306, 1.0, 0.0, 945.0]
1345	MoeSQLmosa	5	2	[1.0, 2.0, 2.0, 2.0, 1.0, 0.0, 2.0, 3.0, 1.0]
1345	MOTGA	0	8	[0.0, 0.0, 0.0, 0.0, 0.0, 0.0, 0.0, 0.0, 2.0]
1346	MoeSQLmosa	0	4	[8.0, 8.0, 8.0, 8.0, 8.0, 8.0, 8.0, 8.0, 8.0, 8.0, 8.0, 8.0, 8.0, 1480.0, 0.0, 1.0, 8.0, 8.0, 0.0, 8.0]
1346	MoeSQLmosa	1	3	[8.0, 8.0, 8.0, 8.0, 8.0, 8.0, 8.0, 8.0, 8.0, 8.0, 8.0, 8.0, 8.0, 0.0, 38.89992584352984, 38.89992584352984, 8.0, 8.0, 455.0, 8.0]
1346	MoeSQLmosa	2	3	[8.0, 0.0, 1.0, 9.0, 8.0, 9.0, 9.0, 8.0, 9.0, 9.0, 9.0, 8.0, 9.0, 10.0, 1.0, 2.0, 10.0, 11.0, 2.0, 8.0]
1346	MoeSQLmosa	3	3	[8.0, 9.0, 9.0, 9.0, 8.0, 9.0, 9.0, 8.0, 9.0, 0.0, 9.0, 8.0, 9.0, 10.0, 1.0, 2.0, 10.0, 11.0, 2.0, 8.0]
1346	MoeSQLmosa	4	3	[1.7976931348623156E306, 1.7976931348623156E306, 1.7976931348623156E306, 1.7976931348623156E306, 1.7976931348623156E306, 1.7976931348623156E306, 1.7976931348623156E306, 1.7976931348623156E306, 1.7976931348623156E306, 1.7976931348623156E306, 1.7976931348623156E306, 1.7976931348623156E306, 1.7976931348623156E306, 53.88001505144488, 1.0, 0.0, 1.7976931348623156E306, 1.7976931348623156E306, 2.0, 1.7976931348623156E306]
1346	MoeSQLmosa	5	3	[0.0, 1.0, 1.0, 1.0, 0.0, 1.0, 1.0, 0.0, 1.0, 1.0, 1.0, 0.0, 1.0, 2.0, 1.0, 2.0, 2.0, 3.0, 2.0, 0.0]
1346	MoeSQLmosa	6	3	[13.824915208554433, 14.824915208554433, 14.824915208554433, 14.824915208554433, 13.824915208554433, 14.824915208554433, 14.824915208554433, 13.824915208554433, 14.824915208554433, 14.824915208554433, 14.824915208554433, 13.824915208554433, 14.824915208554433, 2.0, 13.824915208554433, 13.824915208554433, 0.0, 1.0, 0.0, 13.824915208554433]
1346	MoeSQLmosa	7	3	[1.0, 2.0, 2.0, 2.0, 1.0, 2.0, 2.0, 1.0, 2.0, 2.0, 0.0, 1.0, 2.0, 2.0, 2.0, 3.0, 2.0, 3.0, 1.0, 1.0]
1346	MoeSQLmosa	8	3	[1.7976931348623156E306, 1.7976931348623156E306, 1.7976931348623156E306, 1.7976931348623156E306, 1.7976931348623156E306, 1.7976931348623156E306, 1.7976931348623156E306, 1.7976931348623156E306, 1.7976931348623156E306, 1.7976931348623156E306, 1.7976931348623156E306, 1.7976931348623156E306, 1.7976931348623156E306, 2.0, 1.7976931348623156E306, 1.7976931348623156E306, 1.0, 0.0, 0.0, 1.7976931348623156E306]
1346	MoeSQLmosa	9	3	[1.7976931348623156E306, 1.7976931348623156E306, 0.0, 1.7976931348623156E306, 1.7976931348623156E306, 1.7976931348623156E306, 1.7976931348623156E306, 1.7976931348623156E306, 1.7976931348623156E306, 1.7976931348623156E306, 1.7976931348623156E306, 1.7976931348623156E306, 1.7976931348623156E306, 1.7976931348623156E306, 1.0, 2.0, 1.7976931348623156E306, 1.7976931348623156E306, 2.0, 1.7976931348623156E306]
1346	MoeSQLmosa	10	3	[1.0, 2.0, 2.0, 2.0, 1.0, 0.0, 2.0, 1.0, 2.0, 2.0, 2.0, 1.0, 2.0, 3.0, 1.0, 2.0, 3.0, 4.0, 2.0, 1.0]
1346	MoeSQLmosa	11	3	[1.0, 2.0, 2.0, 2.0, 1.0, 2.0, 0.0, 1.0, 2.0, 2.0, 2.0, 1.0, 2.0, 3.0, 1.0, 2.0, 3.0, 4.0, 2.0, 1.0]
1346	MoeSQLmosa	12	3	[1.0, 2.0, 2.0, 2.0, 1.0, 2.0, 2.0, 1.0, 0.0, 2.0, 2.0, 1.0, 2.0, 3.0, 1.0, 2.0, 3.0, 4.0, 2.0, 1.0]
1346	MoeSQLmosa	13	3	[1.0, 2.0, 2.0, 2.0, 1.0, 2.0, 2.0, 1.0, 2.0, 2.0, 2.0, 1.0, 0.0, 2.0, 2.0, 3.0, 2.0, 3.0, 1.0, 1.0]
1346	MoeSQLmosa	14	3	[1.0, 2.0, 2.0, 0.0, 1.0, 2.0, 2.0, 1.0, 2.0, 2.0, 2.0, 1.0, 2.0, 3.0, 1.0, 2.0, 3.0, 4.0, 2.0, 1.0]
1346	MOTGA	0	4	[8.0, 8.0, 8.0, 8.0, 8.0, 8.0, 8.0, 8.0, 8.0, 8.0, 8.0, 8.0, 8.0, 1480.0, 0.0, 1.0, 8.0, 8.0, 0.0, 8.0]
1346	MOTGA	1	4	[13.824915208554433, 14.824915208554433, 14.824915208554433, 14.824915208554433, 13.824915208554433, 14.824915208554433, 14.824915208554433, 13.824915208554433, 14.824915208554433, 14.824915208554433, 14.824915208554433, 13.824915208554433, 14.824915208554433, 2.0, 13.824915208554433, 13.824915208554433, 0.0, 0.0, 0.0, 13.824915208554433]
1346	MOTGA	2	5	[8.0, 9.0, 9.0, 9.0, 8.0, 9.0, 9.0, 8.0, 9.0, 0.0, 9.0, 8.0, 9.0, 0.0, 1.0, 0.0, 10.0, 11.0, 2.0, 8.0]
1346	MOTGA	3	11	[0.0, 0.0, 0.0, 0.0, 0.0, 0.0, 0.0, 0.0, 0.0, 1.0, 0.0, 0.0, 0.0, 2.0, 1.0, 2.0, 2.0, 3.0, 2.0, 0.0]
1347	MoeSQLmosa	0	2	[19.694927536231884, 20.694927536231884, 20.694927536231884, 0.0, 1.0, 20.694927536231884, 20.694927536231884, 20.694927536231884, 19.694927536231884, 20.694927536231884, 20.694927536231884, 1.7976931348623156E306, 19.694927536231884, 1.7976931348623156E306, 3.0, 3.0]
1347	MoeSQLmosa	1	2	[0.0, 1.0, 1.0, 1.0, 1.0, 1.0, 1.0, 1.0, 0.0, 1.0, 1.0, 1.7976931348623156E306, 0.0, 1.7976931348623156E306, 2.0, 2.0]
1347	MoeSQLmosa	2	2	[11.141651560470104, 12.141651560470104, 12.141651560470104, 12.141651560470104, 12.141651560470104, 0.0, 1.0, 12.141651560470104, 11.141651560470104, 12.141651560470104, 12.141651560470104, 1.7976931348623156E306, 11.141651560470104, 1.7976931348623156E306, 3.0, 3.0]
1347	MoeSQLmosa	3	2	[1.7976931348623156E306, 1.7976931348623156E306, 1.7976931348623156E306, 1.7976931348623156E306, 1.7976931348623156E306, 1.7976931348623156E306, 1.7976931348623156E306, 1.7976931348623156E306, 1.7976931348623156E306, 1.7976931348623156E306, 0.0, 0.0, 1.7976931348623156E306, 1.7976931348623156E306, 3.0, 3.0]
1347	MoeSQLmosa	4	2	[27.824369301149485, 0.0, 1.0, 28.824369301149485, 28.824369301149485, 28.824369301149485, 28.824369301149485, 28.824369301149485, 27.824369301149485, 28.824369301149485, 28.824369301149485, 1.7976931348623156E306, 27.824369301149485, 1.7976931348623156E306, 3.0, 3.0]
1347	MoeSQLmosa	5	2	[1.0, 2.0, 2.0, 2.0, 2.0, 2.0, 2.0, 2.0, 1.0, 0.0, 2.0, 1.7976931348623156E306, 1.0, 1.7976931348623156E306, 3.0, 3.0]
1347	MoeSQLmosa	6	2	[1.7976931348623156E306, 1.7976931348623156E306, 1.7976931348623156E306, 1.7976931348623156E306, 0.0, 1.7976931348623156E306, 1.7976931348623156E306, 1.7976931348623156E306, 1.7976931348623156E306, 1.7976931348623156E306, 1.7976931348623156E306, 3.595386269724631E306, 1.7976931348623156E306, 3.595386269724631E306, 3.0, 3.0]
1347	MoeSQLmosa	7	2	[1.7976931348623156E306, 1.7976931348623156E306, 1.7976931348623156E306, 1.7976931348623156E306, 1.7976931348623156E306, 1.7976931348623156E306, 1.7976931348623156E306, 1.7976931348623156E306, 1.7976931348623156E306, 1.7976931348623156E306, 66.62777119502333, 1.7976931348623156E306, 1.7976931348623156E306, 66.62777119502333, 3.0, 3.0]
1347	MoeSQLmosa	8	2	[1.7976931348623156E306, 1.7976931348623156E306, 0.0, 1.7976931348623156E306, 1.7976931348623156E306, 1.7976931348623156E306, 1.7976931348623156E306, 1.7976931348623156E306, 1.7976931348623156E306, 1.7976931348623156E306, 1.7976931348623156E306, 3.595386269724631E306, 1.7976931348623156E306, 3.595386269724631E306, 3.0, 3.0]
1347	MoeSQLmosa	9	2	[1.0, 2.0, 2.0, 2.0, 2.0, 2.0, 2.0, 0.0, 1.0, 2.0, 2.0, 1.7976931348623156E306, 1.0, 1.7976931348623156E306, 3.0, 3.0]
1347	MoeSQLmosa	10	2	[1.7976931348623156E306, 1.7976931348623156E306, 1.7976931348623156E306, 1.7976931348623156E306, 1.7976931348623156E306, 1.7976931348623156E306, 0.0, 1.7976931348623156E306, 1.7976931348623156E306, 1.7976931348623156E306, 1.7976931348623156E306, 3.595386269724631E306, 1.7976931348623156E306, 3.595386269724631E306, 3.0, 3.0]
1347	MoeSQLmosa	11	4	[0.0, 1.0, 1.0, 1.0, 1.0, 1.0, 1.0, 1.0, 0.0, 1.0, 1.0, 1.7976931348623156E306, 0.0, 1.7976931348623156E306, 0.0, 0.0]
1347	MOTGA	0	8	[1.0, 0.0, 0.0, 0.0, 0.0, 2.0, 0.0, 0.0, 1.0, 0.0, 2.0, 1.7976931348623156E306, 1.0, 1.7976931348623156E306, 3.0, 3.0]
1347	MOTGA	1	7	[0.0, 1.0, 1.0, 1.0, 1.0, 0.0, 1.0, 1.0, 0.0, 1.0, 0.0, 0.0, 0.0, 1.7976931348623156E306, 0.0, 0.0]
1348	MoeSQLmosa	0	2	[39.3984659424189, 0.0, 1.0, 0.0, 1.0]
1348	MoeSQLmosa	1	1	[0.0, 1.0, 1.0, 1.0, 1.0]
1348	MoeSQLmosa	2	1	[1.7976931348623156E306, 1.7976931348623156E306, 1.7976931348623156E306, 1.7976931348623156E306, 0.0]
1348	MoeSQLmosa	3	1	[1.7976931348623156E306, 1.7976931348623156E306, 0.0, 1.7976931348623156E306, 1.7976931348623156E306]
1348	MOTGA	0	5	[0.0, 0.0, 0.0, 0.0, 0.0]
1349	MoeSQLmosa	0	2	[0.0, 0.0]
1349	MOTGA	0	2	[0.0, 0.0]
1350	MoeSQLmosa	0	1	[0.0, 11.536635782175514]
1350	MoeSQLmosa	1	1	[1.0, 0.0]
1350	MOTGA	0	2	[0.0, 0.0]
1351	MoeSQLmosa	0	1	[43.49426656888002, 44.49426656888002, 44.49426656888002, 0.0, 1.0, 44.49426656888002, 44.49426656888002]
1351	MoeSQLmosa	1	1	[10.145833333333334, 0.0, 1.0, 11.145833333333334, 11.145833333333334, 11.145833333333334, 11.145833333333334]
1351	MoeSQLmosa	2	1	[0.0, 1.0, 1.0, 1.0, 1.0, 1.0, 1.0]
1351	MoeSQLmosa	3	1	[10.757554945054945, 11.757554945054945, 11.757554945054945, 11.757554945054945, 11.757554945054945, 0.0, 1.0]
1351	MoeSQLmosa	4	1	[1.7976931348623156E306, 1.7976931348623156E306, 1.7976931348623156E306, 1.7976931348623156E306, 0.0, 1.7976931348623156E306, 1.7976931348623156E306]
1351	MoeSQLmosa	5	1	[1.7976931348623156E306, 1.7976931348623156E306, 0.0, 1.7976931348623156E306, 1.7976931348623156E306, 1.7976931348623156E306, 1.7976931348623156E306]
1351	MoeSQLmosa	6	1	[1.7976931348623156E306, 1.7976931348623156E306, 1.7976931348623156E306, 1.7976931348623156E306, 1.7976931348623156E306, 1.7976931348623156E306, 0.0]
1351	MOTGA	0	7	[0.0, 0.0, 0.0, 0.0, 0.0, 0.0, 0.0]
1352	MoeSQLmosa	0	1	[0.0, 35.54849896480331]
1352	MoeSQLmosa	1	1	[1.0, 0.0]
1352	MOTGA	0	2	[0.0, 0.0]
1353	MoeSQLmosa	0	1	[24.964035087719303, 25.964035087719303, 25.964035087719303, 25.964035087719303, 25.964035087719303, 0.0, 1.0, 25.964035087719303, 24.964035087719303, 25.964035087719303, 3.0]
1353	MoeSQLmosa	1	1	[29.231628758715964, 0.0, 1.0, 30.231628758715964, 30.231628758715964, 30.231628758715964, 30.231628758715964, 30.231628758715964, 29.231628758715964, 30.231628758715964, 3.0]
1353	MoeSQLmosa	2	1	[1.7976931348623156E306, 1.7976931348623156E306, 1.7976931348623156E306, 1.7976931348623156E306, 0.0, 1.7976931348623156E306, 1.7976931348623156E306, 1.7976931348623156E306, 1.7976931348623156E306, 1.7976931348623156E306, 3.0]
1353	MoeSQLmosa	3	1	[43.72380952380952, 44.72380952380952, 44.72380952380952, 0.0, 1.0, 44.72380952380952, 44.72380952380952, 44.72380952380952, 43.72380952380952, 44.72380952380952, 3.0]
1353	MoeSQLmosa	4	1	[0.0, 1.0, 1.0, 1.0, 1.0, 1.0, 1.0, 1.0, 0.0, 1.0, 2.0]
1353	MoeSQLmosa	5	1	[1.7976931348623156E306, 1.7976931348623156E306, 1.7976931348623156E306, 1.7976931348623156E306, 1.7976931348623156E306, 1.7976931348623156E306, 0.0, 1.7976931348623156E306, 1.7976931348623156E306, 1.7976931348623156E306, 3.0]
1353	MoeSQLmosa	6	1	[1.0, 2.0, 2.0, 2.0, 2.0, 2.0, 2.0, 2.0, 1.0, 0.0, 3.0]
1353	MoeSQLmosa	7	1	[1.7976931348623156E306, 1.7976931348623156E306, 0.0, 1.7976931348623156E306, 1.7976931348623156E306, 1.7976931348623156E306, 1.7976931348623156E306, 1.7976931348623156E306, 1.7976931348623156E306, 1.7976931348623156E306, 3.0]
1353	MoeSQLmosa	8	1	[1.0, 2.0, 2.0, 2.0, 2.0, 2.0, 2.0, 0.0, 1.0, 2.0, 3.0]
1353	MoeSQLmosa	9	3	[0.0, 1.0, 1.0, 1.0, 1.0, 1.0, 1.0, 1.0, 0.0, 1.0, 0.0]
1353	MOTGA	0	11	[0.0, 0.0, 0.0, 0.0, 0.0, 0.0, 0.0, 0.0, 0.0, 0.0, 0.0]
1354	MoeSQLmosa	0	2	[0.0, 0.0]
1354	MOTGA	0	2	[0.0, 0.0]
1355	MoeSQLmosa	0	1	[0.0, 1.0, 2.0]
1355	MoeSQLmosa	1	1	[1.0, 0.0, 1.0]
1355	MoeSQLmosa	2	1	[2.0, 1.0, 0.0]
1355	MOTGA	0	3	[0.0, 0.0, 0.0]
1356	MoeSQLmosa	0	1	[28.54299959313867, 29.54299959313867, 29.54299959313867, 0.0, 1.0, 29.54299959313867, 29.54299959313867, 45.03288164694796]
1356	MoeSQLmosa	1	1	[16.41269841269841, 17.41269841269841, 17.41269841269841, 17.41269841269841, 17.41269841269841, 0.0, 1.0, 32.9025804665077]
1356	MoeSQLmosa	2	1	[7.811713832874675, 0.0, 1.0, 8.811713832874675, 8.811713832874675, 8.811713832874675, 8.811713832874675, 17.30085207661048]
1356	MoeSQLmosa	3	1	[0.0, 1.0, 1.0, 1.0, 1.0, 1.0, 1.0, 16.489882053809293]
1356	MoeSQLmosa	4	1	[1.7976931348623156E306, 1.7976931348623156E306, 0.0, 1.7976931348623156E306, 1.7976931348623156E306, 1.7976931348623156E306, 1.7976931348623156E306, 1.7976931348623156E306]
1356	MoeSQLmosa	5	1	[1.7976931348623156E306, 1.7976931348623156E306, 1.7976931348623156E306, 1.7976931348623156E306, 1.7976931348623156E306, 1.7976931348623156E306, 0.0, 1.7976931348623156E306]
1356	MoeSQLmosa	6	1	[1.0, 2.0, 2.0, 2.0, 2.0, 2.0, 2.0, 0.0]
1356	MoeSQLmosa	7	1	[1.7976931348623156E306, 1.7976931348623156E306, 1.7976931348623156E306, 1.7976931348623156E306, 0.0, 1.7976931348623156E306, 1.7976931348623156E306, 1.7976931348623156E306]
1356	MOTGA	0	8	[0.0, 0.0, 0.0, 0.0, 0.0, 0.0, 0.0, 0.0]
1357	MoeSQLmosa	0	2	[0.0, 0.0]
1357	MOTGA	0	2	[0.0, 0.0]
1358	MoeSQLmosa	0	1	[1.7976931348623156E306, 1.7976931348623156E306, 0.0, 1.7976931348623156E306, 1.7976931348623156E306, 1.7976931348623156E306]
1358	MoeSQLmosa	1	1	[0.0, 1.0, 1.0, 0.0, 13.0, 1.0]
1358	MoeSQLmosa	2	1	[10.0, 0.0, 1.0, 10.0, 20.0, 11.0]
1358	MoeSQLmosa	3	1	[1.0, 2.0, 2.0, 1.0, 0.0, 1.0]
1358	MoeSQLmosa	4	1	[1.7976931348623156E306, 1.7976931348623156E306, 1.7976931348623156E306, 1.7976931348623156E306, 1.7976931348623156E306, 0.0]
1358	MOTGA	0	5	[0.0, 0.0, 0.0, 0.0, 0.0, 0.0]
1359	MoeSQLmosa	0	2	[0.0, 0.0, 1.0, 1.0, 1.0]
1359	MoeSQLmosa	1	1	[27.79647561588738, 28.79647561588738, 28.79647561588738, 0.0, 1.0]
1359	MoeSQLmosa	2	1	[1.7976931348623156E306, 1.7976931348623156E306, 0.0, 1.7976931348623156E306, 1.7976931348623156E306]
1359	MoeSQLmosa	3	1	[1.7976931348623156E306, 1.7976931348623156E306, 1.7976931348623156E306, 1.7976931348623156E306, 0.0]
1359	MOTGA	0	5	[0.0, 0.0, 0.0, 0.0, 0.0]
1360	MoeSQLmosa	0	2	[0.0, 0.0]
1360	MOTGA	0	2	[0.0, 0.0]
1361	MoeSQLmosa	0	2	[11.0, 0.0, 1.0, 12.0, 32.79333333333334, 13.0, 11.0, 12.0, 1.7976931348623156E306, 12.0, 49.047619047619044, 1.7976931348623156E306, 1.7976931348623156E306, 1.7976931348623156E306, 1.7976931348623156E306, 1.7976931348623156E306]
1361	MoeSQLmosa	1	2	[1.7976931348623156E306, 1.7976931348623156E306, 0.0, 3.595386269724631E306, 1.7976931348623156E306, 3.595386269724631E306, 3.595386269724631E306, 1.7976931348623156E306, 5.393079404586947E306, 1.7976931348623156E306, 1.7976931348623156E306, 3.595386269724631E306, 3.595386269724631E306, 3.595386269724631E306, 3.595386269724631E306, 3.595386269724631E306]
1361	MoeSQLmosa	2	2	[15.984101640656261, 16.984101640656263, 16.984101640656263, 0.0, 33.080065359477125, 1.0, 15.984101640656261, 1.0, 1.7976931348623156E306, 0.0, 22.943954248366015, 1.7976931348623156E306, 1.7976931348623156E306, 1.7976931348623156E306, 1.7976931348623156E306, 1.7976931348623156E306]
1361	MoeSQLmosa	3	2	[0.0, 1.0, 1.0, 1.0, 0.0, 1.0, 16.984101640656263, 2.0, 1.7976931348623156E306, 1.0, 29.162896825396828, 1.7976931348623156E306, 1.7976931348623156E306, 1.7976931348623156E306, 1.7976931348623156E306, 1.7976931348623156E306]
1361	MoeSQLmosa	4	2	[0.0, 1.0, 1.0, 1.0, 8.397620946305157, 2.0, 0.0, 1.0, 1.7976931348623156E306, 1.0, 16.984101640656263, 1.7976931348623156E306, 1.7976931348623156E306, 1.7976931348623156E306, 1.7976931348623156E306, 1.7976931348623156E306]
1361	MoeSQLmosa	5	2	[0.0, 1.0, 1.0, 1.0, 23.12713963963964, 2.0, 14.135291268852914, 2.0, 1.7976931348623156E306, 1.0, 0.0, 1.7976931348623156E306, 1.7976931348623156E306, 1.7976931348623156E306, 1.7976931348623156E306, 1.7976931348623156E306]
1361	MoeSQLmosa	6	2	[1.7976931348623156E306, 1.7976931348623156E306, 1.7976931348623156E306, 1.7976931348623156E306, 1.7976931348623156E306, 1.7976931348623156E306, 1.7976931348623156E306, 0.0, 3.595386269724631E306, 1.7976931348623156E306, 1.7976931348623156E306, 3.595386269724631E306, 3.595386269724631E306, 3.595386269724631E306, 3.595386269724631E306, 3.595386269724631E306]
1361	MoeSQLmosa	7	2	[0.0, 1.0, 1.0, 1.0, 20.059358288770056, 2.0, 16.984101640656263, 2.0, 1.7976931348623156E306, 1.0, 0.0, 1.7976931348623156E306, 1.7976931348623156E306, 1.7976931348623156E306, 0.0, 1.7976931348623156E306]
1361	MoeSQLmosa	8	2	[1.7976931348623156E306, 1.7976931348623156E306, 1.7976931348623156E306, 1.7976931348623156E306, 1.7976931348623156E306, 0.0, 1.7976931348623156E306, 1.7976931348623156E306, 3.595386269724631E306, 1.7976931348623156E306, 1.7976931348623156E306, 3.595386269724631E306, 3.595386269724631E306, 3.595386269724631E306, 3.595386269724631E306, 3.595386269724631E306]
1361	MoeSQLmosa	9	2	[0.0, 1.0, 1.0, 1.0, 14.754545454545456, 2.0, 14.754545454545456, 2.0, 1.7976931348623156E306, 1.0, 0.0, 1.7976931348623156E306, 1.7976931348623156E306, 1.7976931348623156E306, 1.7976931348623156E306, 0.0]
1361	MoeSQLmosa	10	2	[0.0, 1.0, 1.0, 1.0, 7.769206314521286, 2.0, 14.754545454545456, 2.0, 1.7976931348623156E306, 1.0, 0.0, 1.7976931348623156E306, 0.0, 1.7976931348623156E306, 1.7976931348623156E306, 1.7976931348623156E306]
1361	MoeSQLmosa	11	2	[0.0, 1.0, 1.0, 1.0, 14.754545454545456, 2.0, 0.0, 1.0, 1.7976931348623156E306, 1.0, 10.217148265381962, 1.7976931348623156E306, 1.7976931348623156E306, 0.0, 1.7976931348623156E306, 1.7976931348623156E306]
1361	MoeSQLmosa	12	2	[0.0, 1.0, 1.0, 1.0, 14.754545454545456, 2.0, 40.21402806668868, 2.0, 0.0, 1.0, 7.769206314521286, 6.769206314521286, 1.7976931348623156E306, 1.7976931348623156E306, 1.7976931348623156E306, 1.7976931348623156E306]
1361	MoeSQLmosa	13	2	[0.0, 1.0, 1.0, 2.0, 15.754545454545456, 3.0, 1.0, 2.0, 1.0, 2.0, 8.769206314521286, 0.0, 1.7976931348623156E306, 1.7976931348623156E306, 1.7976931348623156E306, 1.7976931348623156E306]
1361	MOTGA	0	5	[0.0, 1.0, 1.0, 0.0, 0.0, 0.0, 0.0, 1.0, 1.7976931348623156E306, 0.0, 6.769206314521286, 1.7976931348623156E306, 1.7976931348623156E306, 0.0, 1.7976931348623156E306, 1.7976931348623156E306]
1361	MOTGA	1	10	[0.0, 0.0, 0.0, 1.0, 14.754545454545456, 2.0, 1.0, 0.0, 0.0, 1.0, 0.0, 0.0, 0.0, 1.7976931348623156E306, 0.0, 0.0]
1362	MoeSQLmosa	0	1	[20.45017564147999, 0.0, 1.0, 21.45017564147999, 21.45017564147999, 780.45017564148, 779.45017564148, 778.45017564148, 32.45017564147999]
1362	MoeSQLmosa	1	1	[28.202694704984015, 29.202694704984015, 29.202694704984015, 0.0, 1.0, 990.202694704984, 989.202694704984, 988.202694704984, 68.04133694376188]
1362	MoeSQLmosa	2	1	[2.0, 3.0, 3.0, 3.0, 3.0, 0.0, 1.0, 2.0, 14.0]
1362	MoeSQLmosa	3	1	[0.0, 1.0, 1.0, 1.0, 1.0, 52.0, 51.0, 50.0, 24.0]
1362	MoeSQLmosa	4	1	[1.0, 2.0, 2.0, 2.0, 2.0, 1.0, 0.0, 1.0, 30.460359068102374]
1362	MoeSQLmosa	5	1	[1.0, 2.0, 2.0, 2.0, 2.0, 8.0, 7.0, 6.0, 0.0]
1362	MoeSQLmosa	6	1	[1.7976931348623156E306, 1.7976931348623156E306, 0.0, 1.7976931348623156E306, 1.7976931348623156E306, 1.7976931348623156E306, 1.7976931348623156E306, 1.7976931348623156E306, 1.7976931348623156E306]
1362	MoeSQLmosa	7	1	[1.7976931348623156E306, 1.7976931348623156E306, 1.7976931348623156E306, 1.7976931348623156E306, 0.0, 1.7976931348623156E306, 1.7976931348623156E306, 1.7976931348623156E306, 1.7976931348623156E306]
1362	MoeSQLmosa	8	1	[0.0, 1.0, 1.0, 1.0, 1.0, 2.0, 1.0, 0.0, 12.0]
1362	MOTGA	0	8	[0.0, 0.0, 0.0, 0.0, 0.0, 0.0, 0.0, 0.0, 0.0]
1363	MoeSQLmosa	0	2	[0.0, 0.0, 1.0, 0.0, 1.0]
1363	MoeSQLmosa	1	1	[1.0, 2.0, 2.0, 1.0, 0.0]
1363	MoeSQLmosa	2	1	[1.0, 2.0, 0.0, 1.0, 2.0]
1363	MOTGA	0	4	[0.0, 0.0, 0.0, 0.0, 0.0]
1364	MoeSQLmosa	0	2	[33.733333333333334, 0.0, 1.0, 0.0, 1.0]
1364	MoeSQLmosa	1	1	[0.0, 1.0, 1.0, 1.0, 1.0]
1364	MoeSQLmosa	2	1	[1.7976931348623156E306, 1.7976931348623156E306, 0.0, 1.7976931348623156E306, 1.7976931348623156E306]
1364	MoeSQLmosa	3	1	[1.7976931348623156E306, 1.7976931348623156E306, 1.7976931348623156E306, 1.7976931348623156E306, 0.0]
1364	MOTGA	0	5	[0.0, 0.0, 0.0, 0.0, 0.0]
1365	MoeSQLmosa	0	1	[0.0, 35.932340123644465]
1365	MoeSQLmosa	1	1	[1.0, 0.0]
1365	MOTGA	0	2	[0.0, 0.0]
1366	MoeSQLmosa	0	2	[0.0, 0.0]
1366	MOTGA	0	2	[0.0, 0.0]
1367	MoeSQLmosa	0	1	[0.0, 40.92898171094011]
1367	MoeSQLmosa	1	1	[1.0, 0.0]
1367	MOTGA	0	2	[0.0, 0.0]
1369	MoeSQLmosa	0	3	[0.0]
1369	MOTGA	0	3	[0.0]
1370	MoeSQLmosa	0	2	[0.0, 0.0, 1.0]
1370	MoeSQLmosa	1	1	[1.7976931348623156E306, 1.7976931348623156E306, 0.0]
1370	MOTGA	0	3	[0.0, 0.0, 0.0]
1371	MoeSQLmosa	0	1	[5.0, 6.0, 6.0, 0.0, 1.0]
1371	MoeSQLmosa	1	1	[1.7976931348623156E306, 1.7976931348623156E306, 1.7976931348623156E306, 1.7976931348623156E306, 0.0]
1371	MoeSQLmosa	2	1	[8.0, 0.0, 1.0, 9.0, 9.0]
1371	MoeSQLmosa	3	1	[1.7976931348623156E306, 1.7976931348623156E306, 0.0, 1.7976931348623156E306, 1.7976931348623156E306]
1371	MoeSQLmosa	4	1	[0.0, 1.0, 1.0, 1.0, 1.0]
1371	MOTGA	0	5	[0.0, 0.0, 0.0, 0.0, 0.0]
1372	MoeSQLmosa	0	1	[1.0, 0.0]
1372	MoeSQLmosa	1	1	[0.0, 22.430129077271936]
1372	MOTGA	0	2	[0.0, 0.0]
1373	MoeSQLmosa	0	1	[12.240978306216103, 13.240978306216103, 13.240978306216103, 0.0, 1.0, 13.240978306216103, 13.240978306216103]
1373	MoeSQLmosa	1	1	[0.0, 1.0, 1.0, 1.0, 1.0, 1.0, 1.0]
1373	MoeSQLmosa	2	1	[3.4541666666666666, 4.454166666666667, 4.454166666666667, 4.454166666666667, 4.454166666666667, 0.0, 1.0]
1373	MoeSQLmosa	3	1	[19.791666666666668, 0.0, 1.0, 20.791666666666668, 20.791666666666668, 20.791666666666668, 20.791666666666668]
1373	MoeSQLmosa	4	1	[1.7976931348623156E306, 1.7976931348623156E306, 1.7976931348623156E306, 1.7976931348623156E306, 1.7976931348623156E306, 1.7976931348623156E306, 0.0]
1373	MoeSQLmosa	5	1	[1.7976931348623156E306, 1.7976931348623156E306, 0.0, 1.7976931348623156E306, 1.7976931348623156E306, 1.7976931348623156E306, 1.7976931348623156E306]
1373	MoeSQLmosa	6	1	[1.7976931348623156E306, 1.7976931348623156E306, 1.7976931348623156E306, 1.7976931348623156E306, 0.0, 1.7976931348623156E306, 1.7976931348623156E306]
1373	MOTGA	0	7	[0.0, 0.0, 0.0, 0.0, 0.0, 0.0, 0.0]
1374	MoeSQLmosa	0	2	[0.0, 0.0, 1.0]
1374	MoeSQLmosa	1	1	[1.7976931348623156E306, 1.7976931348623156E306, 0.0]
1374	MOTGA	0	3	[0.0, 0.0, 0.0]
1375	MoeSQLmosa	0	1	[13.202717652717654, 0.0, 1.0, 14.202717652717654]
1375	MoeSQLmosa	1	1	[39.00441228828325, 40.00441228828325, 40.00441228828325, 0.0]
1375	MoeSQLmosa	2	1	[0.0, 1.0, 1.0, 1.0]
1375	MoeSQLmosa	3	1	[1.7976931348623156E306, 1.7976931348623156E306, 0.0, 1.7976931348623156E306]
1375	MOTGA	0	4	[0.0, 0.0, 0.0, 0.0]
1376	MoeSQLmosa	0	2	[0.0, 0.0]
1376	MOTGA	0	2	[0.0, 0.0]
1377	MoeSQLmosa	0	2	[569.114712514318, 568.114712514318, 567.114712514318, 569.114712514318, 568.114712514318, 569.114712514318, 568.114712514318, 550.3271970576849, 551.3271970576849, 0.0, 1.0, 523.7875154566331, 568.114712514318, 2.0, 568.114712514318]
1377	MoeSQLmosa	1	2	[34.47293588054458, 33.47293588054458, 34.47293588054458, 34.47293588054458, 33.47293588054458, 34.47293588054458, 33.47293588054458, 0.0, 1.0, 2.0, 3.0, 33.47293588054458, 33.47293588054458, 2.0, 33.47293588054458]
1377	MoeSQLmosa	2	2	[1.0, 0.0, 1.0, 1.0, 0.0, 1.0, 0.0, 1.0, 1.0, 2.0, 3.0, 2.0, 1.0, 1.0, 2.0]
1377	MoeSQLmosa	3	2	[1.7976931348623156E306, 1.7976931348623156E306, 1.7976931348623156E306, 1.7976931348623156E306, 1.7976931348623156E306, 1.7976931348623156E306, 1.7976931348623156E306, 1.7976931348623156E306, 1.7976931348623156E306, 1.0, 0.0, 258.0, 1.7976931348623156E306, 2.0, 1.7976931348623156E306]
1377	MoeSQLmosa	4	2	[27.235137085137087, 26.235137085137087, 27.235137085137087, 27.235137085137087, 26.235137085137087, 27.235137085137087, 26.235137085137087, 27.235137085137087, 27.235137085137087, 0.0, 1.0, 0.0, 26.235137085137087, 2.0, 26.235137085137087]
1377	MoeSQLmosa	5	2	[0.0, 1.0, 2.0, 2.0, 1.0, 2.0, 1.0, 2.0, 2.0, 2.0, 3.0, 1.0, 1.0, 2.0, 1.0]
1377	MoeSQLmosa	6	2	[1.7976931348623156E306, 1.7976931348623156E306, 1.7976931348623156E306, 1.7976931348623156E306, 1.7976931348623156E306, 1.7976931348623156E306, 1.7976931348623156E306, 1.7976931348623156E306, 0.0, 2.0, 3.0, 1.7976931348623156E306, 1.7976931348623156E306, 2.0, 1.7976931348623156E306]
1377	MoeSQLmosa	7	4	[1.0, 0.0, 1.0, 1.0, 0.0, 1.0, 0.0, 1.0, 1.0, 2.0, 3.0, 2.0, 0.0, 0.0, 1.0]
1377	MoeSQLmosa	8	2	[2.0, 1.0, 2.0, 0.0, 1.0, 2.0, 1.0, 2.0, 2.0, 2.0, 3.0, 1.0, 1.0, 2.0, 1.0]
1377	MoeSQLmosa	9	2	[2.0, 1.0, 2.0, 2.0, 1.0, 0.0, 1.0, 2.0, 2.0, 2.0, 3.0, 1.0, 1.0, 2.0, 1.0]
1377	MoeSQLmosa	10	4	[1.0, 0.0, 1.0, 1.0, 0.0, 1.0, 0.0, 1.0, 1.0, 2.0, 3.0, 2.0, 0.0, 1.0, 0.0]
1377	MoeSQLmosa	11	2	[2.0, 1.0, 0.0, 2.0, 1.0, 2.0, 1.0, 2.0, 2.0, 2.0, 3.0, 1.0, 1.0, 2.0, 1.0]
1377	MOTGA	0	2	[27.235137085137087, 26.235137085137087, 27.235137085137087, 27.235137085137087, 26.235137085137087, 27.235137085137087, 26.235137085137087, 27.235137085137087, 27.235137085137087, 0.0, 1.0, 0.0, 26.235137085137087, 2.0, 26.235137085137087]
1377	MOTGA	1	16	[0.0, 0.0, 0.0, 0.0, 0.0, 0.0, 0.0, 0.0, 0.0, 1.0, 0.0, 2.0, 0.0, 0.0, 0.0]
1378	MoeSQLmosa	0	3	[106.0375, 105.0375, 104.0375, 106.0375, 105.0375, 106.0375, 105.0375, 106.0375, 106.0375, 0.0, 0.0, 79.0, 105.0375, 2.0, 105.0375, 105.0375, 105.0375]
1378	MoeSQLmosa	1	3	[1.0, 0.0, 1.0, 1.0, 0.0, 1.0, 0.0, 1.0, 1.0, 2.0, 3.0, 2.0, 0.0, 1.0, 1.0, 1.0, 1.0]
1378	MoeSQLmosa	2	2	[28.73046218487395, 27.73046218487395, 28.73046218487395, 28.73046218487395, 27.73046218487395, 28.73046218487395, 27.73046218487395, 0.0, 1.0, 2.0, 3.0, 27.73046218487395, 27.73046218487395, 2.0, 27.73046218487395, 27.73046218487395, 27.73046218487395]
1378	MoeSQLmosa	3	2	[2.0, 1.0, 2.0, 2.0, 1.0, 0.0, 1.0, 2.0, 2.0, 2.0, 3.0, 1.0, 1.0, 2.0, 1.0, 1.0, 1.0]
1378	MoeSQLmosa	4	2	[22.75495593899675, 21.75495593899675, 22.75495593899675, 22.75495593899675, 21.75495593899675, 22.75495593899675, 21.75495593899675, 22.75495593899675, 22.75495593899675, 0.0, 1.0, 0.0, 21.75495593899675, 2.0, 21.75495593899675, 21.75495593899675, 21.75495593899675]
1378	MoeSQLmosa	5	2	[1.7976931348623156E306, 1.7976931348623156E306, 1.7976931348623156E306, 1.7976931348623156E306, 1.7976931348623156E306, 1.7976931348623156E306, 1.7976931348623156E306, 1.7976931348623156E306, 0.0, 2.0, 3.0, 1.7976931348623156E306, 1.7976931348623156E306, 2.0, 1.7976931348623156E306, 1.7976931348623156E306, 1.7976931348623156E306]
1378	MoeSQLmosa	6	2	[2.0, 1.0, 0.0, 2.0, 1.0, 2.0, 1.0, 2.0, 2.0, 2.0, 3.0, 1.0, 1.0, 2.0, 1.0, 1.0, 1.0]
1378	MoeSQLmosa	7	2	[2.0, 1.0, 2.0, 0.0, 1.0, 2.0, 1.0, 2.0, 2.0, 2.0, 3.0, 1.0, 1.0, 2.0, 1.0, 1.0, 1.0]
1378	MoeSQLmosa	8	2	[0.0, 1.0, 2.0, 2.0, 1.0, 2.0, 1.0, 2.0, 2.0, 2.0, 3.0, 1.0, 1.0, 2.0, 1.0, 1.0, 1.0]
1378	MoeSQLmosa	9	3	[1.0, 0.0, 1.0, 1.0, 0.0, 1.0, 0.0, 1.0, 1.0, 2.0, 3.0, 2.0, 1.0, 0.0, 2.0, 2.0, 2.0]
1378	MoeSQLmosa	10	4	[1.0, 0.0, 1.0, 1.0, 0.0, 1.0, 0.0, 1.0, 1.0, 2.0, 3.0, 2.0, 0.0, 1.0, 1.0, 0.0, 0.0]
1378	MoeSQLmosa	11	4	[1.0, 0.0, 1.0, 1.0, 0.0, 1.0, 0.0, 1.0, 1.0, 2.0, 3.0, 2.0, 0.0, 1.0, 0.0, 0.0, 0.0]
1378	MOTGA	0	17	[0.0, 0.0, 0.0, 0.0, 0.0, 0.0, 0.0, 0.0, 0.0, 0.0, 0.0, 1.7976931348623156E306, 0.0, 0.0, 0.0, 0.0, 0.0]
1379	MoeSQLmosa	0	3	[0.0, 0.0, 1.0, 1.0, 0.0, 1.0, 2.0, 2.0, 3.0]
1379	MoeSQLmosa	1	2	[35.73855311355311, 36.73855311355311, 36.73855311355311, 36.73855311355311, 35.73855311355311, 36.73855311355311, 0.0, 0.0, 1.0]
1379	MoeSQLmosa	2	2	[1.7976931348623156E306, 1.7976931348623156E306, 1.7976931348623156E306, 1.7976931348623156E306, 1.7976931348623156E306, 1.7976931348623156E306, 798.0, 1.0, 0.0]
1379	MoeSQLmosa	3	2	[12.815775335775337, 13.815775335775337, 13.815775335775337, 11.815775335775337, 12.815775335775337, 13.815775335775337, 1.0, 0.0, 1.0]
1379	MoeSQLmosa	4	2	[1.0, 2.0, 2.0, 0.0, 1.0, 2.0, 3.0, 2.0, 1.0]
1379	MoeSQLmosa	5	2	[1.0, 2.0, 2.0, 2.0, 1.0, 0.0, 3.0, 2.0, 1.0]
1379	MoeSQLmosa	6	2	[1.7976931348623156E306, 1.7976931348623156E306, 0.0, 1.7976931348623156E306, 1.7976931348623156E306, 1.7976931348623156E306, 2.0, 1.7976931348623156E306, 1.7976931348623156E306]
1379	MOTGA	0	8	[0.0, 0.0, 0.0, 0.0, 0.0, 0.0, 0.0, 2.0, 1.7976931348623156E306]
1380	MoeSQLmosa	0	1	[2.0, 1.0, 0.0, 933.0, 934.0, 935.0]
1380	MoeSQLmosa	1	1	[1.0, 0.0, 1.0, 721.0, 722.0, 723.0]
1380	MoeSQLmosa	2	1	[276.0, 275.0, 274.0, 2.0, 1.0, 0.0]
1380	MoeSQLmosa	3	1	[1.0, 0.0, 1.0, 1.0, 0.0, 1.0]
1380	MoeSQLmosa	4	1	[0.0, 1.0, 2.0, 699.0, 700.0, 701.0]
1380	MoeSQLmosa	5	1	[1.0, 0.0, 1.0, 0.0, 1.0, 2.0]
1380	MOTGA	0	5	[0.0, 0.0, 0.0, 0.0, 0.0, 0.0]
1381	MoeSQLmosa	0	1	[16.224658156435265, 0.0, 1.0, 17.224658156435265, 16.224658156435265, 17.224658156435265, 17.224658156435265, 17.224658156435265, 17.224658156435265, 17.224658156435265, 16.224658156435265]
1381	MoeSQLmosa	1	1	[1.7976931348623156E306, 1.7976931348623156E306, 1.7976931348623156E306, 1.7976931348623156E306, 1.7976931348623156E306, 1.7976931348623156E306, 1.7976931348623156E306, 0.0, 1.7976931348623156E306, 1.7976931348623156E306, 1.7976931348623156E306]
1381	MoeSQLmosa	2	1	[20.400068630556436, 21.400068630556436, 21.400068630556436, 21.400068630556436, 20.400068630556436, 21.400068630556436, 0.0, 1.0, 21.400068630556436, 21.400068630556436, 20.400068630556436]
1381	MoeSQLmosa	3	1	[0.0, 1.0, 1.0, 1.0, 0.0, 1.0, 1.0, 1.0, 1.0, 1.0, 0.0]
1381	MoeSQLmosa	4	1	[1.0, 2.0, 2.0, 2.0, 1.0, 2.0, 2.0, 2.0, 0.0, 1.0, 1.0]
1381	MoeSQLmosa	5	1	[1.7976931348623156E306, 1.7976931348623156E306, 0.0, 1.7976931348623156E306, 1.7976931348623156E306, 1.7976931348623156E306, 1.7976931348623156E306, 1.7976931348623156E306, 1.7976931348623156E306, 1.7976931348623156E306, 1.7976931348623156E306]
1381	MoeSQLmosa	6	1	[0.0, 1.0, 1.0, 1.0, 0.0, 1.0, 1.0, 1.0, 1.7976931348623156E306, 0.0, 1.7976931348623156E306]
1381	MoeSQLmosa	7	1	[1.0, 2.0, 2.0, 2.0, 1.0, 0.0, 2.0, 2.0, 2.0, 2.0, 1.0]
1381	MoeSQLmosa	8	1	[1.0, 2.0, 2.0, 0.0, 1.0, 2.0, 2.0, 2.0, 2.0, 2.0, 1.0]
1381	MOTGA	0	9	[0.0, 0.0, 0.0, 0.0, 0.0, 0.0, 0.0, 0.0, 0.0, 0.0, 0.0]
1382	MoeSQLmosa	0	1	[1.0, 0.0, 1.0, 1.0, 0.0, 1.0, 0.0, 1.0, 1.0, 0.0]
1382	MoeSQLmosa	1	1	[23.676521627383696, 22.676521627383696, 23.676521627383696, 23.676521627383696, 22.676521627383696, 23.676521627383696, 22.676521627383696, 0.0, 1.0, 22.676521627383696]
1382	MoeSQLmosa	2	1	[2.0, 1.0, 2.0, 0.0, 1.0, 2.0, 1.0, 2.0, 2.0, 0.0]
1382	MoeSQLmosa	3	1	[0.0, 1.0, 2.0, 2.0, 1.0, 2.0, 1.0, 2.0, 2.0, 1.0]
1382	MoeSQLmosa	4	1	[1.7976931348623156E306, 1.7976931348623156E306, 1.7976931348623156E306, 1.7976931348623156E306, 1.7976931348623156E306, 1.7976931348623156E306, 1.7976931348623156E306, 1.7976931348623156E306, 0.0, 1.7976931348623156E306]
1382	MoeSQLmosa	5	1	[2.0, 1.0, 0.0, 2.0, 1.0, 2.0, 1.0, 2.0, 2.0, 1.0]
1382	MoeSQLmosa	6	1	[2.0, 1.0, 2.0, 2.0, 1.0, 0.0, 1.0, 2.0, 2.0, 0.0]
1382	MOTGA	0	7	[0.0, 0.0, 0.0, 0.0, 0.0, 0.0, 0.0, 0.0, 0.0, 0.0]
1383	MoeSQLmosa	0	1	[1.0, 0.0]
1383	MoeSQLmosa	1	1	[0.0, 11.886367331855139]
1383	MOTGA	0	2	[0.0, 0.0]
1384	MoeSQLmosa	0	3	[0.0]
1384	MOTGA	0	3	[0.0]
1385	MoeSQLmosa	0	1	[1.0, 0.0]
1385	MoeSQLmosa	1	1	[0.0, 16.58330745341615]
1385	MOTGA	0	2	[0.0, 0.0]
1386	MoeSQLmosa	0	1	[0.0, 24.313333333333333, 1.0]
1386	MoeSQLmosa	1	1	[1.0, 0.0, 1.0]
1386	MoeSQLmosa	2	1	[1.7976931348623156E306, 1.7976931348623156E306, 0.0]
1386	MOTGA	0	3	[0.0, 0.0, 0.0]
1387	MoeSQLmosa	0	1	[1.0, 0.0, 1.0]
1387	MoeSQLmosa	1	1	[0.0, 21.539848094359726, 1.0]
1387	MoeSQLmosa	2	1	[1.7976931348623156E306, 1.7976931348623156E306, 0.0]
1387	MOTGA	0	3	[0.0, 0.0, 0.0]
1388	MoeSQLmosa	0	2	[0.0, 1.0, 1.0, 0.0, 1.0]
1388	MoeSQLmosa	1	1	[19.12038209223083, 0.0, 1.0, 20.12038209223083, 20.12038209223083]
1388	MoeSQLmosa	2	1	[1.7976931348623156E306, 1.7976931348623156E306, 0.0, 1.7976931348623156E306, 1.7976931348623156E306]
1388	MoeSQLmosa	3	1	[1.7976931348623156E306, 1.7976931348623156E306, 1.7976931348623156E306, 1.7976931348623156E306, 0.0]
1388	MOTGA	0	5	[0.0, 0.0, 0.0, 0.0, 0.0]
1389	MoeSQLmosa	0	2	[0.0, 0.0]
1389	MOTGA	0	2	[0.0, 0.0]
1390	MoeSQLmosa	0	3	[0.0, 1.0, 0.0, 0.0, 1.0]
1390	MoeSQLmosa	1	1	[21.250427390414444, 0.0, 1.0, 22.250427390414444, 22.250427390414444]
1390	MoeSQLmosa	2	1	[1.7976931348623156E306, 1.7976931348623156E306, 1.7976931348623156E306, 1.7976931348623156E306, 0.0]
1390	MOTGA	0	5	[0.0, 0.0, 0.0, 0.0, 0.0]
1393	MoeSQLmosa	0	1	[42.492900432900434, 43.492900432900434, 43.492900432900434, 0.0, 1.0]
1393	MoeSQLmosa	1	1	[23.414635854341736, 0.0, 1.0, 24.414635854341736, 24.414635854341736]
1393	MoeSQLmosa	2	1	[1.7976931348623156E306, 1.7976931348623156E306, 0.0, 1.7976931348623156E306, 1.7976931348623156E306]
1393	MoeSQLmosa	3	1	[0.0, 1.0, 1.0, 1.0, 1.0]
1393	MoeSQLmosa	4	1	[1.7976931348623156E306, 1.7976931348623156E306, 1.7976931348623156E306, 1.7976931348623156E306, 0.0]
1393	MOTGA	0	5	[0.0, 0.0, 0.0, 0.0, 0.0]
1394	MoeSQLmosa	0	1	[37.38462885154062, 0.0, 1.0, 38.38462885154062, 38.38462885154062, 38.38462885154062, 38.38462885154062, 81.65927170868348]
1394	MoeSQLmosa	1	1	[14.706591226792918, 15.706591226792918, 15.706591226792918, 0.0, 1.0, 15.706591226792918, 15.706591226792918, 23.134864437786717]
1394	MoeSQLmosa	2	1	[1.7976931348623156E306, 1.7976931348623156E306, 0.0, 1.7976931348623156E306, 1.7976931348623156E306, 1.7976931348623156E306, 1.7976931348623156E306, 1.7976931348623156E306]
1394	MoeSQLmosa	3	1	[12.535283359291567, 13.535283359291567, 13.535283359291567, 13.535283359291567, 13.535283359291567, 0.0, 1.0, 31.961971299011424]
1394	MoeSQLmosa	4	1	[1.7976931348623156E306, 1.7976931348623156E306, 1.7976931348623156E306, 1.7976931348623156E306, 1.7976931348623156E306, 1.7976931348623156E306, 0.0, 1.7976931348623156E306]
1394	MoeSQLmosa	5	1	[1.0, 2.0, 2.0, 2.0, 2.0, 2.0, 2.0, 0.0]
1394	MoeSQLmosa	6	1	[1.7976931348623156E306, 1.7976931348623156E306, 1.7976931348623156E306, 1.7976931348623156E306, 0.0, 1.7976931348623156E306, 1.7976931348623156E306, 1.7976931348623156E306]
1394	MoeSQLmosa	7	1	[0.0, 1.0, 1.0, 1.0, 1.0, 1.0, 1.0, 11.964067373179422]
1394	MOTGA	0	8	[0.0, 0.0, 0.0, 0.0, 0.0, 0.0, 0.0, 0.0]
1395	MoeSQLmosa	0	1	[31.085898143041, 0.0, 1.0, 32.085898143041, 32.085898143041, 32.085898143041, 32.085898143041]
1395	MoeSQLmosa	1	1	[6.0, 7.0, 7.0, 7.0, 7.0, 0.0, 1.0]
1395	MoeSQLmosa	2	1	[1.7976931348623156E306, 1.7976931348623156E306, 0.0, 1.7976931348623156E306, 1.7976931348623156E306, 1.7976931348623156E306, 1.7976931348623156E306]
1395	MoeSQLmosa	3	1	[0.0, 1.0, 1.0, 1.0, 1.0, 1.0, 1.0]
1395	MoeSQLmosa	4	1	[21.286105476673427, 22.286105476673427, 22.286105476673427, 0.0, 1.0, 22.286105476673427, 22.286105476673427]
1395	MoeSQLmosa	5	1	[1.7976931348623156E306, 1.7976931348623156E306, 1.7976931348623156E306, 1.7976931348623156E306, 1.7976931348623156E306, 1.7976931348623156E306, 0.0]
1395	MoeSQLmosa	6	1	[1.7976931348623156E306, 1.7976931348623156E306, 1.7976931348623156E306, 1.7976931348623156E306, 0.0, 1.7976931348623156E306, 1.7976931348623156E306]
1395	MOTGA	0	7	[0.0, 0.0, 0.0, 0.0, 0.0, 0.0, 0.0]
1396	MoeSQLmosa	0	2	[90.41856256712089, 65.2809628795697, 66.2809628795697, 48.787109491472755, 49.787109491472755, 90.41856256712089, 89.41856256712089, 90.41856256712089, 113.06807237104246, 91.41856256712089, 91.41856256712089, 90.41856256712089, 91.41856256712089, 91.41856256712089, 90.41856256712089, 91.41856256712089, 67.76905276319931, 68.76905276319931, 0.0, 3.0]
1396	MoeSQLmosa	1	2	[17.838398692810458, 18.838398692810458, 18.838398692810458, 18.838398692810458, 18.838398692810458, 369.53732861054465, 370.53732861054465, 371.53732861054465, 34.676797385620915, 18.838398692810458, 18.838398692810458, 17.838398692810458, 16.838398692810458, 18.838398692810458, 17.838398692810458, 18.838398692810458, 0.0, 1.0, 1.0, 3.0]
1396	MoeSQLmosa	2	2	[1.0, 2.0, 2.0, 2.0, 2.0, 1.0, 2.0, 3.0, 23.192424242424245, 2.0, 2.0, 1.0, 2.0, 0.0, 1.0, 2.0, 3.0, 4.0, 2.0, 3.0]
1396	MoeSQLmosa	3	2	[1.0, 2.0, 2.0, 2.0, 2.0, 352.6989299177342, 353.6989299177342, 354.6989299177342, 23.192424242424245, 2.0, 2.0, 1.0, 0.0, 2.0, 1.0, 2.0, 2.0, 3.0, 1.0, 3.0]
1396	MoeSQLmosa	4	2	[0.0, 1.0, 1.0, 1.0, 1.0, 0.0, 1.0, 2.0, 22.192424242424245, 1.0, 1.0, 0.0, 1.0, 1.0, 0.0, 1.0, 2.0, 3.0, 2.0, 2.0]
1396	MoeSQLmosa	5	2	[40.31464003695461, 41.31464003695461, 41.31464003695461, 0.0, 1.0, 706.5914697961038, 707.5914697961038, 708.5914697961038, 57.241262786186056, 41.31464003695461, 41.31464003695461, 40.31464003695461, 41.31464003695461, 41.31464003695461, 40.31464003695461, 41.31464003695461, 42.31464003695461, 43.31464003695461, 2.0, 3.0]
1396	MoeSQLmosa	6	2	[1.7571428571428571, 0.0, 1.0, 2.757142857142857, 2.757142857142857, 352.39305277487705, 353.39305277487705, 354.39305277487705, 23.9495670995671, 2.757142857142857, 2.757142857142857, 1.7571428571428571, 2.757142857142857, 2.757142857142857, 1.7571428571428571, 2.757142857142857, 3.757142857142857, 4.757142857142857, 2.0, 3.0]
1396	MoeSQLmosa	7	2	[1.0, 2.0, 2.0, 2.0, 2.0, 1.0, 2.0, 3.0, 0.0, 1.0, 2.0, 1.0, 2.0, 2.0, 1.0, 2.0, 2.0, 3.0, 1.0, 3.0]
1396	MoeSQLmosa	8	2	[1.7976931348623156E306, 1.7976931348623156E306, 1.7976931348623156E306, 1.7976931348623156E306, 1.7976931348623156E306, 1.7976931348623156E306, 1.7976931348623156E306, 1.7976931348623156E306, 1.7976931348623156E306, 0.0, 1.7976931348623156E306, 1.7976931348623156E306, 1.7976931348623156E306, 1.7976931348623156E306, 1.7976931348623156E306, 1.7976931348623156E306, 2.0, 3.0, 1.7976931348623156E306, 3.0]
1396	MoeSQLmosa	9	2	[1.7976931348623156E306, 1.7976931348623156E306, 1.7976931348623156E306, 1.7976931348623156E306, 0.0, 1.7976931348623156E306, 1.7976931348623156E306, 1.7976931348623156E306, 1.7976931348623156E306, 1.7976931348623156E306, 1.7976931348623156E306, 1.7976931348623156E306, 1.7976931348623156E306, 1.7976931348623156E306, 1.7976931348623156E306, 1.7976931348623156E306, 1.7976931348623156E306, 1.7976931348623156E306, 2.0, 3.0]
1396	MoeSQLmosa	10	2	[1.0, 2.0, 2.0, 2.0, 2.0, 1.0, 0.0, 1.0, 23.192424242424245, 2.0, 2.0, 1.0, 2.0, 2.0, 1.0, 2.0, 3.0, 4.0, 2.0, 3.0]
1396	MoeSQLmosa	11	2	[2.0, 3.0, 3.0, 3.0, 3.0, 2.0, 1.0, 0.0, 24.192424242424245, 3.0, 3.0, 2.0, 3.0, 3.0, 2.0, 3.0, 4.0, 5.0, 2.0, 3.0]
1396	MoeSQLmosa	12	2	[1.7976931348623156E306, 1.7976931348623156E306, 0.0, 1.7976931348623156E306, 1.7976931348623156E306, 1.7976931348623156E306, 1.7976931348623156E306, 1.7976931348623156E306, 1.7976931348623156E306, 1.7976931348623156E306, 1.7976931348623156E306, 1.7976931348623156E306, 1.7976931348623156E306, 1.7976931348623156E306, 1.7976931348623156E306, 1.7976931348623156E306, 1.7976931348623156E306, 1.7976931348623156E306, 2.0, 3.0]
1396	MoeSQLmosa	13	2	[1.0, 2.0, 2.0, 2.0, 2.0, 154.0, 155.0, 156.0, 19.926622749231445, 2.0, 0.0, 1.0, 2.0, 2.0, 1.0, 2.0, 2.0, 3.0, 1.0, 3.0]
1396	MoeSQLmosa	14	2	[1.7976931348623156E306, 1.7976931348623156E306, 1.7976931348623156E306, 1.7976931348623156E306, 1.7976931348623156E306, 1.7976931348623156E306, 1.7976931348623156E306, 1.7976931348623156E306, 1.7976931348623156E306, 1.7976931348623156E306, 1.7976931348623156E306, 1.7976931348623156E306, 1.7976931348623156E306, 1.7976931348623156E306, 1.7976931348623156E306, 1.7976931348623156E306, 1.0, 0.0, 88.0, 3.0]
1396	MoeSQLmosa	15	4	[0.0, 1.0, 1.0, 1.0, 1.0, 0.0, 1.0, 2.0, 16.322050960735172, 1.0, 1.0, 0.0, 1.0, 1.0, 0.0, 1.0, 2.0, 3.0, 2.0, 0.0]
1396	MoeSQLmosa	16	2	[1.0, 2.0, 2.0, 2.0, 2.0, 1.0, 2.0, 3.0, 17.838398692810458, 2.0, 2.0, 1.0, 2.0, 2.0, 1.0, 0.0, 3.0, 4.0, 2.0, 3.0]
1396	MOTGA	0	4	[1.7571428571428571, 0.0, 1.0, 0.0, 1.0, 352.39305277487705, 353.39305277487705, 354.39305277487705, 18.683765606374305, 2.757142857142857, 2.757142857142857, 1.7571428571428571, 2.757142857142857, 2.757142857142857, 1.7571428571428571, 2.757142857142857, 0.0, 1.0, 2.0, 3.0]
1396	MOTGA	1	15	[0.0, 1.0, 0.0, 1.0, 0.0, 0.0, 0.0, 0.0, 0.0, 0.0, 0.0, 0.0, 0.0, 0.0, 0.0, 0.0, 1.0, 0.0, 2.0, 0.0]
1397	MoeSQLmosa	0	2	[0.0, 0.0]
1397	MOTGA	0	2	[0.0, 0.0]
1398	MoeSQLmosa	0	3	[1006.0, 2031.0, 1007.0, 2010.0, 1028.0, 1.0, 1027.0, 2.0, 1006.0, 2.0, 1005.0, 2031.0, 1006.0, 1006.0, 1005.0, 1006.0, 1997.0, 1.0, 0.0, 1.0, 12.034722222222221, 2.0, 1.7976931348623156E306, 1.7976931348623156E306, 1.0, 0.0, 1.7976931348623156E306, 1.7976931348623156E306, 1.7976931348623156E306, 1.7976931348623156E306, 1.7976931348623156E306, 1.7976931348623156E306, 1.7976931348623156E306, 1.7976931348623156E306, 1.7976931348623156E306, 1.7976931348623156E306, 1.7976931348623156E306, 1.7976931348623156E306]
1398	MoeSQLmosa	1	3	[588.0, 1342.0, 589.0, 1175.0, 756.0, 0.0, 755.0, 1.0, 588.0, 1.0, 589.0, 1344.0, 590.0, 590.0, 589.0, 588.0, 659.0, 1.0, 12.034722222222221, 2.0, 0.0, 1.0, 1.7976931348623156E306, 1.7976931348623156E306, 0.0, 1.0, 1.7976931348623156E306, 1.7976931348623156E306, 1.7976931348623156E306, 1.7976931348623156E306, 1.7976931348623156E306, 1.7976931348623156E306, 1.7976931348623156E306, 1.7976931348623156E306, 1.7976931348623156E306, 1.7976931348623156E306, 1.7976931348623156E306, 1.7976931348623156E306]
1398	MoeSQLmosa	2	3	[0.0, 439.0, 558.0, 556.0, 1.0, 439.0, 0.0, 1.0, 996.0, 440.0, 818.0, 379.0, 937.0, 819.0, 818.0, 817.0, 766.0, 440.0, 451.03472222222223, 441.0, 460.1177713043259, 441.0, 1.7976931348623156E306, 439.0, 439.0, 440.0, 1.7976931348623156E306, 1.7976931348623156E306, 1.7976931348623156E306, 1.7976931348623156E306, 1.7976931348623156E306, 1.7976931348623156E306, 1.7976931348623156E306, 450.03472222222223, 1.7976931348623156E306, 1.7976931348623156E306, 1.7976931348623156E306, 1.7976931348623156E306]
1398	MoeSQLmosa	3	3	[1.7976931348623156E306, 1.7976931348623156E306, 956.0, 3.595386269724631E306, 3.595386269724631E306, 1.7976931348623156E306, 1.7976931348623156E306, 0.0, 3.595386269724631E306, 3.595386269724631E306, 3.595386269724631E306, 3.595386269724631E306, 1775.0, 3.595386269724631E306, 3.595386269724631E306, 3.595386269724631E306, 3.595386269724631E306, 1.7976931348623156E306, 1.7976931348623156E306, 1.7976931348623156E306, 1.7976931348623156E306, 1.7976931348623156E306, 3.595386269724631E306, 3.595386269724631E306, 1.7976931348623156E306, 1.7976931348623156E306, 3.595386269724631E306, 3.595386269724631E306, 3.595386269724631E306, 3.595386269724631E306, 3.595386269724631E306, 3.595386269724631E306, 3.595386269724631E306, 3.595386269724631E306, 3.595386269724631E306, 3.595386269724631E306, 3.595386269724631E306, 3.595386269724631E306]
1398	MoeSQLmosa	4	3	[0.0, 742.0, 1.0, 908.0, 744.0, 908.0, 1651.0, 909.0, 0.0, 1.0, 160.0, 903.0, 161.0, 161.0, 160.0, 159.0, 205.0, 162.0, 161.0, 162.0, 161.0, 162.0, 1.7976931348623156E306, 1.7976931348623156E306, 160.0, 161.0, 1.7976931348623156E306, 1.7976931348623156E306, 1.7976931348623156E306, 1.7976931348623156E306, 1.7976931348623156E306, 1.7976931348623156E306, 1.7976931348623156E306, 1.7976931348623156E306, 1.7976931348623156E306, 1.7976931348623156E306, 1.7976931348623156E306, 1.7976931348623156E306]
1398	MoeSQLmosa	5	3	[335.0, 668.0, 901.0, 1233.0, 336.0, 1.0, 335.0, 2.0, 900.0, 2.0, 334.0, 668.0, 900.0, 335.0, 334.0, 335.0, 1326.0, 1.0, 42.625, 2.0, 12.034722222222221, 2.0, 1.7976931348623156E306, 0.0, 1.0, 0.0, 1.7976931348623156E306, 1.7976931348623156E306, 1.7976931348623156E306, 1.7976931348623156E306, 1.7976931348623156E306, 1.7976931348623156E306, 1.7976931348623156E306, 11.034722222222221, 1.7976931348623156E306, 1.7976931348623156E306, 1.7976931348623156E306, 1.7976931348623156E306]
1398	MoeSQLmosa	6	3	[276.03472222222223, 540.0347222222222, 604.0347222222222, 867.0347222222222, 277.03472222222223, 11.034722222222221, 276.03472222222223, 12.034722222222221, 603.0347222222222, 12.034722222222221, 297.03472222222223, 562.0347222222222, 625.0347222222222, 298.03472222222223, 297.03472222222223, 298.03472222222223, 276.03472222222223, 0.0, 24.267424242424244, 1.0, 11.034722222222221, 1.0, 1.7976931348623156E306, 1.7976931348623156E306, 11.034722222222221, 12.034722222222221, 1.7976931348623156E306, 1.7976931348623156E306, 1.7976931348623156E306, 1.7976931348623156E306, 1.7976931348623156E306, 1.7976931348623156E306, 1.7976931348623156E306, 1.7976931348623156E306, 1.7976931348623156E306, 1.7976931348623156E306, 1.7976931348623156E306, 1.7976931348623156E306]
1398	MoeSQLmosa	7	3	[0.0, 357.0, 598.0, 595.0, 1.0, 357.0, 0.0, 2.0, 953.0, 358.0, 357.0, 0.0, 597.0, 358.0, 357.0, 358.0, 416.0, 358.0, 357.0, 358.0, 369.03472222222223, 359.0, 1.7976931348623156E306, 1.7976931348623156E306, 357.0, 358.0, 1.7976931348623156E306, 1.7976931348623156E306, 1.7976931348623156E306, 1.7976931348623156E306, 1.7976931348623156E306, 1.7976931348623156E306, 1.7976931348623156E306, 1.7976931348623156E306, 1.7976931348623156E306, 1.7976931348623156E306, 1.7976931348623156E306, 1.7976931348623156E306]
1398	MoeSQLmosa	8	3	[382.0, 762.0, 989.0, 1368.0, 383.0, 1.0, 382.0, 2.0, 988.0, 2.0, 381.0, 762.0, 988.0, 382.0, 381.0, 382.0, 431.0, 1.0, 0.0, 1.0, 13.202532040993255, 2.0, 1.7976931348623156E306, 1.7976931348623156E306, 0.0, 1.0, 1.7976931348623156E306, 1.7976931348623156E306, 1.7976931348623156E306, 1.7976931348623156E306, 1.7976931348623156E306, 1.7976931348623156E306, 1.7976931348623156E306, 1.7976931348623156E306, 0.0, 1.7976931348623156E306, 1.7976931348623156E306, 1.7976931348623156E306]
1398	MoeSQLmosa	9	3	[968.0, 1934.0, 1038.0, 2003.0, 969.0, 1.0, 968.0, 2.0, 1037.0, 2.0, 967.0, 1934.0, 1037.0, 968.0, 967.0, 968.0, 1004.0, 1.0, 27.291666666666668, 2.0, 0.0, 1.0, 1.7976931348623156E306, 1.7976931348623156E306, 0.0, 1.0, 1.7976931348623156E306, 0.0, 1.7976931348623156E306, 1.7976931348623156E306, 1.7976931348623156E306, 1.7976931348623156E306, 1.7976931348623156E306, 1.7976931348623156E306, 1.7976931348623156E306, 1.7976931348623156E306, 1.7976931348623156E306, 1.7976931348623156E306]
1398	MoeSQLmosa	10	3	[1.0, 319.0, 2.0, 726.0, 321.0, 726.0, 1045.0, 727.0, 1.0, 2.0, 0.0, 319.0, 1.0, 1.0, 0.0, 1.0, 13.0, 1.0, 45.86425339366516, 2.0, 0.0, 1.0, 1.7976931348623156E306, 1.7976931348623156E306, 0.0, 1.0, 1.7976931348623156E306, 1.7976931348623156E306, 1.7976931348623156E306, 1.7976931348623156E306, 1.7976931348623156E306, 1.7976931348623156E306, 1.7976931348623156E306, 1.7976931348623156E306, 1.7976931348623156E306, 1.7976931348623156E306, 1.7976931348623156E306, 1.7976931348623156E306]
1398	MoeSQLmosa	11	3	[1.7976931348623156E306, 1.7976931348623156E306, 3.595386269724631E306, 1.7976931348623156E306, 0.0, 3.595386269724631E306, 1.7976931348623156E306, 3.595386269724631E306, 3.595386269724631E306, 139.0, 1.7976931348623156E306, 1.7976931348623156E306, 1.7976931348623156E306, 1.7976931348623156E306, 1.7976931348623156E306, 1.7976931348623156E306, 1.7976931348623156E306, 1.7976931348623156E306, 1.7976931348623156E306, 1.7976931348623156E306, 1.7976931348623156E306, 1.7976931348623156E306, 3.595386269724631E306, 3.595386269724631E306, 1.7976931348623156E306, 1.7976931348623156E306, 3.595386269724631E306, 3.595386269724631E306, 3.595386269724631E306, 3.595386269724631E306, 3.595386269724631E306, 3.595386269724631E306, 3.595386269724631E306, 3.595386269724631E306, 3.595386269724631E306, 3.595386269724631E306, 3.595386269724631E306, 3.595386269724631E306]
1398	MoeSQLmosa	12	3	[1.7976931348623156E306, 1.7976931348623156E306, 1.0, 3.595386269724631E306, 5.393079404586947E306, 5.393079404586947E306, 5.393079404586947E306, 531.0, 1.7976931348623156E306, 5.393079404586947E306, 1.7976931348623156E306, 1.7976931348623156E306, 0.0, 3.595386269724631E306, 1.7976931348623156E306, 3.595386269724631E306, 3.595386269724631E306, 1.7976931348623156E306, 1.7976931348623156E306, 1.7976931348623156E306, 1.7976931348623156E306, 1.7976931348623156E306, 3.595386269724631E306, 3.595386269724631E306, 1.7976931348623156E306, 1.7976931348623156E306, 3.595386269724631E306, 3.595386269724631E306, 3.595386269724631E306, 3.595386269724631E306, 3.595386269724631E306, 3.595386269724631E306, 3.595386269724631E306, 3.595386269724631E306, 3.595386269724631E306, 3.595386269724631E306, 1.7976931348623156E306, 3.595386269724631E306]
1398	MoeSQLmosa	13	3	[0.0, 384.0, 1.0, 578.0, 386.0, 578.0, 963.0, 579.0, 0.0, 1.0, 49.0, 434.0, 50.0, 50.0, 49.0, 50.0, 0.0, 50.0, 74.72835497835499, 51.0, 49.0, 50.0, 1.7976931348623156E306, 1.7976931348623156E306, 0.0, 1.0, 1.7976931348623156E306, 1.7976931348623156E306, 1.7976931348623156E306, 1.7976931348623156E306, 1.7976931348623156E306, 1.7976931348623156E306, 1.7976931348623156E306, 1.7976931348623156E306, 1.7976931348623156E306, 1.7976931348623156E306, 1.7976931348623156E306, 1.7976931348623156E306]
1398	MoeSQLmosa	14	3	[1.7976931348623156E306, 3.595386269724631E306, 3.595386269724631E306, 1.7976931348623156E306, 90.0, 1.7976931348623156E306, 3.595386269724631E306, 3.595386269724631E306, 1.7976931348623156E306, 0.0, 1.7976931348623156E306, 1.7976931348623156E306, 1.7976931348623156E306, 1.7976931348623156E306, 1.7976931348623156E306, 1.7976931348623156E306, 1.7976931348623156E306, 1.7976931348623156E306, 1.7976931348623156E306, 1.7976931348623156E306, 1.7976931348623156E306, 1.7976931348623156E306, 3.595386269724631E306, 3.595386269724631E306, 1.7976931348623156E306, 1.7976931348623156E306, 3.595386269724631E306, 3.595386269724631E306, 3.595386269724631E306, 3.595386269724631E306, 3.595386269724631E306, 3.595386269724631E306, 3.595386269724631E306, 3.595386269724631E306, 3.595386269724631E306, 3.595386269724631E306, 3.595386269724631E306, 3.595386269724631E306]
1398	MoeSQLmosa	15	3	[1.7976931348623156E306, 1.7976931348623156E306, 0.0, 1.7976931348623156E306, 3.595386269724631E306, 3.595386269724631E306, 3.595386269724631E306, 321.0, 1.7976931348623156E306, 3.595386269724631E306, 3.595386269724631E306, 3.595386269724631E306, 64.0, 3.595386269724631E306, 3.595386269724631E306, 3.595386269724631E306, 1.7976931348623156E306, 1.7976931348623156E306, 1.7976931348623156E306, 1.7976931348623156E306, 1.7976931348623156E306, 1.7976931348623156E306, 3.595386269724631E306, 3.595386269724631E306, 1.7976931348623156E306, 1.7976931348623156E306, 3.595386269724631E306, 3.595386269724631E306, 3.595386269724631E306, 3.595386269724631E306, 3.595386269724631E306, 3.595386269724631E306, 3.595386269724631E306, 3.595386269724631E306, 3.595386269724631E306, 3.595386269724631E306, 3.595386269724631E306, 3.595386269724631E306]
1398	MoeSQLmosa	16	3	[1.7976931348623156E306, 1.7976931348623156E306, 1.7976931348623156E306, 1.7976931348623156E306, 1.7976931348623156E306, 1.7976931348623156E306, 1.7976931348623156E306, 1.7976931348623156E306, 1.7976931348623156E306, 1.7976931348623156E306, 1.7976931348623156E306, 1.7976931348623156E306, 1.7976931348623156E306, 1.7976931348623156E306, 1.7976931348623156E306, 1.7976931348623156E306, 1.7976931348623156E306, 1.7976931348623156E306, 1.7976931348623156E306, 1.7976931348623156E306, 1.7976931348623156E306, 0.0, 3.595386269724631E306, 3.595386269724631E306, 1.7976931348623156E306, 1.7976931348623156E306, 3.595386269724631E306, 3.595386269724631E306, 3.595386269724631E306, 3.595386269724631E306, 3.595386269724631E306, 3.595386269724631E306, 3.595386269724631E306, 3.595386269724631E306, 3.595386269724631E306, 3.595386269724631E306, 3.595386269724631E306, 3.595386269724631E306]
1398	MoeSQLmosa	17	3	[165.0, 1018.0, 166.0, 329.0, 855.0, 0.0, 854.0, 1.0, 165.0, 1.0, 716.0, 1570.0, 717.0, 715.0, 716.0, 717.0, 742.0, 1.7976931348623156E306, 1.7976931348623156E306, 1.0, 1.7976931348623156E306, 1.7976931348623156E306, 3.595386269724631E306, 3.595386269724631E306, 0.0, 1.0, 1.7976931348623156E306, 1.7976931348623156E306, 1.7976931348623156E306, 1.7976931348623156E306, 1.7976931348623156E306, 1.7976931348623156E306, 1.7976931348623156E306, 1.7976931348623156E306, 1.7976931348623156E306, 0.0, 1.7976931348623156E306, 1.7976931348623156E306]
1398	MoeSQLmosa	18	3	[0.0, 363.0, 1.0, 169.0, 365.0, 169.0, 533.0, 170.0, 0.0, 1.0, 1.0, 365.0, 2.0, 0.0, 1.0, 2.0, 21.0, 3.0, 2.0, 3.0, 2.0, 3.0, 1.7976931348623156E306, 1.7976931348623156E306, 1.0, 2.0, 1.7976931348623156E306, 1.7976931348623156E306, 1.7976931348623156E306, 1.7976931348623156E306, 1.7976931348623156E306, 1.7976931348623156E306, 1.7976931348623156E306, 1.7976931348623156E306, 1.0, 1.7976931348623156E306, 1.7976931348623156E306, 1.7976931348623156E306]
1398	MoeSQLmosa	19	3	[240.0, 479.0, 777.0, 1015.0, 241.0, 0.0, 240.0, 1.0, 776.0, 1.0, 260.0, 500.0, 797.0, 261.0, 260.0, 261.0, 240.0, 2.0, 27.68409090909091, 3.0, 1.0, 2.0, 1.7976931348623156E306, 1.0, 0.0, 1.0, 1.7976931348623156E306, 1.7976931348623156E306, 1.7976931348623156E306, 1.7976931348623156E306, 1.7976931348623156E306, 1.7976931348623156E306, 1.7976931348623156E306, 0.0, 1.7976931348623156E306, 1.7976931348623156E306, 1.7976931348623156E306, 1.7976931348623156E306]
1398	MoeSQLmosa	20	3	[304.0, 607.0, 466.0, 768.0, 305.0, 0.0, 304.0, 1.0, 465.0, 1.0, 791.0, 1095.0, 953.0, 792.0, 791.0, 790.0, 852.0, 1.0, 0.0, 1.0, 41.089817385679446, 2.0, 1.7976931348623156E306, 1.7976931348623156E306, 0.0, 1.0, 1.7976931348623156E306, 1.7976931348623156E306, 1.7976931348623156E306, 1.7976931348623156E306, 1.7976931348623156E306, 1.7976931348623156E306, 1.7976931348623156E306, 1.7976931348623156E306, 1.7976931348623156E306, 1.7976931348623156E306, 0.0, 1.7976931348623156E306]
1398	MoeSQLmosa	21	3	[1.7976931348623156E306, 1.7976931348623156E306, 1.7976931348623156E306, 1.7976931348623156E306, 1.7976931348623156E306, 1.7976931348623156E306, 1.7976931348623156E306, 1.7976931348623156E306, 1.7976931348623156E306, 1.7976931348623156E306, 1.7976931348623156E306, 1.7976931348623156E306, 1.7976931348623156E306, 1.7976931348623156E306, 1.7976931348623156E306, 1.7976931348623156E306, 1.7976931348623156E306, 1.7976931348623156E306, 1.7976931348623156E306, 0.0, 1.7976931348623156E306, 1.7976931348623156E306, 3.595386269724631E306, 3.595386269724631E306, 1.7976931348623156E306, 1.7976931348623156E306, 3.595386269724631E306, 3.595386269724631E306, 3.595386269724631E306, 3.595386269724631E306, 3.595386269724631E306, 3.595386269724631E306, 3.595386269724631E306, 3.595386269724631E306, 3.595386269724631E306, 3.595386269724631E306, 1.7976931348623156E306, 3.595386269724631E306]
1398	MoeSQLmosa	22	3	[0.0, 363.0, 1.0, 169.0, 365.0, 169.0, 533.0, 170.0, 0.0, 1.0, 1.0, 365.0, 2.0, 2.0, 1.0, 0.0, 21.0, 3.0, 2.0, 3.0, 2.0, 3.0, 1.7976931348623156E306, 1.7976931348623156E306, 1.0, 2.0, 1.7976931348623156E306, 1.7976931348623156E306, 1.7976931348623156E306, 1.7976931348623156E306, 1.7976931348623156E306, 1.7976931348623156E306, 1.7976931348623156E306, 1.7976931348623156E306, 1.0, 1.7976931348623156E306, 1.7976931348623156E306, 1.7976931348623156E306]
1398	MoeSQLmosa	23	3	[352.0, 718.0, 353.0, 703.0, 368.0, 0.0, 367.0, 1.0, 352.0, 1.0, 370.0, 737.0, 371.0, 371.0, 370.0, 371.0, 352.0, 2.0, 13.034722222222221, 3.0, 1.0, 2.0, 1.7976931348623156E306, 1.0, 0.0, 1.0, 1.7976931348623156E306, 1.7976931348623156E306, 0.0, 1.7976931348623156E306, 1.7976931348623156E306, 1.7976931348623156E306, 1.7976931348623156E306, 0.0, 1.7976931348623156E306, 1.7976931348623156E306, 1.7976931348623156E306, 1.7976931348623156E306]
1398	MoeSQLmosa	24	3	[1.7976931348623156E306, 3.595386269724631E306, 3.595386269724631E306, 1.7976931348623156E306, 772.0, 1.7976931348623156E306, 3.595386269724631E306, 3.595386269724631E306, 1.7976931348623156E306, 1.0, 1.7976931348623156E306, 1.7976931348623156E306, 1.7976931348623156E306, 1.7976931348623156E306, 1.7976931348623156E306, 1.7976931348623156E306, 1.7976931348623156E306, 1.0, 0.0, 1.0, 12.034722222222221, 2.0, 1.7976931348623156E306, 1.7976931348623156E306, 1.0, 0.0, 1.7976931348623156E306, 1.7976931348623156E306, 1.7976931348623156E306, 1.7976931348623156E306, 1.7976931348623156E306, 1.7976931348623156E306, 1.7976931348623156E306, 1.7976931348623156E306, 1.7976931348623156E306, 1.7976931348623156E306, 1.7976931348623156E306, 0.0]
1398	MoeSQLmosa	25	3	[242.0, 482.0, 721.0, 960.0, 243.0, 1.0, 242.0, 2.0, 720.0, 2.0, 241.0, 482.0, 720.0, 242.0, 241.0, 242.0, 268.0, 1.0, 12.034722222222221, 2.0, 0.0, 1.0, 1.7976931348623156E306, 1.7976931348623156E306, 0.0, 1.0, 1.7976931348623156E306, 1.7976931348623156E306, 1.7976931348623156E306, 0.0, 1.7976931348623156E306, 1.7976931348623156E306, 1.7976931348623156E306, 1.7976931348623156E306, 0.0, 1.7976931348623156E306, 1.7976931348623156E306, 1.7976931348623156E306]
1398	MoeSQLmosa	26	3	[242.0, 482.0, 721.0, 960.0, 243.0, 1.0, 242.0, 2.0, 720.0, 2.0, 241.0, 482.0, 720.0, 242.0, 241.0, 242.0, 268.0, 1.0, 12.034722222222221, 2.0, 0.0, 1.0, 1.7976931348623156E306, 1.7976931348623156E306, 0.0, 1.0, 1.7976931348623156E306, 1.7976931348623156E306, 1.7976931348623156E306, 1.7976931348623156E306, 0.0, 1.7976931348623156E306, 1.7976931348623156E306, 1.7976931348623156E306, 0.0, 1.7976931348623156E306, 1.7976931348623156E306, 1.7976931348623156E306]
1398	MoeSQLmosa	27	3	[393.0, 875.0, 394.0, 785.0, 484.0, 0.0, 483.0, 1.0, 393.0, 1.0, 1219.0, 1702.0, 1220.0, 1218.0, 1219.0, 1220.0, 1184.0, 1.7976931348623156E306, 1.7976931348623156E306, 2.0, 1.7976931348623156E306, 1.7976931348623156E306, 1.7976931348623156E306, 1.7976931348623156E306, 0.0, 1.0, 0.0, 1.7976931348623156E306, 1.7976931348623156E306, 1.7976931348623156E306, 1.7976931348623156E306, 1.7976931348623156E306, 1.7976931348623156E306, 0.0, 1.7976931348623156E306, 1.7976931348623156E306, 1.7976931348623156E306, 1.7976931348623156E306]
1398	MoeSQLmosa	28	3	[242.0, 482.0, 724.0, 963.0, 243.0, 1.0, 242.0, 2.0, 723.0, 2.0, 241.0, 482.0, 723.0, 242.0, 241.0, 242.0, 276.0, 2.0, 12.659722222222223, 3.0, 1.0, 2.0, 1.7976931348623156E306, 1.0, 0.0, 1.0, 1.7976931348623156E306, 1.7976931348623156E306, 1.7976931348623156E306, 1.7976931348623156E306, 1.7976931348623156E306, 1.7976931348623156E306, 0.0, 0.0, 1.7976931348623156E306, 1.7976931348623156E306, 1.7976931348623156E306, 1.7976931348623156E306]
1398	MoeSQLmosa	29	3	[393.0, 875.0, 394.0, 785.0, 484.0, 0.0, 483.0, 1.0, 393.0, 1.0, 1219.0, 1702.0, 1220.0, 1218.0, 1219.0, 1220.0, 1184.0, 1.0, 38.94444444444444, 2.0, 12.034722222222221, 2.0, 0.0, 1.7976931348623156E306, 0.0, 1.0, 11.034722222222221, 1.7976931348623156E306, 1.7976931348623156E306, 1.7976931348623156E306, 1.7976931348623156E306, 1.7976931348623156E306, 1.7976931348623156E306, 1.7976931348623156E306, 1.7976931348623156E306, 1.7976931348623156E306, 0.0, 1.7976931348623156E306]
1398	MoeSQLmosa	30	3	[703.0, 1404.0, 717.0, 1417.0, 704.0, 1.0, 703.0, 2.0, 716.0, 2.0, 702.0, 1404.0, 716.0, 703.0, 702.0, 703.0, 755.0, 1.0, 12.034722222222221, 2.0, 0.0, 1.0, 1.7976931348623156E306, 1.7976931348623156E306, 0.0, 1.0, 1.7976931348623156E306, 1.7976931348623156E306, 1.7976931348623156E306, 1.7976931348623156E306, 1.7976931348623156E306, 0.0, 1.7976931348623156E306, 1.7976931348623156E306, 1.7976931348623156E306, 1.7976931348623156E306, 1.7976931348623156E306, 1.7976931348623156E306]
1398	MoeSQLmosa	31	3	[1.0, 0.0, 1.0, 995.0, 3.0, 995.0, 996.0, 995.0, 1.0, 2.0, 42.0, 43.0, 42.0, 43.0, 42.0, 43.0, 1.0, 1.7976931348623156E306, 1.7976931348623156E306, 2.0, 1.7976931348623156E306, 1.7976931348623156E306, 1.7976931348623156E306, 3.595386269724631E306, 0.0, 1.0, 0.0, 1.7976931348623156E306, 1.7976931348623156E306, 1.7976931348623156E306, 1.7976931348623156E306, 1.7976931348623156E306, 1.7976931348623156E306, 1.7976931348623156E306, 1.7976931348623156E306, 1.7976931348623156E306, 1.7976931348623156E306, 1.7976931348623156E306]
1398	MOTGA	0	12	[0.0, 363.0, 0.0, 169.0, 365.0, 169.0, 533.0, 170.0, 0.0, 1.0, 1.0, 365.0, 2.0, 0.0, 1.0, 0.0, 21.0, 3.0, 2.0, 3.0, 2.0, 0.0, 1.7976931348623156E306, 1.7976931348623156E306, 1.0, 2.0, 1.7976931348623156E306, 1.7976931348623156E306, 1.7976931348623156E306, 1.7976931348623156E306, 1.7976931348623156E306, 1.7976931348623156E306, 1.7976931348623156E306, 1.7976931348623156E306, 1.0, 1.7976931348623156E306, 1.7976931348623156E306, 1.7976931348623156E306]
1398	MOTGA	1	12	[0.0, 384.0, 1.0, 329.0, 90.0, 0.0, 854.0, 1.0, 0.0, 0.0, 49.0, 434.0, 50.0, 50.0, 49.0, 50.0, 0.0, 50.0, 74.72835497835499, 0.0, 49.0, 50.0, 1.7976931348623156E306, 1.7976931348623156E306, 0.0, 1.0, 1.7976931348623156E306, 1.7976931348623156E306, 1.7976931348623156E306, 1.7976931348623156E306, 1.7976931348623156E306, 1.7976931348623156E306, 1.7976931348623156E306, 1.7976931348623156E306, 1.7976931348623156E306, 0.0, 1.7976931348623156E306, 1.7976931348623156E306]
1398	MOTGA	2	24	[1.0, 0.0, 1.0, 726.0, 0.0, 0.0, 242.0, 1.0, 1.0, 1.0, 0.0, 43.0, 0.0, 1.0, 0.0, 1.0, 1.0, 1.0, 12.034722222222221, 2.0, 0.0, 1.0, 0.0, 1.7976931348623156E306, 0.0, 1.0, 0.0, 0.0, 1.7976931348623156E306, 0.0, 0.0, 0.0, 1.7976931348623156E306, 1.7976931348623156E306, 0.0, 1.7976931348623156E306, 0.0, 1.7976931348623156E306]
1398	MOTGA	3	24	[0.0, 357.0, 353.0, 595.0, 1.0, 0.0, 0.0, 0.0, 352.0, 1.0, 241.0, 0.0, 371.0, 242.0, 241.0, 242.0, 268.0, 0.0, 0.0, 1.0, 0.0, 1.0, 1.7976931348623156E306, 0.0, 0.0, 0.0, 1.7976931348623156E306, 1.7976931348623156E306, 0.0, 0.0, 1.7976931348623156E306, 1.7976931348623156E306, 0.0, 0.0, 0.0, 1.7976931348623156E306, 1.7976931348623156E306, 0.0]
1399	MoeSQLmosa	0	1	[1.0, 0.0]
1399	MoeSQLmosa	1	1	[0.0, 41.17182844673462]
1399	MOTGA	0	2	[0.0, 0.0]
1400	MoeSQLmosa	0	2	[0.0, 1.0, 2.0, 1.0, 0.0]
1400	MoeSQLmosa	1	1	[1.0, 0.0, 1.0, 0.0, 9.431806653009463]
1400	MoeSQLmosa	2	1	[2.0, 1.0, 0.0, 1.0, 25.45909090909091]
1400	MOTGA	0	4	[0.0, 0.0, 0.0, 0.0, 0.0]
1401	MoeSQLmosa	0	1	[18.870336461674075, 0.0, 1.0, 19.870336461674075, 19.870336461674075, 19.870336461674075, 19.870336461674075]
1401	MoeSQLmosa	1	1	[18.870336461674075, 19.870336461674075, 19.870336461674075, 0.0, 1.0, 19.870336461674075, 19.870336461674075]
1401	MoeSQLmosa	2	1	[28.173076923076923, 29.173076923076923, 29.173076923076923, 29.173076923076923, 29.173076923076923, 0.0, 1.0]
1401	MoeSQLmosa	3	1	[1.7976931348623156E306, 1.7976931348623156E306, 1.7976931348623156E306, 1.7976931348623156E306, 1.7976931348623156E306, 1.7976931348623156E306, 0.0]
1401	MoeSQLmosa	4	1	[1.7976931348623156E306, 1.7976931348623156E306, 1.7976931348623156E306, 1.7976931348623156E306, 0.0, 1.7976931348623156E306, 1.7976931348623156E306]
1401	MoeSQLmosa	5	1	[0.0, 1.0, 1.0, 1.0, 1.0, 1.0, 1.0]
1401	MoeSQLmosa	6	1	[1.7976931348623156E306, 1.7976931348623156E306, 0.0, 1.7976931348623156E306, 1.7976931348623156E306, 1.7976931348623156E306, 1.7976931348623156E306]
1401	MOTGA	0	7	[0.0, 0.0, 0.0, 0.0, 0.0, 0.0, 0.0]
1402	MoeSQLmosa	0	2	[0.0, 0.0]
1402	MOTGA	0	2	[0.0, 0.0]
1403	MoeSQLmosa	0	1	[9.0, 10.0, 10.0, 0.0, 1.0]
1403	MoeSQLmosa	1	1	[27.76671694318753, 0.0, 1.0, 28.76671694318753, 28.76671694318753]
1403	MoeSQLmosa	2	1	[0.0, 1.0, 1.0, 1.0, 1.0]
1403	MoeSQLmosa	3	1	[1.7976931348623156E306, 1.7976931348623156E306, 0.0, 1.7976931348623156E306, 1.7976931348623156E306]
1403	MoeSQLmosa	4	1	[1.7976931348623156E306, 1.7976931348623156E306, 1.7976931348623156E306, 1.7976931348623156E306, 0.0]
1403	MOTGA	0	5	[0.0, 0.0, 0.0, 0.0, 0.0]
1404	MoeSQLmosa	0	2	[0.0, 0.0]
1404	MOTGA	0	2	[0.0, 0.0]
1405	MoeSQLmosa	0	1	[29.385927244798214, 30.385927244798214, 30.385927244798214, 30.385927244798214, 30.385927244798214, 0.0, 1.0, 68.47609818496915]
1405	MoeSQLmosa	1	1	[30.674509803921566, 0.0, 1.0, 31.674509803921566, 31.674509803921566, 31.674509803921566, 31.674509803921566, 42.2778840233228]
1405	MoeSQLmosa	2	1	[9.718201754385966, 10.718201754385966, 10.718201754385966, 0.0, 1.0, 10.718201754385966, 10.718201754385966, 18.745625793830467]
1405	MoeSQLmosa	3	1	[0.0, 1.0, 1.0, 1.0, 1.0, 1.0, 1.0, 32.66360218728639]
1405	MoeSQLmosa	4	1	[1.0, 2.0, 2.0, 2.0, 2.0, 2.0, 2.0, 0.0]
1405	MoeSQLmosa	5	1	[1.7976931348623156E306, 1.7976931348623156E306, 1.7976931348623156E306, 1.7976931348623156E306, 1.7976931348623156E306, 1.7976931348623156E306, 0.0, 1.7976931348623156E306]
1405	MoeSQLmosa	6	1	[1.7976931348623156E306, 1.7976931348623156E306, 0.0, 1.7976931348623156E306, 1.7976931348623156E306, 1.7976931348623156E306, 1.7976931348623156E306, 1.7976931348623156E306]
1405	MoeSQLmosa	7	1	[1.7976931348623156E306, 1.7976931348623156E306, 1.7976931348623156E306, 1.7976931348623156E306, 0.0, 1.7976931348623156E306, 1.7976931348623156E306, 1.7976931348623156E306]
1405	MOTGA	0	8	[0.0, 0.0, 0.0, 0.0, 0.0, 0.0, 0.0, 0.0]
1406	MoeSQLmosa	0	1	[2.0, 1.0, 2.0, 2.0, 1.0, 0.0]
1406	MoeSQLmosa	1	1	[1.0, 0.0, 1.0, 1.0, 0.0, 1.0]
1406	MoeSQLmosa	2	1	[2.0, 1.0, 0.0, 0.0, 1.0, 2.0]
1406	MoeSQLmosa	3	1	[0.0, 1.0, 2.0, 878.0, 879.0, 880.0]
1406	MOTGA	0	4	[0.0, 0.0, 0.0, 0.0, 0.0, 0.0]
1407	MoeSQLmosa	0	1	[43.92941176470588, 0.0, 1.0, 44.92941176470588, 44.92941176470588, 44.92941176470588, 43.92941176470588, 44.92941176470588]
1407	MoeSQLmosa	1	1	[2.0, 3.0, 3.0, 0.0, 1.0, 3.0, 2.0, 3.0]
1407	MoeSQLmosa	2	1	[1.7976931348623156E306, 1.7976931348623156E306, 0.0, 1.7976931348623156E306, 1.7976931348623156E306, 1.7976931348623156E306, 1.7976931348623156E306, 1.7976931348623156E306]
1407	MoeSQLmosa	3	1	[1.7976931348623156E306, 1.7976931348623156E306, 1.7976931348623156E306, 1.7976931348623156E306, 0.0, 1.7976931348623156E306, 1.7976931348623156E306, 1.7976931348623156E306]
1407	MoeSQLmosa	4	1	[0.0, 1.0, 1.0, 1.0, 1.0, 1.0, 0.0, 1.0]
1407	MoeSQLmosa	5	1	[1.0, 2.0, 2.0, 2.0, 2.0, 2.0, 1.0, 0.0]
1407	MoeSQLmosa	6	1	[1.0, 2.0, 2.0, 2.0, 2.0, 0.0, 1.0, 2.0]
1407	MOTGA	0	7	[0.0, 0.0, 0.0, 0.0, 0.0, 0.0, 0.0, 0.0]
1408	MoeSQLmosa	0	2	[0.0, 0.0]
1408	MOTGA	0	2	[0.0, 0.0]
1409	MoeSQLmosa	0	1	[0.0, 16.27650543900544]
1409	MoeSQLmosa	1	1	[1.0, 0.0]
1409	MOTGA	0	2	[0.0, 0.0]
1410	MoeSQLmosa	0	1	[1.0, 0.0, 1.0, 1.0, 2.0, 2.0, 1.0, 2.0]
1410	MoeSQLmosa	1	1	[432.47377533215433, 431.47377533215433, 430.47377533215433, 8.73449392837983, 0.0, 9.73449392837983, 8.73449392837983, 9.73449392837983]
1410	MoeSQLmosa	2	1	[77.34889699686687, 76.34889699686687, 75.34889699686687, 1.0, 2.0, 0.0, 1.0, 2.0]
1410	MoeSQLmosa	3	1	[740.5904919586737, 739.5904919586737, 738.5904919586737, 0.0, 1.0, 1.0, 0.0, 1.0]
1410	MoeSQLmosa	4	1	[0.0, 1.0, 2.0, 2.0, 3.0, 3.0, 2.0, 3.0]
1410	MoeSQLmosa	5	1	[881.0958682928654, 880.0958682928654, 879.0958682928654, 1.0, 2.0, 2.0, 1.0, 0.0]
1410	MoeSQLmosa	6	1	[2.0, 1.0, 0.0, 0.0, 1.0, 1.0, 0.0, 1.0]
1410	MOTGA	0	6	[0.0, 0.0, 0.0, 0.0, 0.0, 0.0, 0.0, 0.0]
1411	MoeSQLmosa	0	1	[19.992424242424246, 0.0, 1.0, 20.992424242424246, 20.992424242424246, 20.992424242424246, 20.992424242424246]
1411	MoeSQLmosa	1	2	[42.828111946532985, 43.828111946532985, 43.828111946532985, 43.828111946532985, 43.828111946532985, 0.0, 0.0]
1411	MoeSQLmosa	2	1	[25.501726495926622, 26.501726495926622, 26.501726495926622, 0.0, 1.0, 26.501726495926622, 26.501726495926622]
1411	MoeSQLmosa	3	1	[1.7976931348623156E306, 1.7976931348623156E306, 0.0, 1.7976931348623156E306, 1.7976931348623156E306, 1.7976931348623156E306, 1.7976931348623156E306]
1411	MoeSQLmosa	4	1	[1.7976931348623156E306, 1.7976931348623156E306, 1.7976931348623156E306, 1.7976931348623156E306, 0.0, 1.7976931348623156E306, 1.7976931348623156E306]
1411	MoeSQLmosa	5	1	[0.0, 1.0, 1.0, 1.0, 1.0, 1.0, 1.0]
1411	MOTGA	0	7	[0.0, 0.0, 0.0, 0.0, 0.0, 0.0, 0.0]
1412	MoeSQLmosa	0	1	[45.75992063492063, 46.75992063492063, 46.75992063492063, 0.0, 1.0, 46.75992063492063, 46.75992063492063]
1412	MoeSQLmosa	1	1	[43.47312047183029, 0.0, 1.0, 44.47312047183029, 44.47312047183029, 44.47312047183029, 44.47312047183029]
1412	MoeSQLmosa	2	1	[7.505269383394384, 8.505269383394385, 8.505269383394385, 8.505269383394385, 8.505269383394385, 0.0, 1.0]
1412	MoeSQLmosa	3	1	[0.0, 1.0, 1.0, 1.0, 1.0, 1.0, 1.0]
1412	MoeSQLmosa	4	1	[1.7976931348623156E306, 1.7976931348623156E306, 1.7976931348623156E306, 1.7976931348623156E306, 1.7976931348623156E306, 1.7976931348623156E306, 0.0]
1412	MoeSQLmosa	5	1	[1.7976931348623156E306, 1.7976931348623156E306, 1.7976931348623156E306, 1.7976931348623156E306, 0.0, 1.7976931348623156E306, 1.7976931348623156E306]
1412	MoeSQLmosa	6	1	[1.7976931348623156E306, 1.7976931348623156E306, 0.0, 1.7976931348623156E306, 1.7976931348623156E306, 1.7976931348623156E306, 1.7976931348623156E306]
1412	MOTGA	0	7	[0.0, 0.0, 0.0, 0.0, 0.0, 0.0, 0.0]
1413	MoeSQLmosa	0	1	[1.0, 0.0]
1413	MoeSQLmosa	1	1	[0.0, 33.953203511305695]
1413	MOTGA	0	2	[0.0, 0.0]
1414	MoeSQLmosa	0	3	[0.0, 0.0, 0.0]
1414	MOTGA	0	3	[0.0, 0.0, 0.0]
1415	MoeSQLmosa	0	1	[41.01399937744568, 42.01399937744568, 42.01399937744568, 0.0, 1.0, 42.01399937744568, 42.01399937744568]
1415	MoeSQLmosa	1	1	[9.788939557450583, 10.788939557450583, 10.788939557450583, 10.788939557450583, 10.788939557450583, 0.0, 1.0]
1415	MoeSQLmosa	2	1	[1.7976931348623156E306, 1.7976931348623156E306, 1.7976931348623156E306, 1.7976931348623156E306, 0.0, 1.7976931348623156E306, 1.7976931348623156E306]
1415	MoeSQLmosa	3	1	[39.02534461152882, 0.0, 1.0, 40.02534461152882, 40.02534461152882, 40.02534461152882, 40.02534461152882]
1415	MoeSQLmosa	4	1	[1.7976931348623156E306, 1.7976931348623156E306, 1.7976931348623156E306, 1.7976931348623156E306, 1.7976931348623156E306, 1.7976931348623156E306, 0.0]
1415	MoeSQLmosa	5	1	[0.0, 1.0, 1.0, 1.0, 1.0, 1.0, 1.0]
1415	MoeSQLmosa	6	1	[1.7976931348623156E306, 1.7976931348623156E306, 0.0, 1.7976931348623156E306, 1.7976931348623156E306, 1.7976931348623156E306, 1.7976931348623156E306]
1415	MOTGA	0	7	[0.0, 0.0, 0.0, 0.0, 0.0, 0.0, 0.0]
1416	MoeSQLmosa	0	2	[0.0, 0.0, 1.0]
1416	MoeSQLmosa	1	1	[1.7976931348623156E306, 1.7976931348623156E306, 0.0]
1416	MOTGA	0	3	[0.0, 0.0, 0.0]
1417	MoeSQLmosa	0	1	[24.745033489430774, 0.0, 1.0, 25.745033489430774, 25.745033489430774, 25.745033489430774, 25.745033489430774, 54.6228162430756]
1417	MoeSQLmosa	1	1	[9.537128440750351, 10.537128440750351, 10.537128440750351, 10.537128440750351, 10.537128440750351, 0.0, 1.0, 10.337128440750352]
1417	MoeSQLmosa	2	1	[1.7976931348623156E306, 1.7976931348623156E306, 1.7976931348623156E306, 1.7976931348623156E306, 1.7976931348623156E306, 1.7976931348623156E306, 0.0, 1.7976931348623156E306]
1417	MoeSQLmosa	3	1	[1.7976931348623156E306, 1.7976931348623156E306, 0.0, 1.7976931348623156E306, 1.7976931348623156E306, 1.7976931348623156E306, 1.7976931348623156E306, 1.7976931348623156E306]
1417	MoeSQLmosa	4	1	[9.321878224974201, 10.321878224974201, 10.321878224974201, 0.0, 1.0, 10.321878224974201, 10.321878224974201, 17.819649248277138]
1417	MoeSQLmosa	5	1	[0.0, 1.0, 1.0, 1.0, 1.0, 1.0, 1.0, 42.07575757575757]
1417	MoeSQLmosa	6	1	[1.7976931348623156E306, 1.7976931348623156E306, 1.7976931348623156E306, 1.7976931348623156E306, 0.0, 1.7976931348623156E306, 1.7976931348623156E306, 1.7976931348623156E306]
1417	MoeSQLmosa	7	1	[1.0, 2.0, 2.0, 2.0, 2.0, 2.0, 2.0, 0.0]
1417	MOTGA	0	8	[0.0, 0.0, 0.0, 0.0, 0.0, 0.0, 0.0, 0.0]
1418	MoeSQLmosa	0	2	[0.0, 0.0]
1418	MOTGA	0	2	[0.0, 0.0]
1419	MoeSQLmosa	0	2	[0.0, 0.0]
1419	MOTGA	0	2	[0.0, 0.0]
1420	MoeSQLmosa	0	2	[0.0, 0.0, 1.0]
1420	MoeSQLmosa	1	1	[1.7976931348623156E306, 1.7976931348623156E306, 0.0]
1420	MOTGA	0	3	[0.0, 0.0, 0.0]
1421	MoeSQLmosa	0	1	[42.32138694638695, 43.32138694638695, 43.32138694638695, 43.32138694638695, 43.32138694638695, 0.0, 1.0]
1421	MoeSQLmosa	1	1	[24.091175491175495, 0.0, 1.0, 25.091175491175495, 25.091175491175495, 25.091175491175495, 25.091175491175495]
1421	MoeSQLmosa	2	1	[1.7976931348623156E306, 1.7976931348623156E306, 1.7976931348623156E306, 1.7976931348623156E306, 1.7976931348623156E306, 1.7976931348623156E306, 0.0]
1421	MoeSQLmosa	3	1	[25.411915258524086, 26.411915258524086, 26.411915258524086, 0.0, 1.0, 26.411915258524086, 26.411915258524086]
1421	MoeSQLmosa	4	1	[0.0, 1.0, 1.0, 1.0, 1.0, 1.0, 1.0]
1421	MoeSQLmosa	5	1	[1.7976931348623156E306, 1.7976931348623156E306, 0.0, 1.7976931348623156E306, 1.7976931348623156E306, 1.7976931348623156E306, 1.7976931348623156E306]
1421	MoeSQLmosa	6	1	[1.7976931348623156E306, 1.7976931348623156E306, 1.7976931348623156E306, 1.7976931348623156E306, 0.0, 1.7976931348623156E306, 1.7976931348623156E306]
1421	MOTGA	0	7	[0.0, 0.0, 0.0, 0.0, 0.0, 0.0, 0.0]
1422	MoeSQLmosa	0	2	[0.0, 0.0]
1422	MOTGA	0	2	[0.0, 0.0]
1423	MoeSQLmosa	0	3	[0.0]
1423	MOTGA	0	3	[0.0]
1425	MoeSQLmosa	0	2	[0.0, 0.0]
1425	MOTGA	0	2	[0.0, 0.0]
1426	MoeSQLmosa	0	1	[41.0, 42.0, 42.0, 0.0, 1.0, 130.0, 85.0, 120.0, 175.0, 165.0, 243.0, 86.0, 85.0, 41.0, 85.0, 42.0, 119.0, 42.0, 208.0, 164.0, 129.0, 130.0, 45.36117424242424]
1426	MoeSQLmosa	1	1	[1.7976931348623156E306, 1.7976931348623156E306, 1.7976931348623156E306, 1.7976931348623156E306, 0.0, 1.7976931348623156E306, 1.7976931348623156E306, 1.7976931348623156E306, 1.7976931348623156E306, 1.7976931348623156E306, 1.7976931348623156E306, 1.7976931348623156E306, 1.7976931348623156E306, 1.7976931348623156E306, 1.7976931348623156E306, 1.7976931348623156E306, 1.7976931348623156E306, 1.7976931348623156E306, 1.7976931348623156E306, 1.7976931348623156E306, 1.7976931348623156E306, 1.7976931348623156E306, 1.7976931348623156E306]
1426	MoeSQLmosa	2	1	[1.7976931348623156E306, 1.7976931348623156E306, 1.7976931348623156E306, 1.7976931348623156E306, 1.7976931348623156E306, 1.7976931348623156E306, 1.7976931348623156E306, 29.0, 1.7976931348623156E306, 3.595386269724631E306, 3.595386269724631E306, 5.393079404586947E306, 1.7976931348623156E306, 1.7976931348623156E306, 1.7976931348623156E306, 0.0, 3.595386269724631E306, 5.393079404586947E306, 5.393079404586947E306, 5.393079404586947E306, 1.7976931348623156E306, 5.393079404586947E306, 1.7976931348623156E306]
1426	MoeSQLmosa	3	1	[1.7976931348623156E306, 1.7976931348623156E306, 0.0, 1.7976931348623156E306, 1.7976931348623156E306, 1.7976931348623156E306, 1.7976931348623156E306, 1.7976931348623156E306, 1.7976931348623156E306, 1.7976931348623156E306, 1.7976931348623156E306, 1.7976931348623156E306, 1.7976931348623156E306, 1.7976931348623156E306, 1.7976931348623156E306, 1.7976931348623156E306, 1.7976931348623156E306, 1.7976931348623156E306, 1.7976931348623156E306, 1.7976931348623156E306, 1.7976931348623156E306, 1.7976931348623156E306, 1.7976931348623156E306]
1426	MoeSQLmosa	4	1	[15.226551226551226, 0.0, 1.0, 16.226551226551226, 16.226551226551226, 15.226551226551226, 79.22655122655122, 16.226551226551226, 80.22655122655122, 108.22655122655122, 79.22655122655122, 80.22655122655122, 137.22655122655124, 173.22655122655124, 108.22655122655122, 45.22655122655122, 144.22655122655124, 145.22655122655124, 172.22655122655124, 108.22655122655122, 143.22655122655124, 144.22655122655124, 19.58671740445934]
1426	MoeSQLmosa	5	1	[0.0, 1.0, 1.0, 1.0, 1.0, 0.0, 21.0, 1.0, 22.0, 88.0, 21.0, 22.0, 155.0, 110.0, 88.0, 68.0, 43.0, 44.0, 109.0, 88.0, 42.0, 43.0, 7.597254901960785]
1426	MoeSQLmosa	6	1	[29.0, 30.0, 30.0, 30.0, 30.0, 42.0, 82.0, 30.0, 0.0, 29.0, 58.0, 1.0, 0.0, 41.0, 0.0, 1.0, 70.0, 42.0, 68.0, 28.0, 40.0, 41.0, 45.46666666666667]
1426	MoeSQLmosa	7	1	[5.0, 6.0, 6.0, 6.0, 6.0, 17.0, 34.0, 1.0, 0.0, 5.0, 0.0, 1.0, 10.0, 23.0, 5.0, 6.0, 18.0, 19.0, 22.0, 5.0, 17.0, 18.0, 19.46666666666667]
1426	MoeSQLmosa	8	1	[1.7976931348623156E306, 1.7976931348623156E306, 1.7976931348623156E306, 1.7976931348623156E306, 1.7976931348623156E306, 1.7976931348623156E306, 1.7976931348623156E306, 5.393079404586947E306, 1.7976931348623156E306, 1.7976931348623156E306, 1.7976931348623156E306, 0.0, 1.7976931348623156E306, 3.595386269724631E306, 1.7976931348623156E306, 5.393079404586947E306, 3.595386269724631E306, 35.0, 3.595386269724631E306, 1.7976931348623156E306, 3.595386269724631E306, 34.0, 1.7976931348623156E306]
1426	MoeSQLmosa	9	1	[0.0, 1.0, 1.0, 1.0, 1.0, 107.0, 141.0, 147.0, 73.0, 0.0, 73.0, 1.0, 74.0, 108.0, 73.0, 74.0, 181.0, 36.0, 181.0, 147.0, 107.0, 35.0, 4.361174242424243]
1426	MoeSQLmosa	10	1	[59.0, 60.0, 60.0, 60.0, 60.0, 59.0, 0.0, 1.0, 118.0, 67.0, 0.0, 59.0, 134.0, 67.0, 125.0, 68.0, 0.0, 1.0, 125.0, 67.0, 58.0, 117.0, 63.36117424242424]
1426	MoeSQLmosa	11	1	[0.0, 1.0, 1.0, 1.0, 1.0, 117.0, 58.0, 66.0, 176.0, 123.0, 188.0, 59.0, 58.0, 0.0, 58.0, 1.0, 65.0, 1.0, 180.0, 122.0, 116.0, 117.0, 4.361174242424243]
1426	MoeSQLmosa	12	1	[1.7976931348623156E306, 1.7976931348623156E306, 1.7976931348623156E306, 1.7976931348623156E306, 1.7976931348623156E306, 1.7976931348623156E306, 1.7976931348623156E306, 0.0, 1.7976931348623156E306, 1.7976931348623156E306, 1.7976931348623156E306, 5.393079404586947E306, 1.7976931348623156E306, 3.595386269724631E306, 3.595386269724631E306, 67.0, 1.7976931348623156E306, 5.393079404586947E306, 3.595386269724631E306, 3.595386269724631E306, 1.7976931348623156E306, 5.393079404586947E306, 1.7976931348623156E306]
1426	MoeSQLmosa	13	1	[1.7976931348623156E306, 1.7976931348623156E306, 1.7976931348623156E306, 1.7976931348623156E306, 1.7976931348623156E306, 3.595386269724631E306, 1.7976931348623156E306, 5.393079404586947E306, 3.595386269724631E306, 1.7976931348623156E306, 1.7976931348623156E306, 58.0, 1.7976931348623156E306, 1.7976931348623156E306, 3.595386269724631E306, 5.393079404586947E306, 1.7976931348623156E306, 0.0, 5.393079404586947E306, 1.7976931348623156E306, 5.393079404586947E306, 116.0, 1.7976931348623156E306]
1426	MoeSQLmosa	14	1	[1.0, 2.0, 2.0, 2.0, 2.0, 1.0, 0.0, 78.0, 2.0, 79.0, 156.0, 2.0, 0.0, 1.0, 0.0, 1.0, 78.0, 3.0, 78.0, 79.0, 0.0, 1.0, 5.123460246360582]
1426	MoeSQLmosa	15	1	[1.0, 2.0, 2.0, 2.0, 2.0, 64.0, 126.0, 3.0, 0.0, 1.0, 2.0, 1.0, 0.0, 63.0, 0.0, 2.0, 64.0, 64.0, 62.0, 0.0, 63.0, 63.0, 5.361174242424243]
1426	MoeSQLmosa	16	1	[1.0, 2.0, 2.0, 2.0, 2.0, 17.0, 7.0, 8.0, 27.0, 13.0, 19.0, 11.0, 7.0, 1.0, 10.0, 2.0, 7.0, 2.0, 21.0, 12.0, 16.0, 20.0, 0.0]
1426	MoeSQLmosa	17	1	[1.7976931348623156E306, 1.7976931348623156E306, 1.7976931348623156E306, 1.7976931348623156E306, 1.7976931348623156E306, 3.595386269724631E306, 1.7976931348623156E306, 5.393079404586947E306, 3.595386269724631E306, 1.7976931348623156E306, 1.7976931348623156E306, 1.0, 1.7976931348623156E306, 5.393079404586947E306, 1.7976931348623156E306, 5.393079404586947E306, 5.393079404586947E306, 2.0, 1.7976931348623156E306, 3.595386269724631E306, 1.7976931348623156E306, 0.0, 1.7976931348623156E306]
1426	MoeSQLmosa	18	1	[0.0, 1.0, 1.0, 1.0, 1.0, 2.0, 1.0, 3.0, 3.0, 2.0, 3.0, 2.0, 1.0, 2.0, 1.0, 2.0, 3.0, 3.0, 0.0, 1.0, 1.0, 1.0, 3.6520833333333336]
1426	MOTGA	0	17	[0.0, 0.0, 0.0, 0.0, 0.0, 0.0, 0.0, 0.0, 0.0, 0.0, 0.0, 0.0, 0.0, 0.0, 0.0, 0.0, 0.0, 0.0, 0.0, 0.0, 0.0, 0.0, 0.0]
1427	MoeSQLmosa	0	1	[43.885213568351105, 42.885213568351105, 43.885213568351105, 42.885213568351105, 0.0]
1427	MoeSQLmosa	1	1	[2.0, 1.0, 0.0, 1.0, 2.0]
1427	MoeSQLmosa	2	1	[1.0, 0.0, 1.0, 0.0, 1.0]
1427	MoeSQLmosa	3	1	[0.0, 1.0, 2.0, 1.0, 2.0]
1427	MOTGA	0	4	[0.0, 0.0, 0.0, 0.0, 0.0]
1428	MoeSQLmosa	0	2	[0.0, 0.0, 1.0]
1428	MoeSQLmosa	1	1	[1.7976931348623156E306, 1.7976931348623156E306, 0.0]
1428	MOTGA	0	3	[0.0, 0.0, 0.0]
1429	MoeSQLmosa	0	1	[32.12719696969697, 0.0, 1.0, 32.12719696969697, 33.12719696969697, 34.12719696969697, 33.12719696969697, 33.12719696969697, 33.12719696969697, 33.12719696969697, 59.12719696969697]
1429	MoeSQLmosa	1	1	[1.7976931348623156E306, 1.7976931348623156E306, 1.7976931348623156E306, 1.7976931348623156E306, 1.7976931348623156E306, 1.7976931348623156E306, 1.7976931348623156E306, 1.7976931348623156E306, 1.7976931348623156E306, 0.0, 1.7976931348623156E306]
1429	MoeSQLmosa	2	1	[13.752582159624414, 14.752582159624414, 14.752582159624414, 869.7525821596245, 870.7525821596245, 871.7525821596245, 14.752582159624414, 14.752582159624414, 0.0, 1.0, 44.72282025486251]
1429	MoeSQLmosa	3	1	[13.752582159624414, 14.752582159624414, 14.752582159624414, 343.7525821596244, 342.7525821596244, 341.7525821596244, 0.0, 1.0, 14.752582159624414, 14.752582159624414, 40.75258215962441]
1429	MoeSQLmosa	4	1	[1.7976931348623156E306, 1.7976931348623156E306, 0.0, 1.7976931348623156E306, 1.7976931348623156E306, 1.7976931348623156E306, 1.7976931348623156E306, 1.7976931348623156E306, 1.7976931348623156E306, 1.7976931348623156E306, 1.7976931348623156E306]
1429	MoeSQLmosa	5	1	[1.0, 2.0, 2.0, 288.0, 289.0, 290.0, 2.0, 2.0, 2.0, 2.0, 0.0]
1429	MoeSQLmosa	6	1	[1.0, 2.0, 2.0, 1.0, 0.0, 1.0, 2.0, 2.0, 2.0, 2.0, 39.86003964298939]
1429	MoeSQLmosa	7	1	[0.0, 1.0, 1.0, 287.0, 288.0, 289.0, 1.0, 1.0, 1.0, 1.0, 18.0]
1429	MoeSQLmosa	8	1	[1.7976931348623156E306, 1.7976931348623156E306, 1.7976931348623156E306, 1.7976931348623156E306, 1.7976931348623156E306, 1.7976931348623156E306, 1.7976931348623156E306, 0.0, 1.7976931348623156E306, 1.7976931348623156E306, 1.7976931348623156E306]
1429	MoeSQLmosa	9	1	[0.0, 1.0, 1.0, 2.0, 1.0, 0.0, 1.0, 1.0, 1.0, 1.0, 27.0]
1429	MoeSQLmosa	10	1	[0.0, 1.0, 1.0, 0.0, 1.0, 2.0, 1.0, 1.0, 1.0, 1.0, 39.81537463058245]
1429	MOTGA	0	10	[0.0, 0.0, 0.0, 0.0, 0.0, 0.0, 0.0, 0.0, 0.0, 0.0, 0.0]
1430	MoeSQLmosa	0	1	[12.777226518291396, 13.777226518291396, 13.777226518291396, 0.0, 1.0, 13.777226518291396, 13.777226518291396, 29.522293352042443]
1430	MoeSQLmosa	1	1	[40.79333333333333, 41.79333333333333, 41.79333333333333, 41.79333333333333, 41.79333333333333, 0.0, 1.0, 51.65416291568056]
1430	MoeSQLmosa	2	1	[1.7976931348623156E306, 1.7976931348623156E306, 0.0, 1.7976931348623156E306, 1.7976931348623156E306, 1.7976931348623156E306, 1.7976931348623156E306, 1.7976931348623156E306]
1430	MoeSQLmosa	3	1	[0.0, 1.0, 1.0, 1.0, 1.0, 1.0, 1.0, 8.67408274785324]
1430	MoeSQLmosa	4	1	[7.995543672014261, 0.0, 1.0, 8.99554367201426, 8.99554367201426, 8.99554367201426, 8.99554367201426, 16.669626419867498]
1430	MoeSQLmosa	5	1	[1.7976931348623156E306, 1.7976931348623156E306, 1.7976931348623156E306, 1.7976931348623156E306, 0.0, 1.7976931348623156E306, 1.7976931348623156E306, 1.7976931348623156E306]
1430	MoeSQLmosa	6	1	[1.0, 2.0, 2.0, 2.0, 2.0, 2.0, 2.0, 0.0]
1430	MoeSQLmosa	7	1	[1.7976931348623156E306, 1.7976931348623156E306, 1.7976931348623156E306, 1.7976931348623156E306, 1.7976931348623156E306, 1.7976931348623156E306, 0.0, 1.7976931348623156E306]
1430	MOTGA	0	8	[0.0, 0.0, 0.0, 0.0, 0.0, 0.0, 0.0, 0.0]
1431	MoeSQLmosa	0	1	[19.845188852028475, 20.845188852028475, 20.845188852028475, 0.0, 1.0, 20.845188852028475, 20.845188852028475]
1431	MoeSQLmosa	1	1	[38.9234226265186, 39.9234226265186, 39.9234226265186, 39.9234226265186, 39.9234226265186, 0.0, 1.0]
1431	MoeSQLmosa	2	1	[36.97371308935473, 0.0, 1.0, 37.97371308935473, 37.97371308935473, 37.97371308935473, 37.97371308935473]
1431	MoeSQLmosa	3	1	[0.0, 1.0, 1.0, 1.0, 1.0, 1.0, 1.0]
1431	MoeSQLmosa	4	1	[1.7976931348623156E306, 1.7976931348623156E306, 1.7976931348623156E306, 1.7976931348623156E306, 0.0, 1.7976931348623156E306, 1.7976931348623156E306]
1431	MoeSQLmosa	5	1	[1.7976931348623156E306, 1.7976931348623156E306, 0.0, 1.7976931348623156E306, 1.7976931348623156E306, 1.7976931348623156E306, 1.7976931348623156E306]
1431	MoeSQLmosa	6	1	[1.7976931348623156E306, 1.7976931348623156E306, 1.7976931348623156E306, 1.7976931348623156E306, 1.7976931348623156E306, 1.7976931348623156E306, 0.0]
1431	MOTGA	0	7	[0.0, 0.0, 0.0, 0.0, 0.0, 0.0, 0.0]
1432	MoeSQLmosa	0	3	[0.0]
1432	MOTGA	0	3	[0.0]
1433	MoeSQLmosa	0	1	[2.0, 1.0, 2.0, 1.0, 2.0, 2.0, 2.0, 1.0, 2.0, 0.0]
1433	MoeSQLmosa	1	1	[2.0, 1.0, 2.0, 1.0, 2.0, 2.0, 2.0, 1.0, 0.0, 2.0]
1433	MoeSQLmosa	2	1	[0.0, 1.0, 2.0, 1.0, 2.0, 2.0, 2.0, 1.0, 2.0, 2.0]
1433	MoeSQLmosa	3	1	[15.693365225156272, 14.693365225156272, 15.693365225156272, 14.693365225156272, 0.0, 1.0, 15.693365225156272, 14.693365225156272, 15.693365225156272, 15.693365225156272]
1433	MoeSQLmosa	4	1	[2.0, 1.0, 0.0, 1.0, 2.0, 2.0, 2.0, 1.0, 2.0, 2.0]
1433	MoeSQLmosa	5	1	[1.0, 0.0, 1.0, 0.0, 1.0, 1.0, 1.0, 0.0, 1.0, 1.0]
1433	MoeSQLmosa	6	1	[2.0, 1.0, 2.0, 1.0, 2.0, 2.0, 0.0, 1.0, 2.0, 2.0]
1433	MoeSQLmosa	7	1	[1.7976931348623156E306, 1.7976931348623156E306, 1.7976931348623156E306, 1.7976931348623156E306, 1.7976931348623156E306, 0.0, 1.7976931348623156E306, 1.7976931348623156E306, 1.7976931348623156E306, 1.7976931348623156E306]
1433	MOTGA	0	8	[0.0, 0.0, 0.0, 0.0, 0.0, 0.0, 0.0, 0.0, 0.0, 0.0]
1434	MoeSQLmosa	0	2	[0.0, 0.0]
1434	MOTGA	0	2	[0.0, 0.0]
1435	MoeSQLmosa	0	3	[1.7976931348623156E306, 1.7976931348623156E306, 1.7976931348623156E306, 1.7976931348623156E306, 1.7976931348623156E306, 1.7976931348623156E306, 1.7976931348623156E306, 1.7976931348623156E306, 1.7976931348623156E306, 1.7976931348623156E306, 1.7976931348623156E306, 1.7976931348623156E306, 1.7976931348623156E306, 1.7976931348623156E306, 1.7976931348623156E306, 1.7976931348623156E306, 1.7976931348623156E306, 1.7976931348623156E306, 1.7976931348623156E306, 1.7976931348623156E306, 1.7976931348623156E306, 1.7976931348623156E306, 0.0, 1.7976931348623156E306, 1.7976931348623156E306, 3.595386269724631E306, 3.595386269724631E306, 1.7976931348623156E306, 1.7976931348623156E306, 1.7976931348623156E306, 3.595386269724631E306, 3.595386269724631E306, 3.595386269724631E306, 3.595386269724631E306, 3.595386269724631E306, 3.595386269724631E306, 3.595386269724631E306, 3.595386269724631E306, 3.595386269724631E306, 3.595386269724631E306, 3.595386269724631E306, 3.595386269724631E306]
1435	MoeSQLmosa	1	4	[0.0, 701.0, 1.0, 574.0, 1.0, 622.0, 0.0, 2.0, 0.0, 1.0, 100.0, 0.0, 101.0, 99.0, 100.0, 101.0, 53.0, 101.0, 100.0, 101.0, 101.0, 100.0, 101.0, 114.75454545454545, 102.0, 1.7976931348623156E306, 1.7976931348623156E306, 53.0, 54.0, 100.0, 1.7976931348623156E306, 1.7976931348623156E306, 1.7976931348623156E306, 1.7976931348623156E306, 1.7976931348623156E306, 1.7976931348623156E306, 1.7976931348623156E306, 1.7976931348623156E306, 1.7976931348623156E306, 1.7976931348623156E306, 1.7976931348623156E306, 1.7976931348623156E306]
1435	MoeSQLmosa	2	3	[249.75454545454545, 720.7545454545455, 250.75454545454545, 484.75454545454545, 486.75454545454545, 13.754545454545456, 485.75454545454545, 14.754545454545456, 249.75454545454545, 14.754545454545456, 285.75454545454545, 757.7545454545455, 286.75454545454545, 286.75454545454545, 285.75454545454545, 286.75454545454545, 249.75454545454545, 14.754545454545456, 13.754545454545456, 14.754545454545456, 0.0, 13.754545454545456, 1.0, 23.551066594859506, 1.0, 1.7976931348623156E306, 1.7976931348623156E306, 13.754545454545456, 14.754545454545456, 13.754545454545456, 1.7976931348623156E306, 1.7976931348623156E306, 1.7976931348623156E306, 1.7976931348623156E306, 1.7976931348623156E306, 1.7976931348623156E306, 1.7976931348623156E306, 1.7976931348623156E306, 1.7976931348623156E306, 1.7976931348623156E306, 1.7976931348623156E306, 1.7976931348623156E306]
1435	MoeSQLmosa	3	3	[683.0, 824.0, 881.0, 1021.0, 684.0, 541.0, 683.0, 542.0, 880.0, 542.0, 682.0, 824.0, 880.0, 683.0, 682.0, 683.0, 708.0, 539.0, 540.0, 541.0, 541.0, 579.9451754385965, 542.0, 540.0, 541.0, 1.7976931348623156E306, 1.7976931348623156E306, 540.0, 541.0, 0.0, 1.7976931348623156E306, 1.7976931348623156E306, 1.7976931348623156E306, 1.7976931348623156E306, 1.7976931348623156E306, 1.7976931348623156E306, 1.7976931348623156E306, 1.7976931348623156E306, 1.7976931348623156E306, 1.7976931348623156E306, 1.7976931348623156E306, 1.7976931348623156E306]
1435	MoeSQLmosa	4	3	[312.0, 1291.0, 313.0, 623.0, 981.0, 0.0, 980.0, 1.0, 312.0, 1.0, 568.0, 1548.0, 569.0, 569.0, 568.0, 567.0, 528.0, 1.0, 0.0, 1.0, 1.0, 0.0, 1.0, 14.754545454545456, 2.0, 1.7976931348623156E306, 1.7976931348623156E306, 0.0, 1.0, 0.0, 1.7976931348623156E306, 1.7976931348623156E306, 1.7976931348623156E306, 1.7976931348623156E306, 1.7976931348623156E306, 1.7976931348623156E306, 1.7976931348623156E306, 1.7976931348623156E306, 1.7976931348623156E306, 1.7976931348623156E306, 1.7976931348623156E306, 1.7976931348623156E306]
1435	MoeSQLmosa	5	3	[1.7976931348623156E306, 1.7976931348623156E306, 0.0, 1.7976931348623156E306, 3.595386269724631E306, 3.595386269724631E306, 3.595386269724631E306, 757.0, 1.7976931348623156E306, 3.595386269724631E306, 3.595386269724631E306, 3.595386269724631E306, 813.0, 3.595386269724631E306, 3.595386269724631E306, 3.595386269724631E306, 3.595386269724631E306, 1.7976931348623156E306, 1.7976931348623156E306, 1.7976931348623156E306, 1.7976931348623156E306, 1.7976931348623156E306, 1.7976931348623156E306, 1.7976931348623156E306, 1.7976931348623156E306, 3.595386269724631E306, 3.595386269724631E306, 1.7976931348623156E306, 1.7976931348623156E306, 1.7976931348623156E306, 3.595386269724631E306, 3.595386269724631E306, 3.595386269724631E306, 3.595386269724631E306, 3.595386269724631E306, 3.595386269724631E306, 3.595386269724631E306, 3.595386269724631E306, 3.595386269724631E306, 3.595386269724631E306, 3.595386269724631E306, 3.595386269724631E306]
1435	MoeSQLmosa	6	3	[1.7976931348623156E306, 3.595386269724631E306, 3.595386269724631E306, 1.7976931348623156E306, 729.0, 1.7976931348623156E306, 3.595386269724631E306, 3.595386269724631E306, 1.7976931348623156E306, 0.0, 1.7976931348623156E306, 1.7976931348623156E306, 1.7976931348623156E306, 1.7976931348623156E306, 1.7976931348623156E306, 1.7976931348623156E306, 1.7976931348623156E306, 1.7976931348623156E306, 1.7976931348623156E306, 1.7976931348623156E306, 1.7976931348623156E306, 1.7976931348623156E306, 1.7976931348623156E306, 1.7976931348623156E306, 1.7976931348623156E306, 3.595386269724631E306, 3.595386269724631E306, 1.7976931348623156E306, 1.7976931348623156E306, 1.7976931348623156E306, 3.595386269724631E306, 3.595386269724631E306, 3.595386269724631E306, 3.595386269724631E306, 3.595386269724631E306, 3.595386269724631E306, 3.595386269724631E306, 3.595386269724631E306, 3.595386269724631E306, 3.595386269724631E306, 3.595386269724631E306, 3.595386269724631E306]
1435	MoeSQLmosa	7	3	[1.7976931348623156E306, 1.7976931348623156E306, 1.0, 3.595386269724631E306, 5.393079404586947E306, 5.393079404586947E306, 5.393079404586947E306, 773.0, 1.7976931348623156E306, 5.393079404586947E306, 1.7976931348623156E306, 1.7976931348623156E306, 0.0, 3.595386269724631E306, 1.7976931348623156E306, 3.595386269724631E306, 3.595386269724631E306, 1.7976931348623156E306, 1.7976931348623156E306, 1.7976931348623156E306, 1.7976931348623156E306, 1.7976931348623156E306, 1.7976931348623156E306, 1.7976931348623156E306, 1.7976931348623156E306, 3.595386269724631E306, 3.595386269724631E306, 1.7976931348623156E306, 1.7976931348623156E306, 1.7976931348623156E306, 3.595386269724631E306, 3.595386269724631E306, 3.595386269724631E306, 3.595386269724631E306, 3.595386269724631E306, 3.595386269724631E306, 3.595386269724631E306, 3.595386269724631E306, 3.595386269724631E306, 3.595386269724631E306, 3.595386269724631E306, 3.595386269724631E306]
1435	MoeSQLmosa	8	3	[0.0, 959.0, 1.0, 705.0, 961.0, 705.0, 1665.0, 706.0, 0.0, 1.0, 1.0, 961.0, 2.0, 0.0, 1.0, 2.0, 27.0, 2.0, 1.0, 2.0, 2.0, 43.65047619047619, 3.0, 1.0, 2.0, 1.7976931348623156E306, 1.7976931348623156E306, 1.0, 2.0, 1.0, 1.7976931348623156E306, 1.7976931348623156E306, 1.7976931348623156E306, 1.7976931348623156E306, 1.7976931348623156E306, 1.7976931348623156E306, 1.7976931348623156E306, 1.7976931348623156E306, 1.7976931348623156E306, 1.7976931348623156E306, 1.7976931348623156E306, 1.7976931348623156E306]
1435	MoeSQLmosa	9	3	[0.0, 259.0, 1.0, 612.0, 261.0, 612.0, 872.0, 613.0, 0.0, 1.0, 34.0, 294.0, 35.0, 35.0, 34.0, 35.0, 0.0, 35.0, 34.0, 35.0, 36.0, 35.0, 36.0, 35.0, 36.0, 1.7976931348623156E306, 1.7976931348623156E306, 0.0, 1.0, 34.0, 1.7976931348623156E306, 1.7976931348623156E306, 1.7976931348623156E306, 1.7976931348623156E306, 1.7976931348623156E306, 1.7976931348623156E306, 1.7976931348623156E306, 1.7976931348623156E306, 1.7976931348623156E306, 1.7976931348623156E306, 34.0, 1.7976931348623156E306]
1435	MoeSQLmosa	10	4	[554.0, 1106.0, 570.0, 1121.0, 555.0, 1.0, 554.0, 2.0, 569.0, 2.0, 553.0, 1106.0, 569.0, 554.0, 553.0, 554.0, 610.0, 1.0, 0.0, 1.0, 1.0, 0.0, 1.0, 17.084100077071433, 2.0, 1.7976931348623156E306, 1.7976931348623156E306, 0.0, 1.0, 0.0, 1.7976931348623156E306, 1.7976931348623156E306, 1.7976931348623156E306, 1.7976931348623156E306, 1.7976931348623156E306, 1.7976931348623156E306, 1.7976931348623156E306, 1.7976931348623156E306, 1.7976931348623156E306, 1.7976931348623156E306, 0.0, 0.0]
1435	MoeSQLmosa	11	3	[1.7976931348623156E306, 1.7976931348623156E306, 546.0, 3.595386269724631E306, 3.595386269724631E306, 1.7976931348623156E306, 1.7976931348623156E306, 0.0, 3.595386269724631E306, 3.595386269724631E306, 3.595386269724631E306, 3.595386269724631E306, 604.0, 3.595386269724631E306, 3.595386269724631E306, 3.595386269724631E306, 1.7976931348623156E306, 1.7976931348623156E306, 1.7976931348623156E306, 1.7976931348623156E306, 1.7976931348623156E306, 1.7976931348623156E306, 1.7976931348623156E306, 1.7976931348623156E306, 1.7976931348623156E306, 3.595386269724631E306, 3.595386269724631E306, 1.7976931348623156E306, 1.7976931348623156E306, 1.7976931348623156E306, 3.595386269724631E306, 3.595386269724631E306, 3.595386269724631E306, 3.595386269724631E306, 3.595386269724631E306, 3.595386269724631E306, 3.595386269724631E306, 3.595386269724631E306, 3.595386269724631E306, 3.595386269724631E306, 3.595386269724631E306, 3.595386269724631E306]
1435	MoeSQLmosa	12	3	[816.0, 1630.0, 919.0, 1732.0, 817.0, 1.0, 816.0, 2.0, 918.0, 2.0, 815.0, 1630.0, 918.0, 816.0, 815.0, 816.0, 855.0, 1.0, 0.0, 1.0, 1.0, 45.58333333333333, 2.0, 0.0, 1.0, 1.7976931348623156E306, 1.7976931348623156E306, 0.0, 1.0, 0.0, 1.7976931348623156E306, 1.7976931348623156E306, 1.7976931348623156E306, 1.7976931348623156E306, 1.7976931348623156E306, 1.7976931348623156E306, 1.7976931348623156E306, 1.7976931348623156E306, 1.7976931348623156E306, 1.7976931348623156E306, 1.7976931348623156E306, 1.7976931348623156E306]
1435	MoeSQLmosa	13	3	[1.0, 644.0, 2.0, 279.0, 646.0, 279.0, 923.0, 280.0, 1.0, 2.0, 0.0, 644.0, 1.0, 1.0, 0.0, 1.0, 24.0, 1.0, 0.0, 1.0, 2.0, 1.0, 2.0, 1.0, 2.0, 1.7976931348623156E306, 1.7976931348623156E306, 0.0, 1.0, 0.0, 1.7976931348623156E306, 1.7976931348623156E306, 1.7976931348623156E306, 1.7976931348623156E306, 1.7976931348623156E306, 1.7976931348623156E306, 1.7976931348623156E306, 1.7976931348623156E306, 1.7976931348623156E306, 1.7976931348623156E306, 1.7976931348623156E306, 1.7976931348623156E306]
1435	MoeSQLmosa	14	3	[3.595386269724631E306, 5.393079404586947E306, 5.393079404586947E306, 3.595386269724631E306, 1.7976931348623156E306, 3.595386269724631E306, 5.393079404586947E306, 5.393079404586947E306, 3.595386269724631E306, 1.7976931348623156E306, 1.7976931348623156E306, 3.595386269724631E306, 3.595386269724631E306, 3.595386269724631E306, 1.7976931348623156E306, 3.595386269724631E306, 3.595386269724631E306, 1.7976931348623156E306, 1.7976931348623156E306, 1.7976931348623156E306, 1.7976931348623156E306, 1.7976931348623156E306, 1.7976931348623156E306, 1.7976931348623156E306, 0.0, 3.595386269724631E306, 3.595386269724631E306, 1.7976931348623156E306, 1.7976931348623156E306, 1.7976931348623156E306, 3.595386269724631E306, 3.595386269724631E306, 3.595386269724631E306, 3.595386269724631E306, 3.595386269724631E306, 3.595386269724631E306, 3.595386269724631E306, 3.595386269724631E306, 3.595386269724631E306, 3.595386269724631E306, 3.595386269724631E306, 3.595386269724631E306]
1435	MoeSQLmosa	15	3	[1.0, 676.0, 2.0, 234.0, 678.0, 234.0, 910.0, 235.0, 1.0, 2.0, 0.0, 676.0, 1.0, 1.0, 0.0, 1.0, 6.0, 1.0, 0.0, 1.0, 2.0, 1.0, 2.0, 1.0, 2.0, 1.7976931348623156E306, 1.7976931348623156E306, 0.0, 1.0, 0.0, 1.7976931348623156E306, 0.0, 1.7976931348623156E306, 1.7976931348623156E306, 1.7976931348623156E306, 1.7976931348623156E306, 1.7976931348623156E306, 1.7976931348623156E306, 1.7976931348623156E306, 1.7976931348623156E306, 1.7976931348623156E306, 1.7976931348623156E306]
1435	MoeSQLmosa	16	3	[1.0, 659.0, 2.0, 234.0, 661.0, 234.0, 893.0, 235.0, 1.0, 2.0, 0.0, 659.0, 1.0, 1.0, 0.0, 1.0, 13.0, 1.0, 0.0, 1.0, 1.0, 41.94047619047619, 2.0, 0.0, 1.0, 1.7976931348623156E306, 1.7976931348623156E306, 0.0, 1.0, 0.0, 1.7976931348623156E306, 1.7976931348623156E306, 0.0, 1.7976931348623156E306, 1.7976931348623156E306, 1.7976931348623156E306, 1.7976931348623156E306, 1.7976931348623156E306, 1.7976931348623156E306, 1.7976931348623156E306, 0.0, 1.7976931348623156E306]
1435	MoeSQLmosa	17	3	[1.7976931348623156E306, 1.7976931348623156E306, 3.595386269724631E306, 1.7976931348623156E306, 0.0, 3.595386269724631E306, 1.7976931348623156E306, 3.595386269724631E306, 3.595386269724631E306, 783.0, 1.7976931348623156E306, 1.7976931348623156E306, 1.7976931348623156E306, 1.7976931348623156E306, 1.7976931348623156E306, 1.7976931348623156E306, 1.7976931348623156E306, 1.7976931348623156E306, 1.7976931348623156E306, 1.7976931348623156E306, 1.7976931348623156E306, 1.7976931348623156E306, 1.7976931348623156E306, 1.7976931348623156E306, 1.7976931348623156E306, 3.595386269724631E306, 3.595386269724631E306, 1.7976931348623156E306, 1.7976931348623156E306, 1.7976931348623156E306, 3.595386269724631E306, 3.595386269724631E306, 3.595386269724631E306, 3.595386269724631E306, 3.595386269724631E306, 3.595386269724631E306, 3.595386269724631E306, 3.595386269724631E306, 3.595386269724631E306, 3.595386269724631E306, 3.595386269724631E306, 3.595386269724631E306]
1435	MoeSQLmosa	18	3	[2.0, 645.0, 3.0, 336.0, 647.0, 336.0, 980.0, 337.0, 2.0, 3.0, 1.0, 645.0, 2.0, 2.0, 1.0, 2.0, 25.0, 2.0, 1.0, 0.0, 3.0, 2.0, 3.0, 2.0, 3.0, 1.7976931348623156E306, 1.7976931348623156E306, 1.0, 2.0, 0.0, 1.7976931348623156E306, 1.7976931348623156E306, 1.7976931348623156E306, 1.7976931348623156E306, 1.7976931348623156E306, 1.7976931348623156E306, 1.7976931348623156E306, 1.7976931348623156E306, 1.7976931348623156E306, 1.7976931348623156E306, 1.7976931348623156E306, 1.7976931348623156E306]
1435	MoeSQLmosa	19	3	[1.0, 644.0, 2.0, 279.0, 646.0, 279.0, 923.0, 280.0, 1.0, 2.0, 0.0, 644.0, 1.0, 1.0, 0.0, 1.0, 992.0, 1.0, 0.0, 1.0, 2.0, 1.0, 2.0, 1.0, 2.0, 1.7976931348623156E306, 1.7976931348623156E306, 1.0, 0.0, 0.0, 1.7976931348623156E306, 1.7976931348623156E306, 1.7976931348623156E306, 1.7976931348623156E306, 1.7976931348623156E306, 1.7976931348623156E306, 1.7976931348623156E306, 1.7976931348623156E306, 1.7976931348623156E306, 1.7976931348623156E306, 1.7976931348623156E306, 1.7976931348623156E306]
1435	MoeSQLmosa	20	3	[367.0, 732.0, 873.0, 1237.0, 368.0, 1.0, 367.0, 2.0, 872.0, 2.0, 368.0, 734.0, 874.0, 369.0, 368.0, 367.0, 419.0, 0.0, 1.0, 2.0, 3.0, 2.0, 3.0, 2.0, 3.0, 1.7976931348623156E306, 1.7976931348623156E306, 1.0, 2.0, 0.0, 1.7976931348623156E306, 1.7976931348623156E306, 1.7976931348623156E306, 1.7976931348623156E306, 1.7976931348623156E306, 1.7976931348623156E306, 1.7976931348623156E306, 1.7976931348623156E306, 1.7976931348623156E306, 1.7976931348623156E306, 1.7976931348623156E306, 1.7976931348623156E306]
1435	MoeSQLmosa	21	3	[0.0, 643.0, 1.0, 278.0, 645.0, 278.0, 922.0, 279.0, 0.0, 1.0, 1.0, 645.0, 2.0, 2.0, 1.0, 0.0, 25.0, 2.0, 1.0, 2.0, 3.0, 2.0, 3.0, 2.0, 3.0, 1.7976931348623156E306, 1.7976931348623156E306, 1.0, 2.0, 1.0, 1.7976931348623156E306, 1.7976931348623156E306, 1.7976931348623156E306, 1.7976931348623156E306, 1.7976931348623156E306, 1.7976931348623156E306, 1.7976931348623156E306, 1.7976931348623156E306, 1.7976931348623156E306, 1.7976931348623156E306, 1.7976931348623156E306, 1.7976931348623156E306]
1435	MoeSQLmosa	22	3	[248.0, 817.0, 249.0, 495.0, 571.0, 0.0, 570.0, 1.0, 248.0, 1.0, 250.0, 820.0, 251.0, 251.0, 250.0, 249.0, 293.0, 1.0, 0.0, 1.0, 2.0, 14.754545454545456, 3.0, 1.0, 2.0, 1.7976931348623156E306, 1.0, 0.0, 1.0, 0.0, 1.7976931348623156E306, 1.7976931348623156E306, 1.7976931348623156E306, 1.7976931348623156E306, 1.7976931348623156E306, 1.7976931348623156E306, 1.7976931348623156E306, 0.0, 1.7976931348623156E306, 1.7976931348623156E306, 1.7976931348623156E306, 1.7976931348623156E306]
1435	MoeSQLmosa	23	3	[229.0, 456.0, 543.0, 769.0, 230.0, 1.0, 229.0, 2.0, 542.0, 2.0, 228.0, 456.0, 542.0, 229.0, 228.0, 229.0, 248.0, 1.0, 0.0, 1.0, 1.0, 0.0, 1.0, 39.25430536604317, 2.0, 1.7976931348623156E306, 1.7976931348623156E306, 0.0, 1.0, 0.0, 1.7976931348623156E306, 1.7976931348623156E306, 1.7976931348623156E306, 1.7976931348623156E306, 1.7976931348623156E306, 1.7976931348623156E306, 1.7976931348623156E306, 1.7976931348623156E306, 0.0, 1.7976931348623156E306, 1.7976931348623156E306, 1.7976931348623156E306]
1435	MoeSQLmosa	24	3	[248.0, 817.0, 249.0, 495.0, 571.0, 0.0, 570.0, 1.0, 248.0, 1.0, 250.0, 820.0, 251.0, 251.0, 250.0, 249.0, 293.0, 1.0, 0.0, 1.0, 1.0, 13.754545454545456, 2.0, 0.0, 1.0, 1.7976931348623156E306, 1.7976931348623156E306, 0.0, 1.0, 0.0, 1.7976931348623156E306, 1.7976931348623156E306, 1.7976931348623156E306, 1.7976931348623156E306, 1.7976931348623156E306, 1.7976931348623156E306, 1.7976931348623156E306, 1.7976931348623156E306, 1.7976931348623156E306, 0.0, 1.7976931348623156E306, 1.7976931348623156E306]
1435	MoeSQLmosa	25	3	[248.0, 817.0, 249.0, 495.0, 571.0, 0.0, 570.0, 1.0, 248.0, 1.0, 250.0, 820.0, 251.0, 251.0, 250.0, 249.0, 293.0, 1.0, 0.0, 1.0, 1.0, 13.754545454545456, 2.0, 14.754545454545456, 2.0, 1.7976931348623156E306, 0.0, 0.0, 1.0, 0.0, 1.7976931348623156E306, 1.7976931348623156E306, 1.7976931348623156E306, 1.7976931348623156E306, 1.7976931348623156E306, 1.7976931348623156E306, 1.7976931348623156E306, 12.754545454545456, 1.7976931348623156E306, 1.7976931348623156E306, 1.7976931348623156E306, 1.7976931348623156E306]
1435	MoeSQLmosa	26	3	[182.0, 363.0, 917.0, 1097.0, 183.0, 0.0, 182.0, 1.0, 916.0, 1.0, 240.0, 422.0, 975.0, 241.0, 240.0, 241.0, 182.0, 1.0, 0.0, 1.0, 2.0, 28.81205673758865, 3.0, 1.0, 2.0, 1.7976931348623156E306, 1.0, 0.0, 1.0, 0.0, 1.7976931348623156E306, 1.7976931348623156E306, 1.7976931348623156E306, 1.7976931348623156E306, 1.7976931348623156E306, 1.7976931348623156E306, 0.0, 0.0, 1.7976931348623156E306, 1.7976931348623156E306, 1.7976931348623156E306, 1.7976931348623156E306]
1435	MoeSQLmosa	27	3	[182.0, 363.0, 917.0, 1097.0, 183.0, 0.0, 182.0, 1.0, 916.0, 1.0, 240.0, 422.0, 975.0, 241.0, 240.0, 241.0, 182.0, 1.0, 0.0, 1.0, 3.0, 29.81205673758865, 4.0, 2.0, 3.0, 2.0, 2.0, 0.0, 1.0, 0.0, 0.0, 1.7976931348623156E306, 1.7976931348623156E306, 1.7976931348623156E306, 1.7976931348623156E306, 1.7976931348623156E306, 1.7976931348623156E306, 0.0, 1.7976931348623156E306, 1.7976931348623156E306, 1.7976931348623156E306, 1.7976931348623156E306]
1435	MoeSQLmosa	28	3	[232.0, 694.0, 233.0, 463.0, 464.0, 0.0, 463.0, 1.0, 232.0, 1.0, 297.0, 760.0, 298.0, 298.0, 297.0, 298.0, 232.0, 1.0, 0.0, 1.0, 2.0, 23.212878787878786, 3.0, 1.0, 2.0, 1.7976931348623156E306, 1.0, 0.0, 1.0, 0.0, 1.7976931348623156E306, 1.7976931348623156E306, 1.7976931348623156E306, 0.0, 1.7976931348623156E306, 1.7976931348623156E306, 1.7976931348623156E306, 0.0, 1.7976931348623156E306, 1.7976931348623156E306, 1.7976931348623156E306, 1.7976931348623156E306]
1435	MoeSQLmosa	29	3	[768.0, 1535.0, 816.0, 1582.0, 769.0, 0.0, 768.0, 1.0, 815.0, 1.0, 789.0, 1557.0, 837.0, 790.0, 789.0, 788.0, 775.0, 1.0, 0.0, 1.0, 1.0, 13.754545454545456, 2.0, 14.754545454545456, 2.0, 1.7976931348623156E306, 0.0, 0.0, 1.0, 0.0, 1.7976931348623156E306, 1.7976931348623156E306, 1.7976931348623156E306, 1.7976931348623156E306, 1.7976931348623156E306, 0.0, 1.7976931348623156E306, 12.754545454545456, 1.7976931348623156E306, 1.7976931348623156E306, 1.7976931348623156E306, 1.7976931348623156E306]
1435	MoeSQLmosa	30	3	[773.0, 1545.0, 817.0, 1588.0, 774.0, 0.0, 773.0, 1.0, 816.0, 1.0, 787.0, 1560.0, 831.0, 788.0, 787.0, 788.0, 773.0, 1.0, 0.0, 1.0, 1.0, 13.754545454545456, 2.0, 14.754545454545456, 2.0, 0.0, 1.7976931348623156E306, 0.0, 1.0, 0.0, 12.754545454545456, 1.7976931348623156E306, 1.7976931348623156E306, 1.7976931348623156E306, 1.7976931348623156E306, 1.7976931348623156E306, 1.7976931348623156E306, 1.7976931348623156E306, 1.7976931348623156E306, 1.7976931348623156E306, 0.0, 1.7976931348623156E306]
1435	MoeSQLmosa	31	3	[1.0, 724.0, 2.0, 649.0, 726.0, 649.0, 1373.0, 650.0, 1.0, 2.0, 0.0, 724.0, 1.0, 1.0, 0.0, 1.0, 18.0, 1.0, 0.0, 1.0, 1.0, 0.0, 1.0, 14.754545454545456, 2.0, 1.7976931348623156E306, 1.7976931348623156E306, 0.0, 1.0, 0.0, 1.7976931348623156E306, 1.7976931348623156E306, 1.7976931348623156E306, 1.7976931348623156E306, 0.0, 1.7976931348623156E306, 1.7976931348623156E306, 1.7976931348623156E306, 0.0, 1.7976931348623156E306, 1.7976931348623156E306, 1.7976931348623156E306]
1435	MoeSQLmosa	32	3	[1.0, 938.0, 3.0, 0.0, 1.0, 938.0, 1.0, 2.0, 939.0, 938.0, 943.0, 6.0, 8.0, 942.0, 943.0, 944.0, 954.0, 1.0, 0.0, 1.0, 1.0, 15.55, 2.0, 14.754545454545456, 2.0, 0.0, 1.7976931348623156E306, 0.0, 1.0, 0.0, 13.754545454545456, 1.7976931348623156E306, 1.7976931348623156E306, 1.7976931348623156E306, 1.7976931348623156E306, 1.7976931348623156E306, 1.7976931348623156E306, 1.7976931348623156E306, 1.7976931348623156E306, 1.7976931348623156E306, 1.7976931348623156E306, 1.7976931348623156E306]
1435	MoeSQLmosa	33	3	[1.0, 0.0, 1.0, 221.0, 3.0, 221.0, 222.0, 221.0, 1.0, 2.0, 39.0, 40.0, 39.0, 40.0, 39.0, 40.0, 1.0, 1.0, 0.0, 1.0, 2.0, 3.0, 3.0, 15.754545454545456, 3.0, 1.0, 1.0, 0.0, 1.0, 0.0, 0.0, 1.7976931348623156E306, 1.7976931348623156E306, 1.7976931348623156E306, 1.7976931348623156E306, 1.7976931348623156E306, 1.7976931348623156E306, 0.0, 1.7976931348623156E306, 1.7976931348623156E306, 1.7976931348623156E306, 1.7976931348623156E306]
1435	MOTGA	0	9	[0.0, 259.0, 1.0, 705.0, 261.0, 0.0, 768.0, 1.0, 0.0, 1.0, 1.0, 261.0, 2.0, 0.0, 1.0, 2.0, 0.0, 1.0, 0.0, 1.0, 1.0, 27.81205673758865, 2.0, 1.0, 2.0, 1.7976931348623156E306, 0.0, 0.0, 1.0, 0.0, 1.7976931348623156E306, 0.0, 1.7976931348623156E306, 1.7976931348623156E306, 1.7976931348623156E306, 0.0, 0.0, 0.0, 1.7976931348623156E306, 1.7976931348623156E306, 0.0, 1.7976931348623156E306]
1435	MOTGA	1	13	[0.0, 644.0, 1.0, 0.0, 1.0, 0.0, 0.0, 1.0, 0.0, 1.0, 0.0, 0.0, 1.0, 1.0, 0.0, 1.0, 25.0, 1.0, 0.0, 0.0, 1.0, 1.0, 0.0, 1.0, 2.0, 0.0, 1.7976931348623156E306, 0.0, 0.0, 0.0, 13.754545454545456, 13.754545454545456, 1.7976931348623156E306, 0.0, 1.7976931348623156E306, 1.7976931348623156E306, 1.7976931348623156E306, 1.7976931348623156E306, 1.7976931348623156E306, 1.7976931348623156E306, 0.0, 1.7976931348623156E306]
1435	MOTGA	2	16	[0.0, 0.0, 0.0, 220.0, 3.0, 0.0, 222.0, 1.0, 0.0, 0.0, 0.0, 40.0, 0.0, 1.0, 0.0, 0.0, 1.0, 1.0, 0.0, 1.0, 0.0, 0.0, 1.0, 2.0, 1.0, 2.0, 2.0, 0.0, 1.0, 0.0, 0.0, 0.0, 1.7976931348623156E306, 0.0, 0.0, 1.7976931348623156E306, 1.7976931348623156E306, 0.0, 0.0, 1.7976931348623156E306, 0.0, 1.7976931348623156E306]
1435	MOTGA	3	17	[1.0, 317.0, 2.0, 234.0, 0.0, 0.0, 551.0, 0.0, 1.0, 1.0, 0.0, 317.0, 1.0, 1.0, 0.0, 1.0, 6.0, 0.0, 0.0, 1.0, 1.0, 0.0, 1.0, 0.0, 0.0, 1.7976931348623156E306, 1.7976931348623156E306, 0.0, 1.0, 0.0, 1.7976931348623156E306, 0.0, 0.0, 1.7976931348623156E306, 1.7976931348623156E306, 1.7976931348623156E306, 1.7976931348623156E306, 1.7976931348623156E306, 1.7976931348623156E306, 0.0, 0.0, 0.0]
1436	MoeSQLmosa	0	2	[0.0, 0.0]
1436	MOTGA	0	2	[0.0, 0.0]
1437	MoeSQLmosa	0	2	[0.0, 0.0]
1437	MOTGA	0	2	[0.0, 0.0]
1438	MoeSQLmosa	0	2	[0.0, 0.0]
1438	MOTGA	0	2	[0.0, 0.0]
1439	MoeSQLmosa	0	1	[9.35961210571185, 0.0, 1.0, 10.35961210571185, 10.35961210571185, 10.35961210571185, 10.35961210571185]
1439	MoeSQLmosa	1	1	[22.400757575757577, 23.400757575757577, 23.400757575757577, 0.0, 1.0, 23.400757575757577, 23.400757575757577]
1439	MoeSQLmosa	2	1	[33.387318753018654, 34.387318753018654, 34.387318753018654, 34.387318753018654, 34.387318753018654, 0.0, 1.0]
1439	MoeSQLmosa	3	1	[1.7976931348623156E306, 1.7976931348623156E306, 1.7976931348623156E306, 1.7976931348623156E306, 1.7976931348623156E306, 1.7976931348623156E306, 0.0]
1439	MoeSQLmosa	4	1	[0.0, 1.0, 1.0, 1.0, 1.0, 1.0, 1.0]
1439	MoeSQLmosa	5	1	[1.7976931348623156E306, 1.7976931348623156E306, 1.7976931348623156E306, 1.7976931348623156E306, 0.0, 1.7976931348623156E306, 1.7976931348623156E306]
1439	MoeSQLmosa	6	1	[1.7976931348623156E306, 1.7976931348623156E306, 0.0, 1.7976931348623156E306, 1.7976931348623156E306, 1.7976931348623156E306, 1.7976931348623156E306]
1439	MOTGA	0	7	[0.0, 0.0, 0.0, 0.0, 0.0, 0.0, 0.0]
1440	MoeSQLmosa	0	2	[0.0, 0.0]
1440	MOTGA	0	2	[0.0, 0.0]
1441	MoeSQLmosa	0	2	[0.0, 0.0]
1441	MOTGA	0	2	[0.0, 0.0]
1442	MoeSQLmosa	0	2	[0.0, 0.0]
1442	MOTGA	0	2	[0.0, 0.0]
1443	MoeSQLmosa	0	1	[1.0, 0.0, 1.0]
1443	MoeSQLmosa	1	1	[2.0, 1.0, 0.0]
1443	MoeSQLmosa	2	1	[0.0, 1.0, 2.0]
1443	MOTGA	0	3	[0.0, 0.0, 0.0]
1444	MoeSQLmosa	0	2	[0.0, 0.0, 1.0]
1444	MoeSQLmosa	1	1	[1.7976931348623156E306, 1.7976931348623156E306, 0.0]
1444	MOTGA	0	3	[0.0, 0.0, 0.0]
1445	MoeSQLmosa	0	2	[0.0, 0.0, 1.0, 2.0]
1445	MoeSQLmosa	1	1	[1.7976931348623156E306, 1.7976931348623156E306, 0.0, 3.0]
1445	MoeSQLmosa	2	3	[1.0, 0.0, 1.0, 0.0]
1445	MOTGA	0	6	[0.0, 0.0, 0.0, 0.0]
1446	MoeSQLmosa	0	1	[11.198809523809524, 6.0, 7.0, 6.198809523809524, 7.198809523809524, 0.0, 1.0, 1.0, 1.0, 1.0]
1446	MoeSQLmosa	1	1	[3.238095238095238, 0.0, 1.0, 4.238095238095238, 4.238095238095238, 8.40909090909091, 5.0, 7.0, 3.409090909090909, 4.409090909090909]
1446	MoeSQLmosa	2	1	[27.625939849624057, 28.625939849624057, 28.625939849624057, 0.0, 1.0, 32.13886882885738, 26.94005930504786, 27.94005930504786, 5.198809523809524, 7.198809523809524]
1446	MoeSQLmosa	3	1	[8.238095238095237, 5.0, 7.0, 3.238095238095238, 4.238095238095238, 3.409090909090909, 0.0, 1.0, 4.409090909090909, 4.409090909090909]
1446	MoeSQLmosa	4	1	[38.993452380952384, 33.79464285714286, 34.79464285714286, 5.198809523809524, 7.198809523809524, 32.31653379300438, 33.31653379300438, 33.31653379300438, 0.0, 1.0]
1446	MoeSQLmosa	5	1	[1.7976931348623156E306, 1.7976931348623156E306, 3.595386269724631E306, 1.7976931348623156E306, 0.0, 3.595386269724631E306, 1.7976931348623156E306, 3.595386269724631E306, 3.595386269724631E306, 6.198809523809524]
1446	MoeSQLmosa	6	1	[1.7976931348623156E306, 1.7976931348623156E306, 0.0, 1.7976931348623156E306, 3.595386269724631E306, 3.595386269724631E306, 3.595386269724631E306, 6.0, 1.7976931348623156E306, 3.595386269724631E306]
1446	MoeSQLmosa	7	1	[3.595386269724631E306, 1.7976931348623156E306, 3.595386269724631E306, 3.595386269724631E306, 6.198809523809524, 1.7976931348623156E306, 1.7976931348623156E306, 3.595386269724631E306, 1.7976931348623156E306, 0.0]
1446	MoeSQLmosa	8	1	[0.0, 1.0, 1.0, 1.0, 1.0, 11.198809523809524, 6.0, 7.0, 6.198809523809524, 7.198809523809524]
1446	MoeSQLmosa	9	1	[3.595386269724631E306, 3.595386269724631E306, 6.0, 1.7976931348623156E306, 3.595386269724631E306, 1.7976931348623156E306, 1.7976931348623156E306, 0.0, 1.7976931348623156E306, 3.595386269724631E306]
1446	MOTGA	0	8	[0.0, 0.0, 0.0, 0.0, 0.0, 0.0, 0.0, 0.0, 0.0, 0.0]
1447	MoeSQLmosa	0	1	[1.0, 0.0]
1447	MoeSQLmosa	1	1	[0.0, 15.754944790350361]
1447	MOTGA	0	2	[0.0, 0.0]
1448	MoeSQLmosa	0	2	[0.0, 0.0]
1448	MOTGA	0	2	[0.0, 0.0]
1449	MoeSQLmosa	0	2	[0.0, 0.0]
1449	MOTGA	0	2	[0.0, 0.0]
1450	MoeSQLmosa	0	1	[35.19047619047619, 0.0, 1.0, 35.19047619047619, 44.19047619047619, 36.19047619047619, 36.19047619047619, 35.19047619047619, 36.19047619047619]
1450	MoeSQLmosa	1	1	[1.7976931348623156E306, 1.7976931348623156E306, 1.7976931348623156E306, 1.7976931348623156E306, 1.7976931348623156E306, 0.0, 1.7976931348623156E306, 1.7976931348623156E306, 1.7976931348623156E306]
1450	MoeSQLmosa	2	1	[0.0, 1.0, 1.0, 0.0, 45.0, 1.0, 1.0, 0.0, 1.0]
1450	MoeSQLmosa	3	1	[1.7976931348623156E306, 1.7976931348623156E306, 0.0, 1.7976931348623156E306, 1.7976931348623156E306, 1.7976931348623156E306, 1.7976931348623156E306, 1.7976931348623156E306, 1.7976931348623156E306]
1450	MoeSQLmosa	4	1	[1.0, 2.0, 2.0, 1.0, 48.0, 2.0, 0.0, 1.0, 2.0]
1450	MoeSQLmosa	5	1	[1.0, 2.0, 2.0, 1.0, 0.0, 1.0, 2.0, 1.0, 2.0]
1450	MoeSQLmosa	6	1	[1.0, 2.0, 2.0, 1.0, 6.0, 2.0, 2.0, 1.0, 0.0]
1450	MOTGA	0	7	[0.0, 0.0, 0.0, 0.0, 0.0, 0.0, 0.0, 0.0, 0.0]
1451	MoeSQLmosa	0	2	[0.0, 0.0]
1451	MOTGA	0	2	[0.0, 0.0]
1452	MoeSQLmosa	0	3	[1.0, 0.0, 1.0, 2.0, 2.0, 2.0, 1.0, 2.0, 2.0, 3.0, 1.7976931348623156E306, 1.7976931348623156E306, 1.7976931348623156E306, 1.7976931348623156E306, 1.7976931348623156E306, 1.7976931348623156E306, 1.0, 1.7976931348623156E306, 1.7976931348623156E306]
1452	MoeSQLmosa	1	3	[17.208758996851103, 18.208758996851103, 17.208758996851103, 18.208758996851103, 18.208758996851103, 18.208758996851103, 17.208758996851103, 18.208758996851103, 18.208758996851103, 0.0, 1.7976931348623156E306, 1.7976931348623156E306, 1.7976931348623156E306, 1.7976931348623156E306, 1.7976931348623156E306, 1.7976931348623156E306, 17.208758996851103, 1.7976931348623156E306, 1.7976931348623156E306]
1452	MoeSQLmosa	2	3	[1.0, 2.0, 1.0, 0.0, 1.0, 2.0, 1.0, 2.0, 2.0, 2.0, 1.7976931348623156E306, 1.7976931348623156E306, 1.7976931348623156E306, 1.7976931348623156E306, 1.7976931348623156E306, 1.7976931348623156E306, 1.0, 1.7976931348623156E306, 1.7976931348623156E306]
1452	MoeSQLmosa	3	3	[0.0, 1.0, 0.0, 1.0, 1.0, 1.0, 0.0, 1.0, 1.0, 2.0, 1.7976931348623156E306, 1.7976931348623156E306, 1.7976931348623156E306, 1.7976931348623156E306, 1.7976931348623156E306, 1.7976931348623156E306, 0.0, 1.7976931348623156E306, 1.7976931348623156E306]
1452	MoeSQLmosa	4	3	[1.7976931348623156E306, 1.7976931348623156E306, 1.7976931348623156E306, 1.7976931348623156E306, 1.7976931348623156E306, 1.7976931348623156E306, 1.7976931348623156E306, 1.7976931348623156E306, 0.0, 1.7976931348623156E306, 1.7976931348623156E306, 1.7976931348623156E306, 1.7976931348623156E306, 1.7976931348623156E306, 1.7976931348623156E306, 1.7976931348623156E306, 1.7976931348623156E306, 0.0, 1.7976931348623156E306]
1452	MoeSQLmosa	5	3	[0.0, 1.0, 0.0, 1.0, 1.0, 1.0, 0.0, 1.0, 1.0, 2.0, 1.7976931348623156E306, 1.7976931348623156E306, 0.0, 1.7976931348623156E306, 1.7976931348623156E306, 1.7976931348623156E306, 0.0, 1.7976931348623156E306, 1.7976931348623156E306]
1452	MoeSQLmosa	6	3	[0.0, 1.0, 0.0, 1.0, 1.0, 1.0, 0.0, 1.0, 1.0, 2.0, 1.7976931348623156E306, 0.0, 1.7976931348623156E306, 1.7976931348623156E306, 1.7976931348623156E306, 1.7976931348623156E306, 0.0, 1.7976931348623156E306, 1.7976931348623156E306]
1452	MoeSQLmosa	7	3	[1.0, 2.0, 1.0, 2.0, 2.0, 0.0, 1.0, 2.0, 2.0, 3.0, 1.7976931348623156E306, 1.7976931348623156E306, 1.7976931348623156E306, 1.7976931348623156E306, 1.7976931348623156E306, 1.7976931348623156E306, 1.0, 1.7976931348623156E306, 1.7976931348623156E306]
1452	MoeSQLmosa	8	3	[0.0, 1.0, 0.0, 1.0, 1.0, 1.0, 0.0, 1.0, 1.0, 2.0, 1.7976931348623156E306, 1.7976931348623156E306, 0.0, 1.7976931348623156E306, 0.0, 1.7976931348623156E306, 0.0, 1.7976931348623156E306, 1.7976931348623156E306]
1452	MoeSQLmosa	9	3	[1.7976931348623156E306, 1.7976931348623156E306, 1.7976931348623156E306, 1.7976931348623156E306, 1.7976931348623156E306, 1.7976931348623156E306, 1.7976931348623156E306, 1.7976931348623156E306, 0.0, 1.7976931348623156E306, 1.7976931348623156E306, 1.7976931348623156E306, 1.7976931348623156E306, 1.7976931348623156E306, 1.7976931348623156E306, 0.0, 1.7976931348623156E306, 1.7976931348623156E306, 1.7976931348623156E306]
1452	MoeSQLmosa	10	3	[0.0, 1.0, 0.0, 1.0, 1.0, 1.0, 0.0, 1.0, 1.0, 2.0, 1.7976931348623156E306, 1.7976931348623156E306, 1.7976931348623156E306, 0.0, 1.7976931348623156E306, 1.7976931348623156E306, 0.0, 1.7976931348623156E306, 1.7976931348623156E306]
1452	MoeSQLmosa	11	3	[1.0, 2.0, 1.0, 2.0, 2.0, 2.0, 1.0, 0.0, 2.0, 3.0, 1.7976931348623156E306, 1.0, 1.7976931348623156E306, 1.7976931348623156E306, 1.7976931348623156E306, 1.7976931348623156E306, 1.0, 1.7976931348623156E306, 1.7976931348623156E306]
1452	MoeSQLmosa	12	3	[1.7976931348623156E306, 1.7976931348623156E306, 1.7976931348623156E306, 1.7976931348623156E306, 1.7976931348623156E306, 1.7976931348623156E306, 1.7976931348623156E306, 1.7976931348623156E306, 0.0, 1.7976931348623156E306, 0.0, 1.7976931348623156E306, 1.7976931348623156E306, 1.7976931348623156E306, 1.7976931348623156E306, 1.7976931348623156E306, 1.7976931348623156E306, 1.7976931348623156E306, 1.7976931348623156E306]
1452	MoeSQLmosa	13	3	[1.7976931348623156E306, 1.7976931348623156E306, 1.7976931348623156E306, 1.7976931348623156E306, 0.0, 1.7976931348623156E306, 1.7976931348623156E306, 1.7976931348623156E306, 1.7976931348623156E306, 2.0, 3.595386269724631E306, 3.595386269724631E306, 3.595386269724631E306, 3.595386269724631E306, 3.595386269724631E306, 3.595386269724631E306, 1.7976931348623156E306, 3.595386269724631E306, 3.595386269724631E306]
1452	MoeSQLmosa	14	3	[1.7976931348623156E306, 1.7976931348623156E306, 1.7976931348623156E306, 1.7976931348623156E306, 1.7976931348623156E306, 1.7976931348623156E306, 1.7976931348623156E306, 1.7976931348623156E306, 0.0, 1.7976931348623156E306, 1.7976931348623156E306, 1.7976931348623156E306, 1.7976931348623156E306, 1.7976931348623156E306, 1.7976931348623156E306, 1.7976931348623156E306, 1.7976931348623156E306, 1.7976931348623156E306, 0.0]
1452	MOTGA	0	14	[0.0, 0.0, 0.0, 0.0, 0.0, 0.0, 0.0, 0.0, 0.0, 0.0, 0.0, 0.0, 0.0, 0.0, 0.0, 0.0, 0.0, 0.0, 0.0]
1453	MoeSQLmosa	0	1	[0.0, 1.0, 1.0, 512.0, 511.0, 510.0, 0.0, 1.0, 2.0, 0.0]
1453	MoeSQLmosa	1	1	[32.34189976689977, 0.0, 1.0, 390.34189976689976, 389.34189976689976, 388.34189976689976, 33.34189976689977, 34.34189976689977, 35.34189976689977, 32.34189976689977]
1453	MoeSQLmosa	2	1	[1.0, 2.0, 2.0, 977.0, 976.0, 975.0, 1.0, 0.0, 1.0, 1.0]
1453	MoeSQLmosa	3	1	[1.7976931348623156E306, 1.7976931348623156E306, 0.0, 1.7976931348623156E306, 1.7976931348623156E306, 1.7976931348623156E306, 1.7976931348623156E306, 1.7976931348623156E306, 1.7976931348623156E306, 1.7976931348623156E306]
1453	MoeSQLmosa	4	1	[0.0, 1.0, 1.0, 2.0, 1.0, 0.0, 28.166127230296752, 29.166127230296752, 30.166127230296752, 0.0]
1453	MoeSQLmosa	5	1	[1.0, 2.0, 2.0, 1.0, 0.0, 1.0, 958.7093790673459, 959.7093790673459, 960.7093790673459, 0.0]
1453	MoeSQLmosa	6	1	[2.0, 3.0, 3.0, 0.0, 1.0, 2.0, 2.0, 3.0, 4.0, 0.0]
1453	MoeSQLmosa	7	1	[2.0, 3.0, 3.0, 8.0, 7.0, 6.0, 2.0, 1.0, 0.0, 2.0]
1453	MOTGA	0	7	[0.0, 0.0, 0.0, 0.0, 0.0, 0.0, 0.0, 0.0, 0.0, 0.0]
1454	MoeSQLmosa	0	2	[8.0, 9.0, 9.0, 9.0, 9.0, 9.0, 9.0, 9.0, 9.0, 9.0, 8.0, 9.0, 304.66147450742164, 305.66147450742164, 306.66147450742164, 8.0, 9.0, 9.0, 0.0, 8.0, 9.0, 1.0, 0.0]
1454	MoeSQLmosa	1	2	[13.269025409953603, 14.269025409953603, 14.269025409953603, 14.269025409953603, 14.269025409953603, 14.269025409953603, 14.269025409953603, 14.269025409953603, 14.269025409953603, 14.269025409953603, 13.269025409953603, 14.269025409953603, 309.93049991737524, 310.93049991737524, 311.93049991737524, 13.269025409953603, 14.269025409953603, 14.269025409953603, 0.0, 13.269025409953603, 14.269025409953603, 0.0, 1.0]
1454	MoeSQLmosa	2	2	[13.269025409953603, 14.269025409953603, 14.269025409953603, 14.269025409953603, 14.269025409953603, 0.0, 1.0, 14.269025409953603, 14.269025409953603, 14.269025409953603, 13.269025409953603, 14.269025409953603, 283.4454556659536, 284.4454556659536, 285.4454556659536, 13.269025409953603, 14.269025409953603, 14.269025409953603, 14.269025409953603, 13.269025409953603, 14.269025409953603, 13.269025409953603, 14.269025409953603]
1454	MoeSQLmosa	3	2	[1.0, 2.0, 2.0, 2.0, 2.0, 2.0, 2.0, 2.0, 2.0, 2.0, 1.0, 2.0, 1.0, 0.0, 1.0, 1.0, 2.0, 2.0, 2.0, 1.0, 2.0, 1.0, 2.0]
1454	MoeSQLmosa	4	2	[2.0, 3.0, 3.0, 3.0, 3.0, 3.0, 3.0, 3.0, 3.0, 3.0, 2.0, 3.0, 281.3313686051, 282.3313686051, 283.3313686051, 2.0, 0.0, 1.0, 3.0, 2.0, 3.0, 2.0, 3.0]
1454	MoeSQLmosa	5	2	[0.8333333333333334, 1.8333333333333335, 1.8333333333333335, 0.0, 1.0, 1.8333333333333335, 1.8333333333333335, 1.8333333333333335, 1.8333333333333335, 1.8333333333333335, 0.8333333333333334, 1.8333333333333335, 272.5221087492497, 273.5221087492497, 274.5221087492497, 0.8333333333333334, 1.8333333333333335, 1.8333333333333335, 1.8333333333333335, 0.8333333333333334, 1.8333333333333335, 0.8333333333333334, 1.8333333333333335]
1454	MoeSQLmosa	6	2	[0.0, 1.0, 1.0, 1.0, 1.0, 1.0, 1.0, 1.0, 1.0, 1.0, 0.0, 1.0, 0.0, 1.0, 2.0, 0.0, 1.0, 1.0, 1.0, 2.0, 1.0, 0.0, 1.0]
1454	MoeSQLmosa	7	2	[1.0, 2.0, 2.0, 2.0, 2.0, 2.0, 2.0, 2.0, 2.0, 2.0, 1.0, 0.0, 1.0, 2.0, 3.0, 1.0, 2.0, 2.0, 2.0, 2.0, 1.0, 1.0, 2.0]
1454	MoeSQLmosa	8	2	[10.04383904099274, 0.0, 1.0, 11.04383904099274, 11.04383904099274, 11.04383904099274, 11.04383904099274, 11.04383904099274, 11.04383904099274, 11.04383904099274, 10.04383904099274, 11.04383904099274, 10.04383904099274, 11.04383904099274, 12.04383904099274, 10.04383904099274, 11.04383904099274, 11.04383904099274, 11.04383904099274, 10.04383904099274, 11.04383904099274, 10.04383904099274, 11.04383904099274]
1454	MoeSQLmosa	9	2	[6.4523809523809526, 7.4523809523809526, 7.4523809523809526, 7.4523809523809526, 7.4523809523809526, 7.4523809523809526, 7.4523809523809526, 0.0, 1.0, 7.4523809523809526, 6.4523809523809526, 7.4523809523809526, 6.4523809523809526, 7.4523809523809526, 8.452380952380953, 6.4523809523809526, 7.4523809523809526, 7.4523809523809526, 7.4523809523809526, 6.4523809523809526, 7.4523809523809526, 6.4523809523809526, 7.4523809523809526]
1454	MoeSQLmosa	10	2	[12.40056400938754, 13.40056400938754, 13.40056400938754, 13.40056400938754, 13.40056400938754, 13.40056400938754, 13.40056400938754, 13.40056400938754, 13.40056400938754, 13.40056400938754, 12.40056400938754, 13.40056400938754, 204.83456400938755, 205.83456400938755, 206.83456400938755, 12.40056400938754, 13.40056400938754, 13.40056400938754, 13.40056400938754, 0.0, 1.0, 12.40056400938754, 13.40056400938754]
1454	MoeSQLmosa	11	2	[1.0, 2.0, 2.0, 2.0, 2.0, 2.0, 2.0, 2.0, 2.0, 0.0, 1.0, 2.0, 1.0, 2.0, 3.0, 1.0, 2.0, 2.0, 2.0, 2.0, 1.0, 1.0, 2.0]
1454	MoeSQLmosa	12	2	[1.7976931348623156E306, 1.7976931348623156E306, 1.7976931348623156E306, 1.7976931348623156E306, 1.7976931348623156E306, 1.7976931348623156E306, 1.7976931348623156E306, 1.7976931348623156E306, 1.7976931348623156E306, 1.7976931348623156E306, 1.7976931348623156E306, 1.7976931348623156E306, 1.7976931348623156E306, 1.7976931348623156E306, 1.7976931348623156E306, 1.7976931348623156E306, 1.7976931348623156E306, 0.0, 1.7976931348623156E306, 1.7976931348623156E306, 1.7976931348623156E306, 1.7976931348623156E306, 1.7976931348623156E306]
1454	MoeSQLmosa	13	2	[1.7976931348623156E306, 1.7976931348623156E306, 1.7976931348623156E306, 1.7976931348623156E306, 1.7976931348623156E306, 1.7976931348623156E306, 1.7976931348623156E306, 1.7976931348623156E306, 0.0, 1.7976931348623156E306, 1.7976931348623156E306, 1.7976931348623156E306, 1.7976931348623156E306, 1.7976931348623156E306, 1.7976931348623156E306, 1.7976931348623156E306, 1.7976931348623156E306, 1.7976931348623156E306, 1.7976931348623156E306, 1.7976931348623156E306, 1.7976931348623156E306, 1.7976931348623156E306, 1.7976931348623156E306]
1454	MoeSQLmosa	14	2	[1.7976931348623156E306, 1.7976931348623156E306, 1.7976931348623156E306, 1.7976931348623156E306, 1.7976931348623156E306, 1.7976931348623156E306, 1.7976931348623156E306, 1.7976931348623156E306, 1.7976931348623156E306, 1.7976931348623156E306, 1.7976931348623156E306, 1.7976931348623156E306, 1.7976931348623156E306, 1.7976931348623156E306, 1.7976931348623156E306, 1.7976931348623156E306, 1.7976931348623156E306, 1.7976931348623156E306, 1.7976931348623156E306, 1.0, 0.0, 1.7976931348623156E306, 1.7976931348623156E306]
1454	MoeSQLmosa	15	2	[1.7976931348623156E306, 1.7976931348623156E306, 1.7976931348623156E306, 1.7976931348623156E306, 1.7976931348623156E306, 1.7976931348623156E306, 0.0, 1.7976931348623156E306, 1.7976931348623156E306, 1.7976931348623156E306, 1.7976931348623156E306, 1.7976931348623156E306, 1.7976931348623156E306, 1.7976931348623156E306, 1.7976931348623156E306, 1.7976931348623156E306, 1.7976931348623156E306, 1.7976931348623156E306, 1.7976931348623156E306, 1.7976931348623156E306, 1.7976931348623156E306, 1.7976931348623156E306, 1.7976931348623156E306]
1454	MoeSQLmosa	16	2	[1.7976931348623156E306, 1.7976931348623156E306, 0.0, 1.7976931348623156E306, 1.7976931348623156E306, 1.7976931348623156E306, 1.7976931348623156E306, 1.7976931348623156E306, 1.7976931348623156E306, 1.7976931348623156E306, 1.7976931348623156E306, 1.7976931348623156E306, 1.7976931348623156E306, 1.7976931348623156E306, 1.7976931348623156E306, 1.7976931348623156E306, 1.7976931348623156E306, 1.7976931348623156E306, 1.7976931348623156E306, 1.7976931348623156E306, 1.7976931348623156E306, 1.7976931348623156E306, 1.7976931348623156E306]
1454	MoeSQLmosa	17	2	[1.7976931348623156E306, 1.7976931348623156E306, 1.7976931348623156E306, 1.7976931348623156E306, 0.0, 1.7976931348623156E306, 1.7976931348623156E306, 1.7976931348623156E306, 1.7976931348623156E306, 1.7976931348623156E306, 1.7976931348623156E306, 1.7976931348623156E306, 1.7976931348623156E306, 1.7976931348623156E306, 1.7976931348623156E306, 1.7976931348623156E306, 1.7976931348623156E306, 1.7976931348623156E306, 1.7976931348623156E306, 1.7976931348623156E306, 1.7976931348623156E306, 1.7976931348623156E306, 1.7976931348623156E306]
1454	MoeSQLmosa	18	2	[2.0, 3.0, 3.0, 3.0, 3.0, 3.0, 3.0, 3.0, 3.0, 3.0, 2.0, 3.0, 2.0, 1.0, 0.0, 2.0, 3.0, 3.0, 3.0, 2.0, 3.0, 2.0, 3.0]
1454	MOTGA	0	19	[0.0, 0.0, 0.0, 0.0, 0.0, 0.0, 0.0, 0.0, 0.0, 0.0, 0.0, 0.0, 0.0, 0.0, 0.0, 0.0, 0.0, 0.0, 0.0, 2.0, 30.0, 0.0, 0.0]
1455	MoeSQLmosa	0	1	[0.0, 11.817893332469104, 1.0]
1455	MoeSQLmosa	1	1	[1.0, 0.0, 1.0]
1455	MoeSQLmosa	2	1	[1.7976931348623156E306, 1.7976931348623156E306, 0.0]
1455	MOTGA	0	3	[0.0, 0.0, 0.0]
1456	MoeSQLmosa	0	1	[0.0, 24.0, 1.0, 1.0, 1.0]
1456	MoeSQLmosa	1	1	[11.0, 0.0, 1.0, 12.0, 12.0]
1456	MoeSQLmosa	2	1	[6.976143790849674, 29.976143790849676, 7.976143790849674, 0.0, 1.0]
1456	MoeSQLmosa	3	1	[1.7976931348623156E306, 1.7976931348623156E306, 1.7976931348623156E306, 1.7976931348623156E306, 0.0]
1456	MoeSQLmosa	4	1	[1.7976931348623156E306, 1.7976931348623156E306, 0.0, 1.7976931348623156E306, 1.7976931348623156E306]
1456	MOTGA	0	5	[0.0, 0.0, 0.0, 0.0, 0.0]
1457	MoeSQLmosa	0	1	[6.382619047619047, 0.0, 1.0, 7.382619047619047, 11.632619047619048, 7.382619047619047, 6.382619047619047]
1457	MoeSQLmosa	1	1	[5.174509803921569, 6.174509803921569, 6.174509803921569, 0.0, 5.174509803921569, 1.0, 6.382619047619047]
1457	MoeSQLmosa	2	1	[0.0, 1.0, 1.0, 1.0, 5.25, 1.0, 0.0]
1457	MoeSQLmosa	3	1	[0.0, 1.0, 1.0, 1.0, 0.0, 1.0, 5.25]
1457	MoeSQLmosa	4	1	[1.7976931348623156E306, 1.7976931348623156E306, 0.0, 1.7976931348623156E306, 1.7976931348623156E306, 1.7976931348623156E306, 1.7976931348623156E306]
1457	MoeSQLmosa	5	1	[1.7976931348623156E306, 1.7976931348623156E306, 1.7976931348623156E306, 1.7976931348623156E306, 1.7976931348623156E306, 0.0, 1.7976931348623156E306]
1457	MOTGA	0	6	[0.0, 0.0, 0.0, 0.0, 0.0, 0.0, 0.0]
1458	MoeSQLmosa	0	1	[0.0, 37.945387951657196, 1.0]
1458	MoeSQLmosa	1	1	[1.7976931348623156E306, 1.7976931348623156E306, 0.0]
1458	MoeSQLmosa	2	1	[1.0, 0.0, 1.0]
1458	MOTGA	0	3	[0.0, 0.0, 0.0]
1459	MoeSQLmosa	0	1	[1.0, 0.0, 1.0]
1459	MoeSQLmosa	1	1	[0.0, 32.30056935817805, 1.0]
1459	MoeSQLmosa	2	1	[1.7976931348623156E306, 1.7976931348623156E306, 0.0]
1459	MOTGA	0	3	[0.0, 0.0, 0.0]
1460	MoeSQLmosa	0	2	[0.0, 0.0]
1460	MOTGA	0	2	[0.0, 0.0]
1462	MoeSQLmosa	0	2	[0.0, 0.0, 1.0]
1462	MoeSQLmosa	1	1	[1.7976931348623156E306, 1.7976931348623156E306, 0.0]
1462	MOTGA	0	3	[0.0, 0.0, 0.0]
1463	MoeSQLmosa	0	1	[0.0, 30.923076923076923]
1463	MoeSQLmosa	1	1	[1.0, 0.0]
1463	MOTGA	0	2	[0.0, 0.0]
1464	MoeSQLmosa	0	1	[30.104572377859366, 31.104572377859366, 31.104572377859366, 0.0, 1.0, 31.104572377859366, 31.104572377859366, 39.47643651099399]
1464	MoeSQLmosa	1	1	[22.10945089525655, 0.0, 1.0, 23.10945089525655, 23.10945089525655, 23.10945089525655, 23.10945089525655, 63.36361756192322]
1464	MoeSQLmosa	2	1	[23.100427350427353, 24.100427350427353, 24.100427350427353, 24.100427350427353, 24.100427350427353, 0.0, 1.0, 36.2246865277825]
1464	MoeSQLmosa	3	1	[1.7976931348623156E306, 1.7976931348623156E306, 0.0, 1.7976931348623156E306, 1.7976931348623156E306, 1.7976931348623156E306, 1.7976931348623156E306, 1.7976931348623156E306]
1464	MoeSQLmosa	4	1	[1.0, 2.0, 2.0, 2.0, 2.0, 2.0, 2.0, 0.0]
1464	MoeSQLmosa	5	1	[0.0, 1.0, 1.0, 1.0, 1.0, 1.0, 1.0, 25.511124913733607]
1464	MoeSQLmosa	6	1	[1.7976931348623156E306, 1.7976931348623156E306, 1.7976931348623156E306, 1.7976931348623156E306, 0.0, 1.7976931348623156E306, 1.7976931348623156E306, 1.7976931348623156E306]
1464	MoeSQLmosa	7	1	[1.7976931348623156E306, 1.7976931348623156E306, 1.7976931348623156E306, 1.7976931348623156E306, 1.7976931348623156E306, 1.7976931348623156E306, 0.0, 1.7976931348623156E306]
1464	MOTGA	0	8	[0.0, 0.0, 0.0, 0.0, 0.0, 0.0, 0.0, 0.0]
1465	MoeSQLmosa	0	1	[37.06666666666666, 0.0, 1.0, 38.06666666666666, 38.06666666666666, 38.06666666666666, 38.06666666666666, 46.345795112684186]
1465	MoeSQLmosa	1	1	[0.0, 1.0, 1.0, 1.0, 1.0, 1.0, 1.0, 9.264954612022771]
1465	MoeSQLmosa	2	1	[1.7976931348623156E306, 1.7976931348623156E306, 0.0, 1.7976931348623156E306, 1.7976931348623156E306, 1.7976931348623156E306, 1.7976931348623156E306, 1.7976931348623156E306]
1465	MoeSQLmosa	3	1	[11.4, 12.4, 12.4, 0.0, 1.0, 12.4, 12.4, 37.0]
1465	MoeSQLmosa	4	1	[8.42401059778109, 9.42401059778109, 9.42401059778109, 9.42401059778109, 9.42401059778109, 0.0, 1.0, 17.68896520980386]
1465	MoeSQLmosa	5	1	[1.7976931348623156E306, 1.7976931348623156E306, 1.7976931348623156E306, 1.7976931348623156E306, 0.0, 1.7976931348623156E306, 1.7976931348623156E306, 1.7976931348623156E306]
1465	MoeSQLmosa	6	1	[1.0, 2.0, 2.0, 2.0, 2.0, 2.0, 2.0, 0.0]
1465	MoeSQLmosa	7	1	[1.7976931348623156E306, 1.7976931348623156E306, 1.7976931348623156E306, 1.7976931348623156E306, 1.7976931348623156E306, 1.7976931348623156E306, 0.0, 1.7976931348623156E306]
1465	MOTGA	0	8	[0.0, 0.0, 0.0, 0.0, 0.0, 0.0, 0.0, 0.0]
1466	MoeSQLmosa	0	1	[0.0, 20.390381578478078]
1466	MoeSQLmosa	1	1	[1.0, 0.0]
1466	MOTGA	0	2	[0.0, 0.0]
1467	MoeSQLmosa	0	1	[46.4, 47.4, 47.4, 0.0, 1.0, 47.4, 47.4]
1467	MoeSQLmosa	1	1	[13.754855487212224, 0.0, 1.0, 14.754855487212224, 14.754855487212224, 14.754855487212224, 14.754855487212224]
1467	MoeSQLmosa	2	1	[14.673374834374009, 15.673374834374009, 15.673374834374009, 15.673374834374009, 15.673374834374009, 0.0, 1.0]
1467	MoeSQLmosa	3	1	[1.7976931348623156E306, 1.7976931348623156E306, 1.7976931348623156E306, 1.7976931348623156E306, 1.7976931348623156E306, 1.7976931348623156E306, 0.0]
1467	MoeSQLmosa	4	1	[0.0, 1.0, 1.0, 1.0, 1.0, 1.0, 1.0]
1467	MoeSQLmosa	5	1	[1.7976931348623156E306, 1.7976931348623156E306, 1.7976931348623156E306, 1.7976931348623156E306, 0.0, 1.7976931348623156E306, 1.7976931348623156E306]
1467	MoeSQLmosa	6	1	[1.7976931348623156E306, 1.7976931348623156E306, 0.0, 1.7976931348623156E306, 1.7976931348623156E306, 1.7976931348623156E306, 1.7976931348623156E306]
1467	MOTGA	0	7	[0.0, 0.0, 0.0, 0.0, 0.0, 0.0, 0.0]
1468	MoeSQLmosa	0	2	[0.0, 0.0]
1468	MOTGA	0	2	[0.0, 0.0]
1469	MoeSQLmosa	0	2	[0.0, 0.0]
1469	MOTGA	0	2	[0.0, 0.0]
1470	MoeSQLmosa	0	1	[0.0, 38.111111111111114]
1470	MoeSQLmosa	1	1	[1.0, 0.0]
1470	MOTGA	0	2	[0.0, 0.0]
1471	MoeSQLmosa	0	3	[0.0]
1471	MOTGA	0	3	[0.0]
1472	MoeSQLmosa	0	1	[9.250165861270514, 8.250165861270514, 9.250165861270514, 8.250165861270514, 0.0]
1472	MoeSQLmosa	1	1	[2.0, 1.0, 0.0, 1.0, 2.0]
1472	MoeSQLmosa	2	1	[1.0, 0.0, 1.0, 0.0, 1.0]
1472	MoeSQLmosa	3	1	[0.0, 1.0, 2.0, 1.0, 2.0]
1472	MOTGA	0	4	[0.0, 0.0, 0.0, 0.0, 0.0]
1473	MoeSQLmosa	0	2	[17.297619047619047, 0.0, 0.0, 18.297619047619047, 18.297619047619047, 18.297619047619047, 18.297619047619047]
1473	MoeSQLmosa	1	1	[24.486568986568987, 25.486568986568987, 25.486568986568987, 0.0, 1.0, 25.486568986568987, 25.486568986568987]
1473	MoeSQLmosa	2	1	[1.7976931348623156E306, 1.7976931348623156E306, 1.7976931348623156E306, 1.7976931348623156E306, 0.0, 1.7976931348623156E306, 1.7976931348623156E306]
1473	MoeSQLmosa	3	1	[26.393333333333334, 27.393333333333334, 27.393333333333334, 27.393333333333334, 27.393333333333334, 0.0, 1.0]
1473	MoeSQLmosa	4	1	[0.0, 1.0, 1.0, 1.0, 1.0, 1.0, 1.0]
1473	MoeSQLmosa	5	1	[1.7976931348623156E306, 1.7976931348623156E306, 1.7976931348623156E306, 1.7976931348623156E306, 1.7976931348623156E306, 1.7976931348623156E306, 0.0]
1473	MOTGA	0	7	[0.0, 0.0, 0.0, 0.0, 0.0, 0.0, 0.0]
1474	MoeSQLmosa	0	1	[1.7976931348623156E306, 1.7976931348623156E306, 1.7976931348623156E306, 1.7976931348623156E306, 1.7976931348623156E306, 1.7976931348623156E306, 0.0, 1.7976931348623156E306, 1.7976931348623156E306, 3.0, 3.0]
1474	MoeSQLmosa	1	1	[9.831052760270808, 34.83105276027081, 10.831052760270808, 0.0, 1.0, 10.831052760270808, 10.831052760270808, 10.831052760270808, 10.831052760270808, 3.0, 3.0]
1474	MoeSQLmosa	2	1	[25.0, 0.0, 1.0, 26.0, 26.0, 26.0, 26.0, 26.0, 26.0, 3.0, 3.0]
1474	MoeSQLmosa	3	1	[21.1671909625857, 51.1671909625857, 22.1671909625857, 22.1671909625857, 22.1671909625857, 22.1671909625857, 22.1671909625857, 0.0, 1.0, 3.0, 3.0]
1474	MoeSQLmosa	4	1	[32.721224512717825, 55.721224512717825, 33.721224512717825, 33.721224512717825, 33.721224512717825, 0.0, 1.0, 33.721224512717825, 33.721224512717825, 3.0, 3.0]
1474	MoeSQLmosa	5	1	[0.0, 30.0, 1.0, 1.0, 1.0, 1.0, 1.0, 1.0, 1.0, 2.0, 2.0]
1474	MoeSQLmosa	6	1	[1.7976931348623156E306, 1.7976931348623156E306, 1.7976931348623156E306, 1.7976931348623156E306, 0.0, 1.7976931348623156E306, 1.7976931348623156E306, 1.7976931348623156E306, 1.7976931348623156E306, 3.0, 3.0]
1474	MoeSQLmosa	7	1	[1.7976931348623156E306, 1.7976931348623156E306, 1.7976931348623156E306, 1.7976931348623156E306, 1.7976931348623156E306, 1.7976931348623156E306, 1.7976931348623156E306, 1.7976931348623156E306, 0.0, 3.0, 3.0]
1474	MoeSQLmosa	8	1	[1.7976931348623156E306, 1.7976931348623156E306, 0.0, 1.7976931348623156E306, 1.7976931348623156E306, 1.7976931348623156E306, 1.7976931348623156E306, 1.7976931348623156E306, 1.7976931348623156E306, 3.0, 3.0]
1474	MoeSQLmosa	9	3	[0.0, 16.0, 1.0, 1.0, 1.0, 1.0, 1.0, 1.0, 1.0, 0.0, 0.0]
1474	MOTGA	0	11	[0.0, 0.0, 0.0, 0.0, 0.0, 0.0, 0.0, 0.0, 0.0, 0.0, 0.0]
1475	MoeSQLmosa	0	2	[0.0, 1.0, 0.0, 43.378633524777946]
1475	MoeSQLmosa	1	1	[18.167638110799874, 0.0, 1.0, 36.622717865879636]
1475	MoeSQLmosa	2	1	[1.0, 2.0, 2.0, 0.0]
1475	MOTGA	0	4	[0.0, 0.0, 0.0, 0.0]
1476	MoeSQLmosa	0	3	[1.0, 0.0, 0.0, 2.0, 2.0, 1.7976931348623156E306]
1476	MoeSQLmosa	1	3	[0.0, 25.87193756179211, 1.0, 0.0, 25.87193756179211, 26.87193756179211]
1476	MoeSQLmosa	2	2	[38.62470355731225, 37.62470355731225, 38.62470355731225, 0.0, 0.0, 1.0]
1476	MoeSQLmosa	3	2	[1.7976931348623156E306, 1.7976931348623156E306, 1.7976931348623156E306, 0.0, 1.0, 0.0]
1476	MOTGA	0	5	[0.0, 0.0, 0.0, 0.0, 2.0, 1.7976931348623156E306]
1477	MoeSQLmosa	0	2	[0.0, 0.0, 1.0]
1477	MoeSQLmosa	1	1	[1.7976931348623156E306, 1.7976931348623156E306, 0.0]
1477	MOTGA	0	3	[0.0, 0.0, 0.0]
1478	MoeSQLmosa	0	2	[0.0, 0.0]
1478	MOTGA	0	2	[0.0, 0.0]
1479	MoeSQLmosa	0	2	[0.0, 0.0]
1479	MOTGA	0	2	[0.0, 0.0]
1480	MoeSQLmosa	0	2	[71.95909090909092, 57.95909090909091, 58.95909090909091, 63.0, 64.0, 72.95909090909092, 71.95909090909092, 72.95909090909092, 77.95909090909092, 72.95909090909092, 72.95909090909092, 72.95909090909092, 22.95909090909091, 0.0, 1.0, 71.95909090909092, 72.95909090909092, 72.95909090909092, 71.95909090909092]
1480	MoeSQLmosa	1	2	[57.762398235493336, 58.762398235493336, 58.762398235493336, 58.762398235493336, 58.762398235493336, 58.762398235493336, 57.762398235493336, 58.762398235493336, 66.72148914458424, 58.762398235493336, 44.762398235493336, 51.762398235493336, 0.0, 19.0, 20.0, 44.762398235493336, 45.762398235493336, 51.762398235493336, 52.762398235493336]
1480	MoeSQLmosa	2	2	[1.7976931348623156E306, 1.7976931348623156E306, 1.7976931348623156E306, 1.7976931348623156E306, 1.7976931348623156E306, 1.7976931348623156E306, 1.7976931348623156E306, 1.7976931348623156E306, 1.7976931348623156E306, 1.7976931348623156E306, 1.7976931348623156E306, 1.7976931348623156E306, 25.66547619047619, 1.0, 0.0, 1.7976931348623156E306, 1.7976931348623156E306, 1.7976931348623156E306, 1.7976931348623156E306]
1480	MoeSQLmosa	3	2	[5.822619047619048, 6.822619047619048, 6.822619047619048, 0.0, 1.0, 6.822619047619048, 5.822619047619048, 6.822619047619048, 11.822619047619048, 6.822619047619048, 6.822619047619048, 6.822619047619048, 7.822619047619048, 2.0, 1.0, 5.822619047619048, 6.822619047619048, 6.822619047619048, 5.822619047619048]
1480	MoeSQLmosa	4	2	[22.131050196963418, 0.0, 1.0, 23.131050196963418, 23.131050196963418, 23.131050196963418, 22.131050196963418, 23.131050196963418, 28.131050196963418, 23.131050196963418, 23.131050196963418, 23.131050196963418, 24.131050196963418, 2.0, 1.0, 22.131050196963418, 23.131050196963418, 22.131050196963418, 23.131050196963418]
1480	MoeSQLmosa	5	3	[0.0, 1.0, 1.0, 1.0, 1.0, 1.0, 0.0, 1.0, 6.0, 1.0, 1.0, 0.0, 2.0, 2.0, 3.0, 0.0, 1.0, 0.0, 0.0]
1480	MoeSQLmosa	6	2	[14.0, 15.0, 15.0, 15.0, 15.0, 15.0, 14.0, 15.0, 20.0, 15.0, 0.0, 15.0, 16.0, 14.0, 15.0, 0.0, 1.0, 14.0, 15.0]
1480	MoeSQLmosa	7	2	[0.0, 1.0, 1.0, 1.0, 1.0, 1.0, 0.0, 1.0, 6.0, 1.0, 1.0, 1.0, 2.0, 2.0, 1.0, 1.0, 0.0, 0.0, 1.0]
1480	MoeSQLmosa	8	2	[1.7976931348623156E306, 1.7976931348623156E306, 0.0, 1.7976931348623156E306, 1.7976931348623156E306, 1.7976931348623156E306, 1.7976931348623156E306, 1.7976931348623156E306, 1.7976931348623156E306, 1.7976931348623156E306, 1.7976931348623156E306, 1.7976931348623156E306, 1.7976931348623156E306, 2.0, 1.0, 1.7976931348623156E306, 1.7976931348623156E306, 1.7976931348623156E306, 1.7976931348623156E306]
1480	MoeSQLmosa	9	2	[1.0, 2.0, 2.0, 2.0, 2.0, 2.0, 1.0, 0.0, 7.0, 2.0, 2.0, 2.0, 3.0, 2.0, 1.0, 1.0, 2.0, 1.0, 2.0]
1480	MoeSQLmosa	10	2	[1.0, 2.0, 2.0, 2.0, 2.0, 2.0, 1.0, 2.0, 0.0, 1.0, 2.0, 2.0, 3.0, 2.0, 1.0, 1.0, 2.0, 1.0, 2.0]
1480	MoeSQLmosa	11	2	[1.7976931348623156E306, 1.7976931348623156E306, 1.7976931348623156E306, 1.7976931348623156E306, 1.7976931348623156E306, 1.7976931348623156E306, 1.7976931348623156E306, 1.7976931348623156E306, 1.7976931348623156E306, 0.0, 1.7976931348623156E306, 1.7976931348623156E306, 1.7976931348623156E306, 2.0, 1.0, 1.7976931348623156E306, 1.7976931348623156E306, 1.7976931348623156E306, 1.7976931348623156E306]
1480	MoeSQLmosa	12	2	[1.7976931348623156E306, 1.7976931348623156E306, 1.7976931348623156E306, 1.7976931348623156E306, 0.0, 1.7976931348623156E306, 1.7976931348623156E306, 1.7976931348623156E306, 1.7976931348623156E306, 1.7976931348623156E306, 1.7976931348623156E306, 1.7976931348623156E306, 1.7976931348623156E306, 2.0, 1.0, 1.7976931348623156E306, 1.7976931348623156E306, 1.7976931348623156E306, 1.7976931348623156E306]
1480	MoeSQLmosa	13	2	[1.0, 2.0, 2.0, 2.0, 2.0, 0.0, 1.0, 2.0, 7.0, 2.0, 2.0, 2.0, 3.0, 2.0, 1.0, 1.0, 2.0, 1.0, 2.0]
1480	MOTGA	0	14	[0.0, 0.0, 0.0, 0.0, 0.0, 0.0, 0.0, 0.0, 0.0, 0.0, 0.0, 0.0, 0.0, 0.0, 6.0, 0.0, 0.0, 0.0, 0.0]
1481	MoeSQLmosa	0	1	[18.549350461550272, 51.581493318693134, 20.549350461550272, 19.549350461550272, 18.549350461550272, 0.0, 1.0, 18.549350461550272, 19.549350461550272, 18.549350461550272]
1481	MoeSQLmosa	1	1	[0.0, 22.72096819830601, 613.0, 612.0, 611.0, 1.0, 1.0, 0.0, 1.0, 0.0]
1481	MoeSQLmosa	2	1	[0.0, 18.948076923076922, 2.0, 1.0, 0.0, 1.0, 1.0, 0.0, 1.0, 0.0]
1481	MoeSQLmosa	3	1	[1.7976931348623156E306, 1.7976931348623156E306, 1.7976931348623156E306, 1.7976931348623156E306, 1.7976931348623156E306, 1.7976931348623156E306, 0.0, 1.7976931348623156E306, 1.7976931348623156E306, 1.7976931348623156E306]
1481	MoeSQLmosa	4	1	[1.0, 0.0, 3.0, 2.0, 1.0, 2.0, 2.0, 0.0, 1.0, 1.0]
1481	MoeSQLmosa	5	1	[0.0, 6.0, 2.0, 1.0, 0.0, 1.0, 1.0, 1.0, 0.0, 0.0]
1481	MoeSQLmosa	6	1	[2.0, 37.59559884559884, 0.0, 1.0, 2.0, 3.0, 3.0, 2.0, 3.0, 0.0]
1481	MoeSQLmosa	7	1	[1.0, 16.303567972907594, 1.0, 0.0, 1.0, 2.0, 2.0, 1.0, 2.0, 0.0]
1481	MOTGA	0	6	[0.0, 0.0, 0.0, 0.0, 0.0, 0.0, 0.0, 0.0, 0.0, 0.0]
1482	MoeSQLmosa	0	2	[0.0, 0.0]
1482	MOTGA	0	2	[0.0, 0.0]
1483	MoeSQLmosa	0	1	[0.0, 17.265683716867926]
1483	MoeSQLmosa	1	1	[1.0, 0.0]
1483	MOTGA	0	2	[0.0, 0.0]
1485	MoeSQLmosa	0	1	[7.891701710120549, 0.0, 1.0, 8.89170171012055, 8.89170171012055, 8.89170171012055, 8.89170171012055, 15.470471551390391]
1485	MoeSQLmosa	1	1	[29.073725981620722, 30.073725981620722, 30.073725981620722, 30.073725981620722, 30.073725981620722, 0.0, 1.0, 38.49404512326339]
1485	MoeSQLmosa	2	1	[9.199404761904763, 10.199404761904763, 10.199404761904763, 0.0, 1.0, 10.199404761904763, 10.199404761904763, 16.778174603174605]
1485	MoeSQLmosa	3	1	[1.7976931348623156E306, 1.7976931348623156E306, 1.7976931348623156E306, 1.7976931348623156E306, 1.7976931348623156E306, 1.7976931348623156E306, 0.0, 1.7976931348623156E306]
1485	MoeSQLmosa	4	1	[1.0, 2.0, 2.0, 2.0, 2.0, 2.0, 2.0, 0.0]
1485	MoeSQLmosa	5	1	[0.0, 1.0, 1.0, 1.0, 1.0, 1.0, 1.0, 7.578769841269842]
1485	MoeSQLmosa	6	1	[1.7976931348623156E306, 1.7976931348623156E306, 1.7976931348623156E306, 1.7976931348623156E306, 0.0, 1.7976931348623156E306, 1.7976931348623156E306, 1.7976931348623156E306]
1485	MoeSQLmosa	7	1	[1.7976931348623156E306, 1.7976931348623156E306, 0.0, 1.7976931348623156E306, 1.7976931348623156E306, 1.7976931348623156E306, 1.7976931348623156E306, 1.7976931348623156E306]
1485	MOTGA	0	8	[0.0, 0.0, 0.0, 0.0, 0.0, 0.0, 0.0, 0.0]
1486	MoeSQLmosa	0	1	[27.781589507747146, 28.781589507747146, 28.781589507747146, 0.0, 1.0, 28.781589507747146, 28.781589507747146]
1486	MoeSQLmosa	1	1	[9.08059059900944, 10.08059059900944, 10.08059059900944, 10.08059059900944, 10.08059059900944, 0.0, 1.0]
1486	MoeSQLmosa	2	1	[1.7976931348623156E306, 1.7976931348623156E306, 1.7976931348623156E306, 1.7976931348623156E306, 0.0, 1.7976931348623156E306, 1.7976931348623156E306]
1486	MoeSQLmosa	3	1	[1.7976931348623156E306, 1.7976931348623156E306, 1.7976931348623156E306, 1.7976931348623156E306, 1.7976931348623156E306, 1.7976931348623156E306, 0.0]
1486	MoeSQLmosa	4	1	[6.96969696969697, 0.0, 1.0, 7.96969696969697, 7.96969696969697, 7.96969696969697, 7.96969696969697]
1486	MoeSQLmosa	5	1	[0.0, 1.0, 1.0, 1.0, 1.0, 1.0, 1.0]
1486	MoeSQLmosa	6	1	[1.7976931348623156E306, 1.7976931348623156E306, 0.0, 1.7976931348623156E306, 1.7976931348623156E306, 1.7976931348623156E306, 1.7976931348623156E306]
1486	MOTGA	0	7	[0.0, 0.0, 0.0, 0.0, 0.0, 0.0, 0.0]
1487	MoeSQLmosa	0	1	[1.0, 0.0]
1487	MoeSQLmosa	1	1	[0.0, 13.449610690235689]
1487	MOTGA	0	2	[0.0, 0.0]
1488	MoeSQLmosa	0	2	[0.0, 0.0]
1488	MOTGA	0	2	[0.0, 0.0]
1489	MoeSQLmosa	0	1	[45.47069597069597, 46.47069597069597, 46.47069597069597, 46.47069597069597, 46.47069597069597, 0.0, 1.0]
1489	MoeSQLmosa	1	1	[15.469696969696969, 16.46969696969697, 16.46969696969697, 0.0, 1.0, 16.46969696969697, 16.46969696969697]
1489	MoeSQLmosa	2	1	[25.897723887339268, 0.0, 1.0, 26.897723887339268, 26.897723887339268, 26.897723887339268, 26.897723887339268]
1489	MoeSQLmosa	3	1	[1.7976931348623156E306, 1.7976931348623156E306, 1.7976931348623156E306, 1.7976931348623156E306, 1.7976931348623156E306, 1.7976931348623156E306, 0.0]
1489	MoeSQLmosa	4	1	[0.0, 1.0, 1.0, 1.0, 1.0, 1.0, 1.0]
1489	MoeSQLmosa	5	1	[1.7976931348623156E306, 1.7976931348623156E306, 0.0, 1.7976931348623156E306, 1.7976931348623156E306, 1.7976931348623156E306, 1.7976931348623156E306]
1489	MoeSQLmosa	6	1	[1.7976931348623156E306, 1.7976931348623156E306, 1.7976931348623156E306, 1.7976931348623156E306, 0.0, 1.7976931348623156E306, 1.7976931348623156E306]
1489	MOTGA	0	7	[0.0, 0.0, 0.0, 0.0, 0.0, 0.0, 0.0]
1491	MoeSQLmosa	0	1	[22.201117012601976, 0.0, 1.0, 23.201117012601976, 23.201117012601976]
1491	MoeSQLmosa	1	1	[25.246031746031747, 26.246031746031747, 26.246031746031747, 0.0, 1.0]
1491	MoeSQLmosa	2	1	[1.7976931348623156E306, 1.7976931348623156E306, 0.0, 1.7976931348623156E306, 1.7976931348623156E306]
1491	MoeSQLmosa	3	1	[0.0, 1.0, 1.0, 1.0, 1.0]
1491	MoeSQLmosa	4	1	[1.7976931348623156E306, 1.7976931348623156E306, 1.7976931348623156E306, 1.7976931348623156E306, 0.0]
1491	MOTGA	0	5	[0.0, 0.0, 0.0, 0.0, 0.0]
1492	MoeSQLmosa	0	2	[0.0, 0.0]
1492	MOTGA	0	2	[0.0, 0.0]
1493	MoeSQLmosa	0	3	[0.0, 11.587801578319105, 1.0, 0.0, 11.587801578319105, 12.587801578319105]
1493	MoeSQLmosa	1	2	[1.0, 0.0, 1.0, 2.0, 2.0, 1.0]
1493	MoeSQLmosa	2	2	[40.57054697107888, 39.57054697107888, 40.57054697107888, 0.0, 0.0, 1.0]
1493	MoeSQLmosa	3	2	[1.7976931348623156E306, 1.7976931348623156E306, 0.0, 2.0, 1.7976931348623156E306, 1.7976931348623156E306]
1493	MoeSQLmosa	4	2	[1.7976931348623156E306, 1.7976931348623156E306, 1.7976931348623156E306, 0.0, 1.0, 0.0]
1493	MOTGA	0	5	[0.0, 0.0, 0.0, 0.0, 2.0, 1.7976931348623156E306]
1494	MoeSQLmosa	0	2	[0.0, 0.0, 1.0, 2.0]
1494	MoeSQLmosa	1	1	[1.7976931348623156E306, 1.7976931348623156E306, 0.0, 3.0]
1494	MoeSQLmosa	2	3	[1.0, 0.0, 1.0, 0.0]
1494	MOTGA	0	6	[0.0, 0.0, 0.0, 0.0]
1495	MoeSQLmosa	0	1	[30.9375, 31.9375, 31.9375, 31.9375, 31.9375, 0.0, 1.0, 51.0755192030192]
1495	MoeSQLmosa	1	1	[24.033450672134887, 0.0, 1.0, 25.033450672134887, 25.033450672134887, 25.033450672134887, 25.033450672134887, 66.25871805181403]
1495	MoeSQLmosa	2	1	[1.7976931348623156E306, 1.7976931348623156E306, 1.7976931348623156E306, 1.7976931348623156E306, 0.0, 1.7976931348623156E306, 1.7976931348623156E306, 1.7976931348623156E306]
1495	MoeSQLmosa	3	1	[0.0, 1.0, 1.0, 1.0, 1.0, 1.0, 1.0, 9.811067193675889]
1495	MoeSQLmosa	4	1	[8.572368421052632, 9.572368421052632, 9.572368421052632, 0.0, 1.0, 9.572368421052632, 9.572368421052632, 38.34181751061042]
1495	MoeSQLmosa	5	1	[1.7976931348623156E306, 1.7976931348623156E306, 0.0, 1.7976931348623156E306, 1.7976931348623156E306, 1.7976931348623156E306, 1.7976931348623156E306, 1.7976931348623156E306]
1495	MoeSQLmosa	6	1	[1.0, 2.0, 2.0, 2.0, 2.0, 2.0, 2.0, 0.0]
1495	MoeSQLmosa	7	1	[1.7976931348623156E306, 1.7976931348623156E306, 1.7976931348623156E306, 1.7976931348623156E306, 1.7976931348623156E306, 1.7976931348623156E306, 0.0, 1.7976931348623156E306]
1495	MOTGA	0	8	[0.0, 0.0, 0.0, 0.0, 0.0, 0.0, 0.0, 0.0]
1496	MoeSQLmosa	0	2	[0.0, 15.740349398974963, 0.0]
1496	MoeSQLmosa	1	1	[1.0, 0.0, 1.0]
1496	MOTGA	0	3	[0.0, 0.0, 0.0]
1497	MoeSQLmosa	0	1	[21.06304477542439, 0.0, 1.0, 22.06304477542439, 22.06304477542439, 22.06304477542439, 22.06304477542439, 29.911169136831486]
1497	MoeSQLmosa	1	1	[37.050112493821594, 38.050112493821594, 38.050112493821594, 38.050112493821594, 38.050112493821594, 0.0, 1.0, 45.89823685522869]
1497	MoeSQLmosa	2	1	[1.7976931348623156E306, 1.7976931348623156E306, 1.7976931348623156E306, 1.7976931348623156E306, 1.7976931348623156E306, 1.7976931348623156E306, 0.0, 1.7976931348623156E306]
1497	MoeSQLmosa	3	1	[11.075757575757576, 12.075757575757576, 12.075757575757576, 0.0, 1.0, 12.075757575757576, 12.075757575757576, 30.51127344877345]
1497	MoeSQLmosa	4	1	[0.0, 1.0, 1.0, 1.0, 1.0, 1.0, 1.0, 8.800505313788047]
1497	MoeSQLmosa	5	1	[1.7976931348623156E306, 1.7976931348623156E306, 1.7976931348623156E306, 1.7976931348623156E306, 0.0, 1.7976931348623156E306, 1.7976931348623156E306, 1.7976931348623156E306]
1497	MoeSQLmosa	6	1	[1.7976931348623156E306, 1.7976931348623156E306, 0.0, 1.7976931348623156E306, 1.7976931348623156E306, 1.7976931348623156E306, 1.7976931348623156E306, 1.7976931348623156E306]
1497	MoeSQLmosa	7	1	[1.0, 2.0, 2.0, 2.0, 2.0, 2.0, 2.0, 0.0]
1497	MOTGA	0	8	[0.0, 0.0, 0.0, 0.0, 0.0, 0.0, 0.0, 0.0]
1498	MoeSQLmosa	0	2	[0.0, 0.0]
1498	MOTGA	0	2	[0.0, 0.0]
1499	MoeSQLmosa	0	1	[10.7375, 11.7375, 11.7375, 11.7375, 11.7375, 0.0, 1.0, 178.7375, 11.7375, 11.7375, 10.7375, 11.7375]
1499	MoeSQLmosa	1	1	[15.0, 16.0, 16.0, 0.0, 1.0, 16.0, 16.0, 203.0, 16.0, 16.0, 15.0, 16.0]
1499	MoeSQLmosa	2	1	[0.0, 1.0, 1.0, 1.0, 1.0, 1.0, 1.0, 297.0, 1.0, 1.0, 0.0, 1.0]
1499	MoeSQLmosa	3	1	[32.09308813945911, 0.0, 1.0, 33.09308813945911, 33.09308813945911, 33.09308813945911, 33.09308813945911, 410.0930881394591, 33.09308813945911, 33.09308813945911, 32.09308813945911, 33.09308813945911]
1499	MoeSQLmosa	4	1	[1.7976931348623156E306, 1.7976931348623156E306, 1.7976931348623156E306, 1.7976931348623156E306, 1.7976931348623156E306, 1.7976931348623156E306, 0.0, 1.7976931348623156E306, 1.7976931348623156E306, 1.7976931348623156E306, 1.7976931348623156E306, 1.7976931348623156E306]
1499	MoeSQLmosa	5	1	[338.0, 339.0, 339.0, 339.0, 339.0, 339.0, 339.0, 0.0, 1.0, 339.0, 337.0, 338.0]
1499	MoeSQLmosa	6	1	[1.0, 2.0, 2.0, 2.0, 2.0, 2.0, 2.0, 781.0, 2.0, 0.0, 1.0, 2.0]
1499	MoeSQLmosa	7	1	[1.7976931348623156E306, 1.7976931348623156E306, 1.7976931348623156E306, 1.7976931348623156E306, 1.7976931348623156E306, 1.7976931348623156E306, 1.7976931348623156E306, 1.7976931348623156E306, 0.0, 1.7976931348623156E306, 1.7976931348623156E306, 1.7976931348623156E306]
1499	MoeSQLmosa	8	1	[1.7976931348623156E306, 1.7976931348623156E306, 1.7976931348623156E306, 1.7976931348623156E306, 0.0, 1.7976931348623156E306, 1.7976931348623156E306, 1.7976931348623156E306, 1.7976931348623156E306, 1.7976931348623156E306, 1.7976931348623156E306, 1.7976931348623156E306]
1499	MoeSQLmosa	9	1	[1.7976931348623156E306, 1.7976931348623156E306, 0.0, 1.7976931348623156E306, 1.7976931348623156E306, 1.7976931348623156E306, 1.7976931348623156E306, 1.7976931348623156E306, 1.7976931348623156E306, 1.7976931348623156E306, 1.7976931348623156E306, 1.7976931348623156E306]
1499	MoeSQLmosa	10	1	[1.0, 2.0, 2.0, 2.0, 2.0, 2.0, 2.0, 220.0, 2.0, 2.0, 1.0, 0.0]
1499	MOTGA	0	11	[0.0, 0.0, 0.0, 0.0, 0.0, 0.0, 0.0, 0.0, 0.0, 0.0, 0.0, 0.0]
1500	MoeSQLmosa	0	1	[43.27351916376306, 44.27351916376306, 44.27351916376306, 44.27351916376306, 44.27351916376306, 0.0, 1.0, 55.82219430603508]
1500	MoeSQLmosa	1	1	[10.384388640099766, 11.384388640099766, 11.384388640099766, 0.0, 1.0, 11.384388640099766, 11.384388640099766, 47.80746556317668]
1500	MoeSQLmosa	2	1	[1.7976931348623156E306, 1.7976931348623156E306, 1.7976931348623156E306, 1.7976931348623156E306, 1.7976931348623156E306, 1.7976931348623156E306, 0.0, 1.7976931348623156E306]
1500	MoeSQLmosa	3	1	[13.129326345670925, 0.0, 1.0, 14.129326345670925, 14.129326345670925, 14.129326345670925, 14.129326345670925, 56.16828738463197]
1500	MoeSQLmosa	4	1	[1.7976931348623156E306, 1.7976931348623156E306, 1.7976931348623156E306, 1.7976931348623156E306, 0.0, 1.7976931348623156E306, 1.7976931348623156E306, 1.7976931348623156E306]
1500	MoeSQLmosa	5	1	[0.0, 1.0, 1.0, 1.0, 1.0, 1.0, 1.0, 8.790476190476191]
1500	MoeSQLmosa	6	1	[1.0, 2.0, 2.0, 2.0, 2.0, 2.0, 2.0, 0.0]
1500	MoeSQLmosa	7	1	[1.7976931348623156E306, 1.7976931348623156E306, 0.0, 1.7976931348623156E306, 1.7976931348623156E306, 1.7976931348623156E306, 1.7976931348623156E306, 1.7976931348623156E306]
1500	MOTGA	0	8	[0.0, 0.0, 0.0, 0.0, 0.0, 0.0, 0.0, 0.0]
1501	MoeSQLmosa	0	3	[0.0]
1501	MOTGA	0	3	[0.0]
1502	MoeSQLmosa	0	1	[28.47872340425532, 0.0, 1.0, 29.47872340425532, 29.47872340425532]
1502	MoeSQLmosa	1	2	[11.992559523809524, 12.992559523809524, 12.992559523809524, 0.0, 0.0]
1502	MoeSQLmosa	2	1	[0.0, 1.0, 1.0, 1.0, 1.0]
1502	MoeSQLmosa	3	1	[1.7976931348623156E306, 1.7976931348623156E306, 0.0, 1.7976931348623156E306, 1.7976931348623156E306]
1502	MOTGA	0	5	[0.0, 0.0, 0.0, 0.0, 0.0]
1503	MoeSQLmosa	0	1	[0.0, 22.53086436067449]
1503	MoeSQLmosa	1	1	[1.0, 0.0]
1503	MOTGA	0	2	[0.0, 0.0]
1504	MoeSQLmosa	0	2	[0.0, 0.0]
1504	MOTGA	0	2	[0.0, 0.0]
1506	MoeSQLmosa	0	1	[0.0, 32.24722222222222]
1506	MoeSQLmosa	1	1	[1.0, 0.0]
1506	MOTGA	0	2	[0.0, 0.0]
1507	MoeSQLmosa	0	1	[32.923809523809524, 31.923809523809524, 32.923809523809524, 32.923809523809524, 31.923809523809524, 32.923809523809524, 30.923809523809524, 0.0, 1.0, 31.923809523809524, 30.923809523809524, 31.923809523809524]
1507	MoeSQLmosa	1	1	[0.0, 16.941176470588236, 1.0, 417.0, 416.0, 415.0, 16.941176470588236, 17.941176470588236, 17.941176470588236, 17.941176470588236, 16.941176470588236, 17.941176470588236]
1507	MoeSQLmosa	2	2	[2.0, 1.0, 2.0, 2.0, 1.0, 2.0, 0.0, 1.0, 1.0, 1.0, 0.0, 0.0]
1507	MoeSQLmosa	3	1	[1.0, 23.60367569553447, 2.0, 1.0, 0.0, 1.0, 0.0, 1.0, 1.0, 1.0, 0.0, 1.0]
1507	MoeSQLmosa	4	1	[1.7976931348623156E306, 1.7976931348623156E306, 1.7976931348623156E306, 1.7976931348623156E306, 1.7976931348623156E306, 1.7976931348623156E306, 1.7976931348623156E306, 1.7976931348623156E306, 0.0, 1.7976931348623156E306, 1.7976931348623156E306, 1.7976931348623156E306]
1507	MoeSQLmosa	5	1	[1.0, 0.0, 1.0, 444.0, 443.0, 442.0, 0.0, 1.0, 1.0, 1.0, 0.0, 1.0]
1507	MoeSQLmosa	6	2	[2.0, 28.856542711233182, 0.0, 2.0, 1.0, 2.0, 1.0, 2.0, 2.0, 0.0, 1.0, 2.0]
1507	MoeSQLmosa	7	1	[0.0, 16.941176470588236, 1.0, 2.0, 1.0, 0.0, 1.0, 2.0, 2.0, 2.0, 1.0, 2.0]
1507	MoeSQLmosa	8	1	[0.0, 16.941176470588236, 1.0, 0.0, 1.0, 2.0, 1.0, 2.0, 2.0, 2.0, 1.0, 2.0]
1507	MOTGA	0	9	[0.0, 0.0, 0.0, 0.0, 0.0, 0.0, 0.0, 0.0, 0.0, 0.0, 0.0, 0.0]
1508	MoeSQLmosa	0	1	[0.0, 1.0, 1.0, 1.0, 0.0, 1.0, 1.0, 1.0]
1508	MoeSQLmosa	1	1	[14.284767265255072, 0.0, 1.0, 15.284767265255072, 14.284767265255072, 15.284767265255072, 15.284767265255072, 15.284767265255072]
1508	MoeSQLmosa	2	1	[34.84325396825397, 35.84325396825397, 35.84325396825397, 35.84325396825397, 34.84325396825397, 35.84325396825397, 0.0, 1.0]
1508	MoeSQLmosa	3	1	[1.7976931348623156E306, 1.7976931348623156E306, 0.0, 1.7976931348623156E306, 1.7976931348623156E306, 1.7976931348623156E306, 1.7976931348623156E306, 1.7976931348623156E306]
1508	MoeSQLmosa	4	1	[1.0, 2.0, 2.0, 0.0, 1.0, 2.0, 2.0, 2.0]
1508	MoeSQLmosa	5	1	[1.7976931348623156E306, 1.7976931348623156E306, 1.7976931348623156E306, 1.7976931348623156E306, 1.7976931348623156E306, 1.7976931348623156E306, 1.7976931348623156E306, 0.0]
1508	MoeSQLmosa	6	1	[1.0, 2.0, 2.0, 2.0, 1.0, 0.0, 2.0, 2.0]
1508	MOTGA	0	7	[0.0, 0.0, 0.0, 0.0, 0.0, 0.0, 0.0, 0.0]
1509	MoeSQLmosa	0	2	[10.043124522536287, 11.043124522536287, 11.043124522536287, 11.043124522536287, 11.043124522536287, 11.043124522536287, 11.043124522536287, 11.043124522536287, 11.043124522536287, 11.043124522536287, 10.043124522536287, 11.043124522536287, 10.043124522536287, 11.043124522536287, 12.043124522536287, 10.043124522536287, 0.0, 1.0, 11.043124522536287, 10.043124522536287, 11.043124522536287, 10.043124522536287, 11.043124522536287]
1509	MoeSQLmosa	1	2	[6.0, 7.0, 7.0, 7.0, 7.0, 0.0, 1.0, 7.0, 7.0, 7.0, 6.0, 7.0, 92.7903676, 93.7903676, 94.7903676, 6.0, 7.0, 7.0, 7.0, 6.0, 7.0, 6.0, 7.0]
1509	MoeSQLmosa	2	2	[1.0, 2.0, 2.0, 2.0, 2.0, 2.0, 2.0, 2.0, 2.0, 2.0, 1.0, 2.0, 1.0, 0.0, 1.0, 1.0, 2.0, 2.0, 2.0, 1.0, 2.0, 1.0, 2.0]
1509	MoeSQLmosa	3	2	[2.0, 3.0, 3.0, 3.0, 3.0, 3.0, 3.0, 3.0, 3.0, 3.0, 2.0, 1.0, 25.97245330147, 26.97245330147, 27.97245330147, 2.0, 3.0, 3.0, 3.0, 0.0, 1.0, 2.0, 3.0]
1509	MoeSQLmosa	4	2	[0.0, 1.0, 1.0, 1.0, 1.0, 1.0, 1.0, 1.0, 1.0, 1.0, 0.0, 1.0, 129.3866098708, 130.3866098708, 131.3866098708, 0.0, 1.0, 1.0, 1.0, 2.0, 1.0, 0.0, 1.0]
1509	MoeSQLmosa	5	2	[6.0, 7.0, 7.0, 0.0, 1.0, 7.0, 7.0, 7.0, 7.0, 7.0, 6.0, 7.0, 6.0, 7.0, 8.0, 6.0, 7.0, 7.0, 7.0, 6.0, 7.0, 6.0, 7.0]
1509	MoeSQLmosa	6	2	[1.0, 0.0, 1.0, 2.0, 2.0, 2.0, 2.0, 2.0, 2.0, 2.0, 1.0, 2.0, 1.0, 2.0, 3.0, 1.0, 2.0, 2.0, 2.0, 1.0, 2.0, 1.0, 2.0]
1509	MoeSQLmosa	7	2	[1.0, 2.0, 2.0, 2.0, 2.0, 2.0, 2.0, 2.0, 2.0, 0.0, 1.0, 2.0, 25.0, 26.0, 27.0, 1.0, 2.0, 2.0, 2.0, 2.0, 1.0, 1.0, 2.0]
1509	MoeSQLmosa	8	2	[0.0, 1.0, 1.0, 1.0, 1.0, 1.0, 1.0, 1.0, 1.0, 1.0, 0.0, 1.0, 0.0, 1.0, 2.0, 0.0, 1.0, 1.0, 1.0, 2.0, 1.0, 0.0, 1.0]
1509	MoeSQLmosa	9	2	[1.0, 2.0, 2.0, 2.0, 2.0, 2.0, 2.0, 2.0, 2.0, 2.0, 1.0, 0.0, 121.7826, 122.7826, 123.7826, 1.0, 2.0, 2.0, 2.0, 2.0, 1.0, 1.0, 2.0]
1509	MoeSQLmosa	10	2	[12.38888888888889, 13.38888888888889, 13.38888888888889, 13.38888888888889, 13.38888888888889, 13.38888888888889, 13.38888888888889, 0.0, 1.0, 13.38888888888889, 12.38888888888889, 13.38888888888889, 12.82188888888889, 12.95588888888889, 13.95588888888889, 12.38888888888889, 13.38888888888889, 13.38888888888889, 13.38888888888889, 12.38888888888889, 13.38888888888889, 12.38888888888889, 13.38888888888889]
1509	MoeSQLmosa	11	2	[14.383575850487617, 15.383575850487617, 15.383575850487617, 15.383575850487617, 15.383575850487617, 15.383575850487617, 15.383575850487617, 15.383575850487617, 15.383575850487617, 15.383575850487617, 14.383575850487617, 15.383575850487617, 143.7701857212876, 144.7701857212876, 145.7701857212876, 14.383575850487617, 15.383575850487617, 15.383575850487617, 0.0, 14.383575850487617, 15.383575850487617, 0.0, 1.0]
1509	MoeSQLmosa	12	2	[1.7976931348623156E306, 1.7976931348623156E306, 1.7976931348623156E306, 1.7976931348623156E306, 1.7976931348623156E306, 1.7976931348623156E306, 0.0, 1.7976931348623156E306, 1.7976931348623156E306, 1.7976931348623156E306, 1.7976931348623156E306, 1.7976931348623156E306, 1.7976931348623156E306, 1.7976931348623156E306, 1.7976931348623156E306, 1.7976931348623156E306, 1.7976931348623156E306, 1.7976931348623156E306, 1.7976931348623156E306, 1.7976931348623156E306, 1.7976931348623156E306, 1.7976931348623156E306, 1.7976931348623156E306]
1509	MoeSQLmosa	13	2	[1.7976931348623156E306, 1.7976931348623156E306, 0.0, 1.7976931348623156E306, 1.7976931348623156E306, 1.7976931348623156E306, 1.7976931348623156E306, 1.7976931348623156E306, 1.7976931348623156E306, 1.7976931348623156E306, 1.7976931348623156E306, 1.7976931348623156E306, 1.7976931348623156E306, 1.7976931348623156E306, 1.7976931348623156E306, 1.7976931348623156E306, 1.7976931348623156E306, 1.7976931348623156E306, 1.7976931348623156E306, 1.7976931348623156E306, 1.7976931348623156E306, 1.7976931348623156E306, 1.7976931348623156E306]
1509	MoeSQLmosa	14	2	[1.7976931348623156E306, 1.7976931348623156E306, 1.7976931348623156E306, 1.7976931348623156E306, 1.7976931348623156E306, 1.7976931348623156E306, 1.7976931348623156E306, 1.7976931348623156E306, 1.7976931348623156E306, 1.7976931348623156E306, 1.7976931348623156E306, 1.7976931348623156E306, 1.7976931348623156E306, 1.7976931348623156E306, 1.7976931348623156E306, 1.7976931348623156E306, 1.7976931348623156E306, 1.7976931348623156E306, 1.7976931348623156E306, 1.0, 0.0, 1.7976931348623156E306, 1.7976931348623156E306]
1509	MoeSQLmosa	15	2	[1.7976931348623156E306, 1.7976931348623156E306, 1.7976931348623156E306, 1.7976931348623156E306, 0.0, 1.7976931348623156E306, 1.7976931348623156E306, 1.7976931348623156E306, 1.7976931348623156E306, 1.7976931348623156E306, 1.7976931348623156E306, 1.7976931348623156E306, 1.7976931348623156E306, 1.7976931348623156E306, 1.7976931348623156E306, 1.7976931348623156E306, 1.7976931348623156E306, 1.7976931348623156E306, 1.7976931348623156E306, 1.7976931348623156E306, 1.7976931348623156E306, 1.7976931348623156E306, 1.7976931348623156E306]
1509	MoeSQLmosa	16	2	[1.7976931348623156E306, 1.7976931348623156E306, 1.7976931348623156E306, 1.7976931348623156E306, 1.7976931348623156E306, 1.7976931348623156E306, 1.7976931348623156E306, 1.7976931348623156E306, 1.7976931348623156E306, 1.7976931348623156E306, 1.7976931348623156E306, 1.7976931348623156E306, 1.7976931348623156E306, 1.7976931348623156E306, 1.7976931348623156E306, 1.7976931348623156E306, 1.7976931348623156E306, 0.0, 1.7976931348623156E306, 1.7976931348623156E306, 1.7976931348623156E306, 1.7976931348623156E306, 1.7976931348623156E306]
1509	MoeSQLmosa	17	2	[8.0, 9.0, 9.0, 9.0, 9.0, 9.0, 9.0, 9.0, 9.0, 9.0, 8.0, 9.0, 137.3866098708, 138.3866098708, 139.3866098708, 8.0, 9.0, 9.0, 0.0, 8.0, 9.0, 1.0, 0.0]
1509	MoeSQLmosa	18	2	[1.7976931348623156E306, 1.7976931348623156E306, 1.7976931348623156E306, 1.7976931348623156E306, 1.7976931348623156E306, 1.7976931348623156E306, 1.7976931348623156E306, 1.7976931348623156E306, 0.0, 1.7976931348623156E306, 1.7976931348623156E306, 1.7976931348623156E306, 1.7976931348623156E306, 1.7976931348623156E306, 1.7976931348623156E306, 1.7976931348623156E306, 1.7976931348623156E306, 1.7976931348623156E306, 1.7976931348623156E306, 1.7976931348623156E306, 1.7976931348623156E306, 1.7976931348623156E306, 1.7976931348623156E306]
1509	MoeSQLmosa	19	2	[2.0, 3.0, 3.0, 3.0, 3.0, 3.0, 3.0, 3.0, 3.0, 3.0, 2.0, 3.0, 2.0, 1.0, 0.0, 2.0, 3.0, 3.0, 3.0, 2.0, 3.0, 2.0, 3.0]
1509	MOTGA	0	3	[7.84039270687237, 8.84039270687237, 8.84039270687237, 8.84039270687237, 8.84039270687237, 8.84039270687237, 8.84039270687237, 8.84039270687237, 8.84039270687237, 8.84039270687237, 7.84039270687237, 8.84039270687237, 31.81284600834237, 32.81284600834237, 33.81284600834237, 7.84039270687237, 0.0, 1.0, 8.84039270687237, 0.0, 3.0, 7.84039270687237, 8.84039270687237]
1509	MOTGA	1	18	[0.0, 0.0, 0.0, 0.0, 0.0, 0.0, 0.0, 0.0, 0.0, 0.0, 0.0, 0.0, 0.0, 0.0, 0.0, 0.0, 1.0, 0.0, 0.0, 2.0, 1.7976931348623156E306, 0.0, 0.0]
1510	MoeSQLmosa	0	2	[12.156798859894835, 11.156798859894835, 12.156798859894835, 0.0, 1.0, 0.0, 1.0]
1510	MoeSQLmosa	1	2	[1.0, 0.0, 1.0, 2.0, 3.0, 2.0, 1.0]
1510	MoeSQLmosa	2	2	[0.0, 14.987889826777106, 1.0, 2.0, 3.0, 14.987889826777106, 15.987889826777106]
1510	MoeSQLmosa	3	2	[1.7976931348623156E306, 1.7976931348623156E306, 1.7976931348623156E306, 0.0, 1.0, 1.0, 0.0]
1510	MoeSQLmosa	4	2	[1.7976931348623156E306, 1.7976931348623156E306, 0.0, 2.0, 3.0, 1.7976931348623156E306, 1.7976931348623156E306]
1510	MoeSQLmosa	5	2	[1.7976931348623156E306, 1.7976931348623156E306, 1.7976931348623156E306, 1.0, 0.0, 20.198140436854526, 21.198140436854526]
1510	MOTGA	0	2	[12.156798859894835, 11.156798859894835, 12.156798859894835, 0.0, 1.0, 0.0, 1.0]
1510	MOTGA	1	7	[0.0, 0.0, 0.0, 0.0, 0.0, 2.0, 0.0]
1511	MoeSQLmosa	0	1	[9.83916083916084, 10.83916083916084, 10.83916083916084, 0.0, 1.0, 10.83916083916084, 10.83916083916084, 19.67832167832168]
1511	MoeSQLmosa	1	1	[11.405704229038271, 12.405704229038271, 12.405704229038271, 12.405704229038271, 12.405704229038271, 0.0, 1.0, 20.68394197712896]
1511	MoeSQLmosa	2	1	[21.044694554861238, 0.0, 1.0, 22.044694554861238, 22.044694554861238, 22.044694554861238, 22.044694554861238, 44.93759498776167]
1511	MoeSQLmosa	3	1	[0.0, 1.0, 1.0, 1.0, 1.0, 1.0, 1.0, 9.83916083916084]
1511	MoeSQLmosa	4	1	[1.7976931348623156E306, 1.7976931348623156E306, 1.7976931348623156E306, 1.7976931348623156E306, 1.7976931348623156E306, 1.7976931348623156E306, 0.0, 1.7976931348623156E306]
1511	MoeSQLmosa	5	1	[1.0, 2.0, 2.0, 2.0, 2.0, 2.0, 2.0, 0.0]
1511	MoeSQLmosa	6	1	[1.7976931348623156E306, 1.7976931348623156E306, 0.0, 1.7976931348623156E306, 1.7976931348623156E306, 1.7976931348623156E306, 1.7976931348623156E306, 1.7976931348623156E306]
1511	MoeSQLmosa	7	1	[1.7976931348623156E306, 1.7976931348623156E306, 1.7976931348623156E306, 1.7976931348623156E306, 0.0, 1.7976931348623156E306, 1.7976931348623156E306, 1.7976931348623156E306]
1511	MOTGA	0	8	[0.0, 0.0, 0.0, 0.0, 0.0, 0.0, 0.0, 0.0]
1512	MoeSQLmosa	0	2	[2.0, 1.0, 0.0, 1.0, 0.0, 1.0]
1512	MoeSQLmosa	1	1	[1.0, 0.0, 1.0, 0.0, 1.0, 1.0]
1512	MoeSQLmosa	2	1	[0.0, 1.0, 2.0, 1.0, 2.0, 2.0]
1512	MoeSQLmosa	3	1	[1.7976931348623156E306, 1.7976931348623156E306, 1.7976931348623156E306, 1.7976931348623156E306, 1.7976931348623156E306, 0.0]
1512	MOTGA	0	5	[0.0, 0.0, 0.0, 0.0, 0.0, 0.0]
1513	MoeSQLmosa	0	2	[0.0, 0.0, 1.0]
1513	MoeSQLmosa	1	1	[1.7976931348623156E306, 1.7976931348623156E306, 0.0]
1513	MOTGA	0	3	[0.0, 0.0, 0.0]
1514	MoeSQLmosa	0	1	[16.0, 27.0, 17.0, 28.046868738913, 15.0, 15.0, 18.0, 17.0, 16.0, 16.0, 15.0, 16.0, 16.0, 15.0, 16.0, 15.0, 16.0, 16.0, 16.0, 16.0, 0.0, 16.0, 16.0, 16.0, 16.0, 69.0, 15.0, 16.0, 15.0, 16.0, 15.0, 16.0, 15.0, 16.0, 15.0, 16.0, 0.0, 1.0, 15.0, 16.0, 15.0, 16.0, 15.0, 16.0, 15.0, 16.0, 15.0, 16.0, 16.0, 15.0]
1514	MoeSQLmosa	1	1	[2.0, 13.0, 3.0, 15.526163184657522, 1.0, 1.0, 1.0, 0.0, 1.0, 2.0, 1.0, 2.0, 2.0, 1.0, 2.0, 1.0, 2.0, 2.0, 2.0, 2.0, 2.0, 2.0, 2.0, 2.0, 2.0, 67.0, 1.0, 2.0, 1.0, 2.0, 1.0, 2.0, 1.0, 2.0, 1.0, 2.0, 2.0, 1.0, 1.0, 2.0, 1.0, 2.0, 1.0, 2.0, 1.0, 2.0, 1.0, 2.0, 2.0, 1.0]
1514	MoeSQLmosa	2	1	[1.0, 12.0, 2.0, 14.526163184657522, 0.0, 0.0, 3.0, 2.0, 1.0, 1.0, 0.0, 1.0, 1.0, 0.0, 1.0, 0.0, 1.0, 1.0, 1.0, 1.0, 1.0, 1.0, 1.0, 1.0, 1.0, 66.0, 0.0, 1.0, 0.0, 1.0, 0.0, 1.0, 0.0, 1.0, 0.0, 1.0, 1.0, 0.0, 0.0, 1.0, 0.0, 1.0, 0.0, 1.0, 0.0, 1.0, 0.0, 1.0, 1.0, 0.0]
1514	MoeSQLmosa	3	1	[2.0, 13.0, 3.0, 17.0, 1.0, 1.0, 6.0, 5.0, 4.0, 2.0, 1.0, 2.0, 2.0, 1.0, 2.0, 1.0, 2.0, 2.0, 2.0, 2.0, 2.0, 2.0, 2.0, 2.0, 0.0, 55.0, 1.0, 2.0, 1.0, 2.0, 1.0, 2.0, 1.0, 2.0, 1.0, 2.0, 2.0, 1.0, 1.0, 2.0, 1.0, 2.0, 1.0, 2.0, 0.0, 1.0, 1.0, 2.0, 2.0, 1.0]
1514	MoeSQLmosa	4	1	[16.0, 27.0, 17.0, 31.0, 15.0, 15.0, 20.0, 19.0, 18.0, 16.0, 15.0, 16.0, 16.0, 15.0, 16.0, 15.0, 16.0, 16.0, 0.0, 16.0, 16.0, 16.0, 16.0, 16.0, 16.0, 69.0, 15.0, 16.0, 15.0, 16.0, 15.0, 16.0, 0.0, 1.0, 15.0, 16.0, 16.0, 15.0, 15.0, 16.0, 15.0, 16.0, 15.0, 16.0, 15.0, 16.0, 15.0, 16.0, 16.0, 15.0]
1514	MoeSQLmosa	5	1	[1.0, 15.056410256410256, 2.0, 14.526163184657522, 0.0, 0.0, 3.0, 2.0, 1.0, 1.0, 0.0, 1.0, 1.0, 0.0, 1.0, 0.0, 1.0, 1.0, 1.0, 1.0, 1.0, 1.0, 1.0, 1.0, 1.0, 9.0, 0.0, 1.0, 0.0, 1.0, 0.0, 1.0, 0.0, 1.0, 0.0, 1.0, 1.0, 0.0, 0.0, 1.0, 0.0, 1.0, 0.0, 1.0, 0.0, 1.0, 0.0, 1.0, 0.0, 1.0]
1514	MoeSQLmosa	6	1	[0.0, 11.0, 1.0, 15.0, 1.0, 1.0, 3.0, 2.0, 1.0, 2.0, 1.0, 2.0, 2.0, 1.0, 2.0, 1.0, 2.0, 2.0, 2.0, 2.0, 2.0, 2.0, 2.0, 2.0, 2.0, 55.0, 1.0, 2.0, 1.0, 2.0, 1.0, 2.0, 1.0, 2.0, 1.0, 2.0, 2.0, 1.0, 1.0, 2.0, 1.0, 2.0, 1.0, 2.0, 1.0, 2.0, 1.0, 2.0, 2.0, 1.0]
1514	MoeSQLmosa	7	1	[2.0, 13.0, 3.0, 14.046868738913, 1.0, 1.0, 11.0, 10.0, 9.0, 2.0, 1.0, 2.0, 2.0, 1.0, 0.0, 1.0, 2.0, 2.0, 2.0, 2.0, 2.0, 2.0, 2.0, 2.0, 2.0, 55.0, 1.0, 2.0, 1.0, 2.0, 1.0, 2.0, 1.0, 2.0, 1.0, 2.0, 2.0, 1.0, 1.0, 2.0, 1.0, 2.0, 1.0, 2.0, 1.0, 2.0, 1.0, 2.0, 1.0, 2.0]
1514	MoeSQLmosa	8	1	[31.0, 43.22336048454469, 32.0, 30.0, 30.0, 30.0, 32.0, 31.0, 30.0, 30.0, 29.0, 30.0, 30.0, 29.0, 30.0, 29.0, 30.0, 30.0, 30.0, 30.0, 30.0, 30.0, 30.0, 30.0, 30.0, 0.0, 29.0, 30.0, 29.0, 30.0, 29.0, 30.0, 29.0, 30.0, 29.0, 30.0, 30.0, 29.0, 29.0, 30.0, 29.0, 30.0, 29.0, 30.0, 29.0, 30.0, 0.0, 1.0, 0.0, 1.0]
1514	MoeSQLmosa	9	1	[16.0, 27.0, 17.0, 29.52616318465752, 15.0, 15.0, 18.0, 17.0, 16.0, 16.0, 15.0, 16.0, 16.0, 15.0, 16.0, 15.0, 16.0, 16.0, 16.0, 0.0, 16.0, 16.0, 16.0, 16.0, 16.0, 81.0, 15.0, 16.0, 15.0, 16.0, 15.0, 16.0, 15.0, 16.0, 0.0, 1.0, 16.0, 15.0, 15.0, 16.0, 15.0, 16.0, 15.0, 16.0, 15.0, 16.0, 15.0, 16.0, 16.0, 15.0]
1514	MoeSQLmosa	10	1	[7.0, 18.0, 8.0, 20.52616318465752, 6.0, 6.0, 8.0, 7.0, 6.0, 7.0, 6.0, 7.0, 7.0, 6.0, 7.0, 6.0, 7.0, 0.0, 7.0, 7.0, 7.0, 7.0, 7.0, 7.0, 7.0, 72.0, 6.0, 7.0, 6.0, 7.0, 0.0, 1.0, 6.0, 7.0, 6.0, 7.0, 7.0, 6.0, 7.0, 6.0, 6.0, 7.0, 6.0, 7.0, 6.0, 7.0, 6.0, 7.0, 7.0, 6.0]
1514	MoeSQLmosa	11	1	[2.0, 13.0, 3.0, 1.0, 1.0, 1.0, 2.0, 1.0, 0.0, 1.0, 0.0, 1.0, 1.0, 0.0, 1.0, 0.0, 1.0, 1.0, 1.0, 1.0, 1.0, 1.0, 1.0, 1.0, 1.0, 54.0, 0.0, 1.0, 0.0, 1.0, 0.0, 1.0, 0.0, 1.0, 1.0, 0.0, 1.0, 0.0, 0.0, 1.0, 0.0, 1.0, 0.0, 1.0, 0.0, 1.0, 0.0, 1.0, 1.0, 0.0]
1514	MoeSQLmosa	12	1	[1.0, 12.0, 2.0, 14.526163184657522, 0.0, 0.0, 3.0, 2.0, 1.0, 1.0, 0.0, 1.0, 1.0, 0.0, 1.0, 0.0, 1.0, 1.0, 1.0, 1.0, 1.0, 1.0, 1.0, 1.0, 1.0, 27.0, 0.0, 1.0, 0.0, 1.0, 0.0, 1.0, 0.0, 1.0, 0.0, 1.0, 1.0, 0.0, 0.0, 1.0, 0.0, 1.0, 0.0, 1.0, 0.0, 1.0, 1.0, 0.0, 1.0, 0.0]
1514	MoeSQLmosa	13	1	[17.0, 16.0, 17.0, 30.52616318465752, 16.0, 16.0, 18.0, 17.0, 16.0, 16.0, 15.0, 16.0, 16.0, 15.0, 16.0, 15.0, 16.0, 16.0, 16.0, 16.0, 16.0, 0.0, 16.0, 16.0, 16.0, 81.0, 15.0, 16.0, 15.0, 16.0, 15.0, 16.0, 15.0, 16.0, 15.0, 16.0, 16.0, 15.0, 0.0, 1.0, 15.0, 16.0, 15.0, 16.0, 15.0, 16.0, 15.0, 16.0, 16.0, 15.0]
1514	MoeSQLmosa	14	1	[1.0, 12.0, 2.0, 14.526163184657522, 0.0, 0.0, 2.0, 1.0, 0.0, 1.0, 0.0, 1.0, 1.0, 0.0, 1.0, 0.0, 1.0, 1.0, 1.0, 1.0, 1.0, 1.0, 1.0, 1.0, 1.0, 66.0, 0.0, 1.0, 0.0, 1.0, 0.0, 1.0, 0.0, 1.0, 0.0, 1.0, 1.0, 0.0, 1.0, 0.0, 0.0, 1.0, 0.0, 1.0, 0.0, 1.0, 0.0, 1.0, 1.0, 0.0]
1514	MoeSQLmosa	15	1	[1.0, 12.0, 2.0, 0.0, 2.0, 2.0, 2.0, 1.0, 0.0, 1.0, 0.0, 1.0, 1.0, 0.0, 1.0, 0.0, 1.0, 1.0, 1.0, 1.0, 1.0, 1.0, 1.0, 1.0, 1.0, 54.0, 1.0, 2.0, 0.0, 1.0, 0.0, 1.0, 0.0, 1.0, 1.0, 0.0, 1.0, 0.0, 0.0, 1.0, 0.0, 1.0, 0.0, 1.0, 0.0, 1.0, 0.0, 1.0, 1.0, 0.0]
1514	MoeSQLmosa	16	1	[7.742424242424242, 18.742424242424242, 8.742424242424242, 21.268587427081762, 6.742424242424242, 6.742424242424242, 9.742424242424242, 8.742424242424242, 7.742424242424242, 7.742424242424242, 6.742424242424242, 7.742424242424242, 7.742424242424242, 6.742424242424242, 7.742424242424242, 6.742424242424242, 7.742424242424242, 7.742424242424242, 7.742424242424242, 7.742424242424242, 7.742424242424242, 7.742424242424242, 7.742424242424242, 0.0, 7.742424242424242, 33.74242424242424, 6.742424242424242, 7.742424242424242, 6.742424242424242, 7.742424242424242, 6.742424242424242, 7.742424242424242, 6.742424242424242, 7.742424242424242, 6.742424242424242, 7.742424242424242, 7.742424242424242, 6.742424242424242, 6.742424242424242, 7.742424242424242, 6.742424242424242, 7.742424242424242, 0.0, 1.0, 6.742424242424242, 7.742424242424242, 7.742424242424242, 6.742424242424242, 7.742424242424242, 6.742424242424242]
1514	MoeSQLmosa	17	1	[1.0, 12.0, 2.0, 13.895811129305466, 0.0, 0.0, 3.0, 2.0, 1.0, 1.0, 0.0, 1.0, 1.0, 0.0, 1.0, 0.0, 1.0, 1.0, 1.0, 1.0, 1.0, 1.0, 1.0, 1.0, 1.0, 66.0, 0.0, 1.0, 1.0, 0.0, 0.0, 1.0, 0.0, 1.0, 0.0, 1.0, 1.0, 0.0, 0.0, 1.0, 0.0, 1.0, 0.0, 1.0, 0.0, 1.0, 0.0, 1.0, 1.0, 0.0]
1514	MoeSQLmosa	18	1	[2.0, 13.0, 3.0, 1.0, 1.0, 1.0, 2.0, 1.0, 0.0, 1.0, 0.0, 1.0, 1.0, 0.0, 1.0, 0.0, 1.0, 1.0, 1.0, 1.0, 1.0, 1.0, 1.0, 1.0, 1.0, 54.0, 0.0, 1.0, 0.0, 1.0, 0.0, 1.0, 1.0, 0.0, 1.0, 0.0, 0.0, 1.0, 0.0, 1.0, 0.0, 1.0, 0.0, 1.0, 0.0, 1.0, 0.0, 1.0, 1.0, 0.0]
1514	MoeSQLmosa	19	1	[2.0, 13.0, 3.0, 15.526163184657522, 1.0, 1.0, 4.0, 3.0, 2.0, 2.0, 1.0, 2.0, 0.0, 1.0, 2.0, 1.0, 2.0, 2.0, 2.0, 2.0, 2.0, 2.0, 2.0, 2.0, 2.0, 72.0, 1.0, 2.0, 1.0, 2.0, 1.0, 2.0, 1.0, 2.0, 1.0, 2.0, 2.0, 1.0, 1.0, 2.0, 1.0, 2.0, 1.0, 2.0, 1.0, 2.0, 1.0, 2.0, 2.0, 1.0]
1514	MoeSQLmosa	20	1	[1.0, 12.0, 2.0, 14.526163184657522, 0.0, 0.0, 3.0, 2.0, 1.0, 1.0, 0.0, 1.0, 1.0, 0.0, 1.0, 0.0, 1.0, 1.0, 1.0, 1.0, 1.0, 1.0, 1.0, 1.0, 1.0, 66.0, 0.0, 1.0, 0.0, 1.0, 0.0, 1.0, 0.0, 1.0, 0.0, 1.0, 1.0, 0.0, 0.0, 1.0, 0.0, 1.0, 1.0, 0.0, 0.0, 1.0, 0.0, 1.0, 1.0, 0.0]
1514	MoeSQLmosa	21	1	[1.0, 12.0, 2.0, 13.895811129305466, 0.0, 0.0, 3.0, 2.0, 1.0, 1.0, 0.0, 1.0, 1.0, 0.0, 1.0, 0.0, 1.0, 1.0, 1.0, 1.0, 1.0, 1.0, 1.0, 1.0, 1.0, 66.0, 0.0, 1.0, 1.0, 0.0, 0.0, 1.0, 0.0, 1.0, 0.0, 1.0, 1.0, 0.0, 0.0, 1.0, 1.0, 0.0, 0.0, 1.0, 0.0, 1.0, 0.0, 1.0, 1.0, 0.0]
1514	MoeSQLmosa	22	1	[2.0, 13.0, 3.0, 15.526163184657522, 1.0, 1.0, 4.0, 3.0, 2.0, 2.0, 1.0, 0.0, 2.0, 1.0, 2.0, 1.0, 2.0, 2.0, 2.0, 2.0, 2.0, 2.0, 2.0, 2.0, 2.0, 67.0, 1.0, 2.0, 1.0, 2.0, 1.0, 2.0, 1.0, 2.0, 1.0, 2.0, 2.0, 1.0, 1.0, 2.0, 1.0, 2.0, 1.0, 2.0, 1.0, 2.0, 1.0, 2.0, 2.0, 1.0]
1514	MoeSQLmosa	23	1	[1.0, 12.0, 2.0, 14.526163184657522, 0.0, 0.0, 2.0, 1.0, 0.0, 1.0, 0.0, 1.0, 1.0, 0.0, 1.0, 0.0, 1.0, 1.0, 1.0, 1.0, 1.0, 1.0, 1.0, 1.0, 1.0, 66.0, 0.0, 1.0, 0.0, 1.0, 0.0, 1.0, 0.0, 1.0, 0.0, 1.0, 1.0, 0.0, 1.0, 0.0, 0.0, 1.0, 0.0, 1.0, 1.0, 0.0, 0.0, 1.0, 1.0, 0.0]
1514	MoeSQLmosa	24	1	[3.0, 14.0, 4.0, 15.301708343752606, 2.0, 2.0, 0.0, 1.0, 2.0, 3.0, 2.0, 3.0, 3.0, 2.0, 3.0, 2.0, 3.0, 3.0, 3.0, 3.0, 3.0, 3.0, 3.0, 3.0, 3.0, 68.0, 2.0, 3.0, 2.0, 3.0, 2.0, 3.0, 2.0, 3.0, 2.0, 3.0, 3.0, 2.0, 2.0, 3.0, 2.0, 3.0, 2.0, 3.0, 2.0, 3.0, 2.0, 3.0, 3.0, 2.0]
1514	MoeSQLmosa	25	1	[1.0, 0.0, 1.0, 13.920916903221805, 2.0, 2.0, 3.0, 2.0, 1.0, 1.0, 0.0, 1.0, 1.0, 0.0, 1.0, 0.0, 1.0, 1.0, 1.0, 1.0, 1.0, 1.0, 1.0, 1.0, 1.0, 66.0, 0.0, 1.0, 0.0, 1.0, 0.0, 1.0, 0.0, 1.0, 0.0, 1.0, 1.0, 0.0, 0.0, 1.0, 0.0, 1.0, 0.0, 1.0, 0.0, 1.0, 0.0, 1.0, 1.0, 0.0]
1514	MoeSQLmosa	26	1	[17.0, 28.0, 18.0, 30.52616318465752, 16.0, 16.0, 19.0, 18.0, 17.0, 17.0, 16.0, 17.0, 17.0, 16.0, 17.0, 16.0, 17.0, 17.0, 17.0, 17.0, 17.0, 17.0, 0.0, 17.0, 17.0, 82.0, 16.0, 17.0, 16.0, 17.0, 16.0, 17.0, 16.0, 17.0, 16.0, 17.0, 17.0, 16.0, 16.0, 17.0, 0.0, 1.0, 16.0, 17.0, 16.0, 17.0, 16.0, 17.0, 17.0, 16.0]
1514	MoeSQLmosa	27	1	[1.7976931348623156E306, 1.7976931348623156E306, 0.0, 1.7976931348623156E306, 1.7976931348623156E306, 1.7976931348623156E306, 1.7976931348623156E306, 1.7976931348623156E306, 1.7976931348623156E306, 1.7976931348623156E306, 1.7976931348623156E306, 1.7976931348623156E306, 1.7976931348623156E306, 1.7976931348623156E306, 1.7976931348623156E306, 1.7976931348623156E306, 1.7976931348623156E306, 1.7976931348623156E306, 1.7976931348623156E306, 1.7976931348623156E306, 1.7976931348623156E306, 1.7976931348623156E306, 1.7976931348623156E306, 1.7976931348623156E306, 1.7976931348623156E306, 1.7976931348623156E306, 1.7976931348623156E306, 1.7976931348623156E306, 1.7976931348623156E306, 1.7976931348623156E306, 1.7976931348623156E306, 1.7976931348623156E306, 1.7976931348623156E306, 1.7976931348623156E306, 1.7976931348623156E306, 1.7976931348623156E306, 1.7976931348623156E306, 1.7976931348623156E306, 1.7976931348623156E306, 1.7976931348623156E306, 1.7976931348623156E306, 1.7976931348623156E306, 1.7976931348623156E306, 1.7976931348623156E306, 1.7976931348623156E306, 1.7976931348623156E306, 1.7976931348623156E306, 1.7976931348623156E306, 1.7976931348623156E306, 1.7976931348623156E306]
1514	MoeSQLmosa	28	1	[1.0, 13.413395550527905, 2.0, 16.0, 0.0, 0.0, 3.0, 2.0, 1.0, 1.0, 0.0, 1.0, 1.0, 0.0, 1.0, 0.0, 1.0, 1.0, 1.0, 1.0, 1.0, 1.0, 1.0, 1.0, 1.0, 66.0, 1.0, 0.0, 0.0, 1.0, 0.0, 1.0, 0.0, 1.0, 0.0, 1.0, 1.0, 0.0, 0.0, 1.0, 0.0, 1.0, 0.0, 1.0, 0.0, 1.0, 0.0, 1.0, 1.0, 0.0]
1514	MoeSQLmosa	29	1	[1.0, 12.0, 2.0, 14.526163184657522, 0.0, 0.0, 3.0, 2.0, 1.0, 1.0, 0.0, 1.0, 1.0, 0.0, 1.0, 0.0, 1.0, 1.0, 1.0, 1.0, 1.0, 1.0, 1.0, 1.0, 1.0, 66.0, 0.0, 1.0, 0.0, 1.0, 1.0, 0.0, 0.0, 1.0, 0.0, 1.0, 1.0, 0.0, 0.0, 1.0, 0.0, 1.0, 0.0, 1.0, 0.0, 1.0, 0.0, 1.0, 1.0, 0.0]
1514	MoeSQLmosa	30	1	[16.161540121424913, 27.161540121424913, 17.161540121424913, 29.687703306082437, 15.161540121424915, 15.161540121424915, 18.161540121424913, 17.161540121424913, 16.161540121424913, 16.161540121424913, 15.161540121424915, 16.161540121424913, 16.161540121424913, 15.161540121424915, 16.161540121424913, 15.161540121424915, 0.0, 16.161540121424913, 16.161540121424913, 16.161540121424913, 16.161540121424913, 16.161540121424913, 16.161540121424913, 16.161540121424913, 16.161540121424913, 81.16154012142492, 15.161540121424915, 16.161540121424913, 0.0, 1.0, 15.161540121424915, 16.161540121424913, 15.161540121424915, 16.161540121424913, 15.161540121424915, 16.161540121424913, 16.161540121424913, 15.161540121424915, 15.161540121424915, 16.161540121424913, 15.161540121424915, 16.161540121424913, 15.161540121424915, 16.161540121424913, 15.161540121424915, 16.161540121424913, 15.161540121424915, 16.161540121424913, 16.161540121424913, 15.161540121424915]
1514	MoeSQLmosa	31	1	[2.0, 13.0, 3.0, 17.0, 1.0, 1.0, 4.0, 3.0, 2.0, 0.0, 1.0, 2.0, 2.0, 1.0, 2.0, 1.0, 2.0, 2.0, 2.0, 2.0, 2.0, 2.0, 2.0, 2.0, 2.0, 67.0, 1.0, 2.0, 1.0, 2.0, 1.0, 2.0, 1.0, 2.0, 1.0, 2.0, 2.0, 1.0, 1.0, 2.0, 1.0, 2.0, 1.0, 2.0, 1.0, 2.0, 1.0, 2.0, 2.0, 1.0]
1514	MOTGA	0	27	[0.0, 0.0, 0.0, 0.0, 0.0, 0.0, 0.0, 0.0, 0.0, 0.0, 0.0, 0.0, 0.0, 0.0, 0.0, 0.0, 0.0, 0.0, 0.0, 0.0, 0.0, 0.0, 0.0, 0.0, 0.0, 0.0, 0.0, 0.0, 0.0, 0.0, 0.0, 0.0, 0.0, 0.0, 0.0, 0.0, 0.0, 0.0, 0.0, 0.0, 0.0, 0.0, 0.0, 0.0, 0.0, 0.0, 0.0, 0.0, 0.0, 0.0]
1515	MoeSQLmosa	0	2	[0.0, 0.0, 1.0, 317.25016558554313, 316.25016558554313, 315.25016558554313, 1.0, 1.0, 2.0]
1515	MoeSQLmosa	1	1	[0.0, 1.0, 1.0, 2.0, 1.0, 0.0, 1.0, 1.0, 2.0]
1515	MoeSQLmosa	2	1	[1.0, 2.0, 2.0, 1.0, 0.0, 1.0, 1.0, 2.0, 1.0]
1515	MoeSQLmosa	3	2	[0.0, 1.0, 1.0, 843.0, 842.0, 841.0, 1.0, 0.0, 2.0]
1515	MoeSQLmosa	4	1	[1.7976931348623156E306, 1.7976931348623156E306, 0.0, 1.7976931348623156E306, 1.7976931348623156E306, 1.7976931348623156E306, 1.7976931348623156E306, 2.0, 1.7976931348623156E306]
1515	MoeSQLmosa	5	1	[2.0, 3.0, 3.0, 0.0, 1.0, 2.0, 2.0, 2.0, 2.0]
1515	MoeSQLmosa	6	2	[0.0, 1.0, 1.0, 500.0, 499.0, 498.0, 0.0, 1.0, 1.0]
1515	MoeSQLmosa	7	3	[0.0, 1.0, 1.0, 2.0, 1.0, 0.0, 0.0, 1.0, 0.0]
1515	MOTGA	0	9	[0.0, 0.0, 0.0, 0.0, 0.0, 0.0, 0.0, 0.0, 0.0]
1516	MoeSQLmosa	0	1	[17.0, 0.0, 18.0, 18.0, 0.0, 1.0]
1516	MoeSQLmosa	1	2	[0.0, 1.0, 0.0, 1.0, 0.0, 1.0]
1516	MoeSQLmosa	2	1	[1.7976931348623156E306, 1.7976931348623156E306, 1.7976931348623156E306, 0.0, 1.7976931348623156E306, 1.7976931348623156E306]
1516	MoeSQLmosa	3	1	[0.0, 1.0, 1.0, 1.0, 1.0, 0.0]
1516	MOTGA	0	5	[0.0, 0.0, 0.0, 0.0, 0.0, 0.0]
1517	MoeSQLmosa	0	1	[13.467680596793258, 0.0, 1.0, 14.467680596793258, 14.467680596793258]
1517	MoeSQLmosa	1	1	[0.0, 1.0, 1.0, 1.0, 1.0]
1517	MoeSQLmosa	2	1	[15.7979797979798, 16.7979797979798, 16.7979797979798, 0.0, 1.0]
1517	MoeSQLmosa	3	1	[1.7976931348623156E306, 1.7976931348623156E306, 0.0, 1.7976931348623156E306, 1.7976931348623156E306]
1517	MoeSQLmosa	4	1	[1.7976931348623156E306, 1.7976931348623156E306, 1.7976931348623156E306, 1.7976931348623156E306, 0.0]
1517	MOTGA	0	5	[0.0, 0.0, 0.0, 0.0, 0.0]
1518	MoeSQLmosa	0	1	[32.207142857142856, 0.0, 1.0, 884.2071428571428, 885.2071428571428, 886.2071428571428]
1518	MoeSQLmosa	1	1	[0.0, 1.0, 1.0, 2.0, 1.0, 0.0]
1518	MoeSQLmosa	2	1	[1.0, 2.0, 2.0, 1.0, 0.0, 1.0]
1518	MoeSQLmosa	3	1	[0.0, 1.0, 1.0, 0.0, 1.0, 2.0]
1518	MoeSQLmosa	4	1	[1.7976931348623156E306, 1.7976931348623156E306, 0.0, 1.7976931348623156E306, 1.7976931348623156E306, 1.7976931348623156E306]
1518	MOTGA	0	5	[0.0, 0.0, 0.0, 0.0, 0.0, 0.0]
1519	MoeSQLmosa	0	2	[0.0, 0.0, 1.0]
1519	MoeSQLmosa	1	1	[1.7976931348623156E306, 1.7976931348623156E306, 0.0]
1519	MOTGA	0	3	[0.0, 0.0, 0.0]
1520	MoeSQLmosa	0	1	[32.71, 0.0]
1520	MoeSQLmosa	1	1	[0.0, 1.0]
1520	MOTGA	0	2	[0.0, 0.0]
1521	MoeSQLmosa	0	1	[1.0, 0.0, 1.0]
1521	MoeSQLmosa	1	1	[0.0, 30.166666666666668, 1.0]
1521	MoeSQLmosa	2	1	[1.7976931348623156E306, 1.7976931348623156E306, 0.0]
1521	MOTGA	0	3	[0.0, 0.0, 0.0]
1522	MoeSQLmosa	0	1	[11.164872325741891, 12.164872325741891, 12.164872325741891, 12.164872325741891, 12.164872325741891, 0.0, 1.0]
1522	MoeSQLmosa	1	1	[13.414719405003382, 0.0, 1.0, 14.414719405003382, 14.414719405003382, 14.414719405003382, 14.414719405003382]
1522	MoeSQLmosa	2	1	[16.05100989502057, 17.05100989502057, 17.05100989502057, 0.0, 1.0, 17.05100989502057, 17.05100989502057]
1522	MoeSQLmosa	3	1	[0.0, 1.0, 1.0, 1.0, 1.0, 1.0, 1.0]
1522	MoeSQLmosa	4	1	[1.7976931348623156E306, 1.7976931348623156E306, 1.7976931348623156E306, 1.7976931348623156E306, 0.0, 1.7976931348623156E306, 1.7976931348623156E306]
1522	MoeSQLmosa	5	1	[1.7976931348623156E306, 1.7976931348623156E306, 0.0, 1.7976931348623156E306, 1.7976931348623156E306, 1.7976931348623156E306, 1.7976931348623156E306]
1522	MoeSQLmosa	6	1	[1.7976931348623156E306, 1.7976931348623156E306, 1.7976931348623156E306, 1.7976931348623156E306, 1.7976931348623156E306, 1.7976931348623156E306, 0.0]
1522	MOTGA	0	7	[0.0, 0.0, 0.0, 0.0, 0.0, 0.0, 0.0]
1523	MoeSQLmosa	0	2	[0.0, 0.0]
1523	MOTGA	0	2	[0.0, 0.0]
1524	MoeSQLmosa	0	1	[30.626363008971705, 0.0, 1.0, 31.626363008971705, 31.626363008971705, 31.626363008971705, 31.626363008971705, 42.32108162369032]
1524	MoeSQLmosa	1	1	[37.423809523809524, 38.423809523809524, 38.423809523809524, 0.0, 1.0, 38.423809523809524, 38.423809523809524, 53.23895502645503]
1524	MoeSQLmosa	2	1	[14.759356514320478, 15.759356514320478, 15.759356514320478, 15.759356514320478, 15.759356514320478, 0.0, 1.0, 45.708376122163614]
1524	MoeSQLmosa	3	1	[0.0, 1.0, 1.0, 1.0, 1.0, 1.0, 1.0, 15.815145502645503]
1524	MoeSQLmosa	4	1	[1.7976931348623156E306, 1.7976931348623156E306, 1.7976931348623156E306, 1.7976931348623156E306, 1.7976931348623156E306, 1.7976931348623156E306, 0.0, 1.7976931348623156E306]
1524	MoeSQLmosa	5	1	[1.7976931348623156E306, 1.7976931348623156E306, 0.0, 1.7976931348623156E306, 1.7976931348623156E306, 1.7976931348623156E306, 1.7976931348623156E306, 1.7976931348623156E306]
1524	MoeSQLmosa	6	1	[1.7976931348623156E306, 1.7976931348623156E306, 1.7976931348623156E306, 1.7976931348623156E306, 0.0, 1.7976931348623156E306, 1.7976931348623156E306, 1.7976931348623156E306]
1524	MoeSQLmosa	7	1	[1.0, 2.0, 2.0, 2.0, 2.0, 2.0, 2.0, 0.0]
1524	MOTGA	0	8	[0.0, 0.0, 0.0, 0.0, 0.0, 0.0, 0.0, 0.0]
1525	MoeSQLmosa	0	1	[26.0, 0.0, 1.0, 27.0, 27.0, 27.0, 27.0]
1525	MoeSQLmosa	1	1	[36.72622040767031, 37.72622040767031, 37.72622040767031, 37.72622040767031, 37.72622040767031, 0.0, 1.0]
1525	MoeSQLmosa	2	1	[30.953612019760243, 31.953612019760243, 31.953612019760243, 0.0, 1.0, 31.953612019760243, 31.953612019760243]
1525	MoeSQLmosa	3	1	[0.0, 1.0, 1.0, 1.0, 1.0, 1.0, 1.0]
1525	MoeSQLmosa	4	1	[1.7976931348623156E306, 1.7976931348623156E306, 1.7976931348623156E306, 1.7976931348623156E306, 0.0, 1.7976931348623156E306, 1.7976931348623156E306]
1525	MoeSQLmosa	5	1	[1.7976931348623156E306, 1.7976931348623156E306, 1.7976931348623156E306, 1.7976931348623156E306, 1.7976931348623156E306, 1.7976931348623156E306, 0.0]
1525	MoeSQLmosa	6	1	[1.7976931348623156E306, 1.7976931348623156E306, 0.0, 1.7976931348623156E306, 1.7976931348623156E306, 1.7976931348623156E306, 1.7976931348623156E306]
1525	MOTGA	0	7	[0.0, 0.0, 0.0, 0.0, 0.0, 0.0, 0.0]
1527	MoeSQLmosa	0	1	[1.0, 0.0, 1.0]
1527	MoeSQLmosa	1	1	[0.0, 30.87393386895436, 1.0]
1527	MoeSQLmosa	2	1	[1.7976931348623156E306, 1.7976931348623156E306, 0.0]
1527	MOTGA	0	3	[0.0, 0.0, 0.0]
1528	MoeSQLmosa	0	1	[34.96, 35.96, 35.96, 0.0, 1.0, 35.96, 35.96, 46.28768701688887]
1528	MoeSQLmosa	1	1	[9.092584283473542, 10.092584283473542, 10.092584283473542, 10.092584283473542, 10.092584283473542, 0.0, 1.0, 16.759832182633208]
1528	MoeSQLmosa	2	1	[0.0, 1.0, 1.0, 1.0, 1.0, 1.0, 1.0, 11.327687016888868]
1528	MoeSQLmosa	3	2	[1.0, 0.0, 1.0, 2.0, 2.0, 2.0, 2.0, 0.0]
1528	MoeSQLmosa	4	1	[1.7976931348623156E306, 1.7976931348623156E306, 1.7976931348623156E306, 1.7976931348623156E306, 1.7976931348623156E306, 1.7976931348623156E306, 0.0, 1.7976931348623156E306]
1528	MoeSQLmosa	5	1	[1.7976931348623156E306, 1.7976931348623156E306, 1.7976931348623156E306, 1.7976931348623156E306, 0.0, 1.7976931348623156E306, 1.7976931348623156E306, 1.7976931348623156E306]
1528	MoeSQLmosa	6	1	[1.7976931348623156E306, 1.7976931348623156E306, 0.0, 1.7976931348623156E306, 1.7976931348623156E306, 1.7976931348623156E306, 1.7976931348623156E306, 1.7976931348623156E306]
1528	MOTGA	0	8	[0.0, 0.0, 0.0, 0.0, 0.0, 0.0, 0.0, 0.0]
1530	MoeSQLmosa	0	1	[26.41061874801705, 27.41061874801705, 27.41061874801705, 0.0, 1.0]
1530	MoeSQLmosa	1	1	[11.681796253939812, 0.0, 1.0, 12.681796253939812, 12.681796253939812]
1530	MoeSQLmosa	2	2	[1.7976931348623156E306, 1.7976931348623156E306, 0.0, 1.7976931348623156E306, 0.0]
1530	MoeSQLmosa	3	1	[0.0, 1.0, 1.0, 1.0, 1.0]
1530	MOTGA	0	5	[0.0, 0.0, 0.0, 0.0, 0.0]
1531	MoeSQLmosa	0	1	[1.0, 0.0]
1531	MoeSQLmosa	1	1	[0.0, 27.60402070285235]
1531	MOTGA	0	2	[0.0, 0.0]
1532	MoeSQLmosa	0	2	[0.0, 0.0, 1.0]
1532	MoeSQLmosa	1	1	[1.7976931348623156E306, 1.7976931348623156E306, 0.0]
1532	MOTGA	0	3	[0.0, 0.0, 0.0]
1533	MoeSQLmosa	0	1	[1.7976931348623156E306, 1.7976931348623156E306, 0.0]
1533	MoeSQLmosa	1	2	[0.0, 0.0, 1.0]
1533	MOTGA	0	3	[0.0, 0.0, 0.0]
1534	MoeSQLmosa	0	1	[1.0, 0.0]
1534	MoeSQLmosa	1	1	[0.0, 15.14474829374633]
1534	MOTGA	0	2	[0.0, 0.0]
1535	MoeSQLmosa	0	2	[0.0, 1.0, 1.0, 0.0, 1.0]
1535	MoeSQLmosa	1	2	[36.47887488328665, 0.0, 1.0, 37.47887488328665, 0.0]
1535	MoeSQLmosa	2	1	[1.7976931348623156E306, 1.7976931348623156E306, 0.0, 1.7976931348623156E306, 1.7976931348623156E306]
1535	MOTGA	0	5	[0.0, 0.0, 0.0, 0.0, 0.0]
1536	MoeSQLmosa	0	1	[38.521773267523606, 39.521773267523606, 39.521773267523606, 0.0, 1.0, 39.521773267523606, 39.521773267523606]
1536	MoeSQLmosa	1	1	[0.0, 1.0, 1.0, 1.0, 1.0, 1.0, 1.0]
1536	MoeSQLmosa	2	1	[5.617459449608164, 6.617459449608164, 6.617459449608164, 6.617459449608164, 6.617459449608164, 0.0, 1.0]
1536	MoeSQLmosa	3	1	[14.217366482537763, 0.0, 1.0, 15.217366482537763, 15.217366482537763, 15.217366482537763, 15.217366482537763]
1536	MoeSQLmosa	4	1	[1.7976931348623156E306, 1.7976931348623156E306, 1.7976931348623156E306, 1.7976931348623156E306, 0.0, 1.7976931348623156E306, 1.7976931348623156E306]
1536	MoeSQLmosa	5	1	[1.7976931348623156E306, 1.7976931348623156E306, 1.7976931348623156E306, 1.7976931348623156E306, 1.7976931348623156E306, 1.7976931348623156E306, 0.0]
1536	MoeSQLmosa	6	1	[1.7976931348623156E306, 1.7976931348623156E306, 0.0, 1.7976931348623156E306, 1.7976931348623156E306, 1.7976931348623156E306, 1.7976931348623156E306]
1536	MOTGA	0	7	[0.0, 0.0, 0.0, 0.0, 0.0, 0.0, 0.0]
1537	MoeSQLmosa	0	2	[0.0, 0.0]
1537	MOTGA	0	2	[0.0, 0.0]
1538	MoeSQLmosa	0	1	[0.0, 1.0, 2.0]
1538	MoeSQLmosa	1	1	[2.0, 1.0, 0.0]
1538	MoeSQLmosa	2	1	[1.0, 0.0, 1.0]
1538	MOTGA	0	3	[0.0, 0.0, 0.0]
1539	MoeSQLmosa	0	2	[0.0, 1.0, 2.0, 1.0, 0.0, 1.0]
1539	MoeSQLmosa	1	3	[2.0, 1.0, 0.0, 0.0, 1.0, 0.0]
1539	MoeSQLmosa	2	1	[1.0, 0.0, 1.0, 370.0, 369.0, 368.0]
1539	MOTGA	0	4	[0.0, 0.0, 0.0, 0.0, 0.0, 0.0]
1540	MoeSQLmosa	0	1	[0.0, 23.606426950877754, 1.0]
1540	MoeSQLmosa	1	1	[1.0, 0.0, 1.0]
1540	MoeSQLmosa	2	1	[1.7976931348623156E306, 1.7976931348623156E306, 0.0]
1540	MOTGA	0	3	[0.0, 0.0, 0.0]
1541	MoeSQLmosa	0	1	[20.0, 0.0, 1.0, 55.0, 39.86345002463423, 21.0, 21.0, 21.0, 3.0, 3.0]
1541	MoeSQLmosa	1	2	[60.0, 107.0, 0.0, 0.0, 81.65315477313355, 61.0, 61.0, 61.0, 3.0, 3.0]
1541	MoeSQLmosa	2	1	[1.7976931348623156E306, 1.7976931348623156E306, 1.7976931348623156E306, 1.7976931348623156E306, 1.7976931348623156E306, 1.7976931348623156E306, 1.7976931348623156E306, 0.0, 3.0, 3.0]
1541	MoeSQLmosa	3	1	[1.0, 15.0, 2.0, 3.0, 0.0, 1.0, 2.0, 2.0, 3.0, 3.0]
1541	MoeSQLmosa	4	1	[1.7976931348623156E306, 1.7976931348623156E306, 1.7976931348623156E306, 1.7976931348623156E306, 1.7976931348623156E306, 0.0, 1.7976931348623156E306, 1.7976931348623156E306, 3.0, 3.0]
1541	MoeSQLmosa	5	1	[0.0, 14.0, 1.0, 2.0, 21.653154773133554, 1.0, 1.0, 1.0, 2.0, 2.0]
1541	MoeSQLmosa	6	1	[37.4751056562976, 51.4751056562976, 38.4751056562976, 39.4751056562976, 65.85670040563429, 38.4751056562976, 0.0, 1.0, 3.0, 3.0]
1541	MoeSQLmosa	7	3	[0.0, 5.0, 1.0, 2.0, 21.653154773133554, 1.0, 1.0, 1.0, 0.0, 0.0]
1541	MOTGA	0	10	[0.0, 0.0, 0.0, 0.0, 0.0, 0.0, 0.0, 0.0, 0.0, 0.0]
1542	MoeSQLmosa	0	1	[0.0, 1.0, 1.0, 1.0, 1.0]
1542	MoeSQLmosa	1	1	[1.7976931348623156E306, 1.7976931348623156E306, 1.7976931348623156E306, 1.7976931348623156E306, 0.0]
1542	MoeSQLmosa	2	1	[20.623201102146282, 21.623201102146282, 21.623201102146282, 0.0, 1.0]
1542	MoeSQLmosa	3	1	[20.623201102146282, 0.0, 1.0, 21.623201102146282, 21.623201102146282]
1542	MoeSQLmosa	4	1	[1.7976931348623156E306, 1.7976931348623156E306, 0.0, 1.7976931348623156E306, 1.7976931348623156E306]
1542	MOTGA	0	5	[0.0, 0.0, 0.0, 0.0, 0.0]
1543	MoeSQLmosa	0	1	[0.0, 34.84722222222223]
1543	MoeSQLmosa	1	1	[1.0, 0.0]
1543	MOTGA	0	2	[0.0, 0.0]
1544	MoeSQLmosa	0	1	[1.0, 0.0]
1544	MoeSQLmosa	1	1	[0.0, 9.87434762427495]
1544	MOTGA	0	2	[0.0, 0.0]
1545	MoeSQLmosa	0	1	[0.0, 18.182477727586424, 1.0]
1545	MoeSQLmosa	1	1	[1.0, 0.0, 1.0]
1545	MoeSQLmosa	2	1	[1.7976931348623156E306, 1.7976931348623156E306, 0.0]
1545	MOTGA	0	3	[0.0, 0.0, 0.0]
1547	MoeSQLmosa	0	1	[0.0, 25.08886738849995, 1.0]
1547	MoeSQLmosa	1	1	[1.0, 0.0, 1.0]
1547	MoeSQLmosa	2	1	[1.7976931348623156E306, 1.7976931348623156E306, 0.0]
1547	MOTGA	0	3	[0.0, 0.0, 0.0]
1548	MoeSQLmosa	0	1	[1.0, 0.0]
1548	MoeSQLmosa	1	1	[0.0, 11.863662989692738]
1548	MOTGA	0	2	[0.0, 0.0]
1549	MoeSQLmosa	0	1	[866.0, 865.0, 864.0, 1.0, 0.0, 1.0]
1549	MoeSQLmosa	1	1	[279.0, 278.0, 277.0, 0.0, 1.0, 2.0]
1549	MoeSQLmosa	2	1	[1.0, 0.0, 1.0, 1.0, 2.0, 3.0]
1549	MoeSQLmosa	3	1	[0.0, 1.0, 2.0, 2.0, 3.0, 4.0]
1549	MoeSQLmosa	4	1	[2.0, 1.0, 0.0, 430.0, 431.0, 432.0]
1549	MoeSQLmosa	5	1	[750.0, 749.0, 748.0, 2.0, 1.0, 0.0]
1549	MOTGA	0	5	[0.0, 0.0, 0.0, 0.0, 0.0, 0.0]
1550	MoeSQLmosa	0	3	[0.0]
1550	MOTGA	0	3	[0.0]
1551	MoeSQLmosa	0	2	[36.856354808399075, 35.856354808399075, 36.856354808399075, 0.0, 0.0, 1.0]
1551	MoeSQLmosa	1	2	[1.7976931348623156E306, 1.7976931348623156E306, 0.0, 2.0, 1.7976931348623156E306, 1.7976931348623156E306]
1551	MoeSQLmosa	2	2	[0.0, 40.49502164502165, 1.0, 2.0, 40.49502164502165, 41.49502164502165]
1551	MoeSQLmosa	3	2	[1.0, 0.0, 1.0, 2.0, 2.0, 1.0]
1551	MoeSQLmosa	4	2	[19.16410313064856, 18.16410313064856, 19.16410313064856, 0.0, 0.0, 1.0]
1551	MoeSQLmosa	5	2	[1.7976931348623156E306, 1.7976931348623156E306, 1.7976931348623156E306, 0.0, 1.0, 0.0]
1551	MOTGA	0	5	[0.0, 0.0, 0.0, 0.0, 2.0, 1.7976931348623156E306]
1552	MoeSQLmosa	0	1	[1.7976931348623156E306, 1.7976931348623156E306, 1.7976931348623156E306, 1.7976931348623156E306, 0.0, 3.0, 3.0]
1552	MoeSQLmosa	1	2	[18.031903811253535, 0.0, 1.0, 0.0, 1.0, 3.0, 3.0]
1552	MoeSQLmosa	2	1	[0.0, 282.0, 1.0, 1.0, 1.0, 2.0, 2.0]
1552	MoeSQLmosa	3	1	[1.7976931348623156E306, 1.7976931348623156E306, 0.0, 1.7976931348623156E306, 1.7976931348623156E306, 3.0, 3.0]
1552	MoeSQLmosa	4	3	[0.0, 252.0, 1.0, 1.0, 1.0, 1.0, 0.0]
1552	MoeSQLmosa	5	3	[0.0, 259.0, 1.0, 1.0, 1.0, 0.0, 0.0]
1552	MOTGA	0	7	[0.0, 0.0, 0.0, 0.0, 0.0, 0.0, 0.0]
1553	MoeSQLmosa	0	1	[1.0, 0.0, 1.0]
1553	MoeSQLmosa	1	1	[1.7976931348623156E306, 1.7976931348623156E306, 0.0]
1553	MoeSQLmosa	2	1	[0.0, 30.628205128205124, 1.0]
1553	MOTGA	0	3	[0.0, 0.0, 0.0]
1554	MoeSQLmosa	0	2	[0.0, 0.0, 1.0]
1554	MoeSQLmosa	1	1	[1.7976931348623156E306, 1.7976931348623156E306, 0.0]
1554	MOTGA	0	3	[0.0, 0.0, 0.0]
1555	MoeSQLmosa	0	1	[1.0, 0.0]
1555	MoeSQLmosa	1	1	[0.0, 19.597357503607505]
1555	MOTGA	0	2	[0.0, 0.0]
1556	MoeSQLmosa	0	1	[1.0, 0.0]
1556	MoeSQLmosa	1	1	[0.0, 24.189462453255555]
1556	MOTGA	0	2	[0.0, 0.0]
1557	MoeSQLmosa	0	1	[1.0, 0.0, 1.0, 0.0, 1.0]
1557	MoeSQLmosa	1	1	[14.288349072704518, 13.288349072704518, 14.288349072704518, 13.288349072704518, 0.0]
1557	MoeSQLmosa	2	1	[2.0, 1.0, 0.0, 1.0, 2.0]
1557	MoeSQLmosa	3	1	[0.0, 1.0, 2.0, 1.0, 2.0]
1557	MOTGA	0	4	[0.0, 0.0, 0.0, 0.0, 0.0]
1558	MoeSQLmosa	0	1	[11.657142857142857, 0.0, 1.0, 14.657142857142857, 13.657142857142857, 12.657142857142857, 12.657142857142857, 12.657142857142857, 12.657142857142857, 12.657142857142857, 12.657142857142857, 12.657142857142857, 17.94461562402739, 3.0]
1558	MoeSQLmosa	1	1	[1.7976931348623156E306, 1.7976931348623156E306, 0.0, 1.7976931348623156E306, 1.7976931348623156E306, 1.7976931348623156E306, 1.7976931348623156E306, 1.7976931348623156E306, 1.7976931348623156E306, 1.7976931348623156E306, 1.7976931348623156E306, 1.7976931348623156E306, 1.7976931348623156E306, 3.0]
1558	MoeSQLmosa	2	1	[2.0, 3.0, 3.0, 9.0, 8.0, 7.0, 3.0, 3.0, 3.0, 3.0, 0.0, 1.0, 13.875252525252527, 3.0]
1558	MoeSQLmosa	3	1	[1.0, 2.0, 2.0, 1.0, 0.0, 1.0, 2.0, 2.0, 2.0, 2.0, 2.0, 2.0, 6.304901368760064, 3.0]
1558	MoeSQLmosa	4	1	[1.0, 2.0, 2.0, 9.0, 8.0, 7.0, 0.0, 1.0, 2.0, 2.0, 2.0, 2.0, 7.287472766884532, 3.0]
1558	MoeSQLmosa	5	1	[0.0, 1.0, 1.0, 6.0, 5.0, 4.0, 1.0, 1.0, 1.0, 1.0, 1.0, 1.0, 5.304901368760064, 2.0]
1558	MoeSQLmosa	6	1	[6.0, 7.0, 7.0, 9.0, 8.0, 7.0, 7.0, 7.0, 0.0, 1.0, 7.0, 7.0, 11.304901368760063, 3.0]
1558	MoeSQLmosa	7	1	[1.7976931348623156E306, 1.7976931348623156E306, 1.7976931348623156E306, 1.7976931348623156E306, 1.7976931348623156E306, 1.7976931348623156E306, 1.7976931348623156E306, 1.7976931348623156E306, 1.7976931348623156E306, 1.7976931348623156E306, 1.7976931348623156E306, 0.0, 1.7976931348623156E306, 3.0]
1558	MoeSQLmosa	8	1	[1.7976931348623156E306, 1.7976931348623156E306, 1.7976931348623156E306, 1.7976931348623156E306, 1.7976931348623156E306, 1.7976931348623156E306, 1.7976931348623156E306, 1.7976931348623156E306, 1.7976931348623156E306, 0.0, 1.7976931348623156E306, 1.7976931348623156E306, 1.7976931348623156E306, 3.0]
1558	MoeSQLmosa	9	1	[2.0, 3.0, 3.0, 0.0, 1.0, 2.0, 3.0, 3.0, 3.0, 3.0, 3.0, 3.0, 13.875252525252527, 3.0]
1558	MoeSQLmosa	10	1	[1.0, 2.0, 2.0, 7.0, 6.0, 5.0, 2.0, 2.0, 2.0, 2.0, 2.0, 2.0, 0.0, 3.0]
1558	MoeSQLmosa	11	1	[0.0, 1.0, 1.0, 2.0, 1.0, 0.0, 1.0, 1.0, 1.0, 1.0, 1.0, 1.0, 5.304901368760064, 2.0]
1558	MoeSQLmosa	12	1	[1.7976931348623156E306, 1.7976931348623156E306, 1.7976931348623156E306, 1.7976931348623156E306, 1.7976931348623156E306, 1.7976931348623156E306, 1.7976931348623156E306, 0.0, 1.7976931348623156E306, 1.7976931348623156E306, 1.7976931348623156E306, 1.7976931348623156E306, 1.7976931348623156E306, 3.0]
1558	MOTGA	0	12	[0.0, 0.0, 0.0, 0.0, 0.0, 0.0, 0.0, 0.0, 0.0, 0.0, 0.0, 0.0, 0.0, 2.0]
1559	MoeSQLmosa	0	3	[0.0]
1559	MOTGA	0	3	[0.0]
1560	MoeSQLmosa	0	3	[0.0]
1560	MOTGA	0	3	[0.0]
1561	MoeSQLmosa	0	1	[41.99610517394704, 0.0, 1.0, 42.99610517394704, 42.99610517394704, 42.99610517394704, 42.99610517394704, 51.46909982635346]
1561	MoeSQLmosa	1	1	[1.7976931348623156E306, 1.7976931348623156E306, 1.7976931348623156E306, 1.7976931348623156E306, 1.7976931348623156E306, 1.7976931348623156E306, 0.0, 1.7976931348623156E306]
1561	MoeSQLmosa	2	1	[1.0, 2.0, 2.0, 2.0, 2.0, 2.0, 2.0, 0.0]
1561	MoeSQLmosa	3	1	[1.7976931348623156E306, 1.7976931348623156E306, 1.7976931348623156E306, 1.7976931348623156E306, 0.0, 1.7976931348623156E306, 1.7976931348623156E306, 1.7976931348623156E306]
1561	MoeSQLmosa	4	1	[0.0, 1.0, 1.0, 1.0, 1.0, 1.0, 1.0, 20.235128458498025]
1561	MoeSQLmosa	5	1	[9.119349866890852, 10.119349866890852, 10.119349866890852, 0.0, 1.0, 10.119349866890852, 10.119349866890852, 52.91715028348417]
1561	MoeSQLmosa	6	1	[6.5513798111837325, 7.5513798111837325, 7.5513798111837325, 7.5513798111837325, 7.5513798111837325, 0.0, 1.0, 51.59442520138282]
1561	MoeSQLmosa	7	1	[1.7976931348623156E306, 1.7976931348623156E306, 0.0, 1.7976931348623156E306, 1.7976931348623156E306, 1.7976931348623156E306, 1.7976931348623156E306, 1.7976931348623156E306]
1561	MOTGA	0	8	[0.0, 0.0, 0.0, 0.0, 0.0, 0.0, 0.0, 0.0]
1562	MoeSQLmosa	0	1	[36.96120564776026, 86.96120564776027, 37.96120564776026, 37.96120564776026, 37.96120564776026, 37.96120564776026, 0.0, 1.0]
1562	MoeSQLmosa	1	1	[8.037659730689006, 95.037659730689, 9.037659730689006, 9.037659730689006, 0.0, 1.0, 9.037659730689006, 9.037659730689006]
1562	MoeSQLmosa	2	1	[71.0, 0.0, 1.0, 1.0, 72.0, 72.0, 72.0, 72.0]
1562	MoeSQLmosa	3	1	[1.7976931348623156E306, 1.7976931348623156E306, 1.0, 0.0, 1.7976931348623156E306, 1.7976931348623156E306, 1.7976931348623156E306, 1.7976931348623156E306]
1562	MoeSQLmosa	4	1	[0.0, 94.0, 1.0, 1.0, 1.0, 1.0, 1.0, 1.0]
1562	MoeSQLmosa	5	1	[1.7976931348623156E306, 1.7976931348623156E306, 0.0, 1.0, 1.7976931348623156E306, 1.7976931348623156E306, 1.7976931348623156E306, 1.7976931348623156E306]
1562	MoeSQLmosa	6	1	[1.7976931348623156E306, 1.7976931348623156E306, 1.7976931348623156E306, 1.7976931348623156E306, 1.7976931348623156E306, 1.7976931348623156E306, 1.7976931348623156E306, 0.0]
1562	MoeSQLmosa	7	1	[1.7976931348623156E306, 1.7976931348623156E306, 1.7976931348623156E306, 1.7976931348623156E306, 1.7976931348623156E306, 0.0, 1.7976931348623156E306, 1.7976931348623156E306]
1562	MOTGA	0	7	[0.0, 0.0, 0.0, 0.0, 0.0, 0.0, 0.0, 0.0]
1563	MoeSQLmosa	0	2	[46.78409090909091, 45.78409090909091, 46.78409090909091, 45.78409090909091, 26.78409090909091, 27.78409090909091, 46.78409090909091, 46.78409090909091, 36.78409090909091, 0.0, 28.0, 29.0, 36.78409090909091, 37.78409090909091]
1563	MoeSQLmosa	1	2	[778.8892791734582, 777.8892791734582, 776.8892791734582, 777.8892791734582, 837.8892791734582, 778.8892791734582, 764.1168310841739, 765.1168310841739, 778.8892791734582, 754.7724480892844, 0.0, 1.0, 778.8892791734582, 777.8892791734582]
1563	MoeSQLmosa	2	2	[1.7976931348623156E306, 1.7976931348623156E306, 1.7976931348623156E306, 1.7976931348623156E306, 1.7976931348623156E306, 1.7976931348623156E306, 1.7976931348623156E306, 1.7976931348623156E306, 1.7976931348623156E306, 747.0, 1.0, 0.0, 1.7976931348623156E306, 1.7976931348623156E306]
1563	MoeSQLmosa	3	2	[65.0, 64.0, 65.0, 64.0, 0.0, 1.0, 65.0, 65.0, 65.0, 2.0, 64.0, 65.0, 64.0, 65.0]
1563	MoeSQLmosa	4	2	[22.0, 21.0, 22.0, 21.0, 69.0, 22.0, 22.0, 22.0, 0.0, 23.0, 21.0, 22.0, 0.0, 1.0]
1563	MoeSQLmosa	5	2	[0.0, 1.0, 2.0, 1.0, 43.0, 2.0, 2.0, 2.0, 2.0, 3.0, 2.0, 1.0, 1.0, 2.0]
1563	MoeSQLmosa	6	2	[2.0, 1.0, 0.0, 1.0, 24.0, 2.0, 2.0, 2.0, 2.0, 3.0, 2.0, 1.0, 2.0, 1.0]
1563	MoeSQLmosa	7	2	[32.27998304293493, 31.27998304293493, 32.27998304293493, 31.27998304293493, 53.27998304293493, 32.27998304293493, 0.0, 1.0, 32.27998304293493, 33.27998304293493, 2.0, 1.0, 32.27998304293493, 31.27998304293493]
1563	MoeSQLmosa	8	2	[1.0, 0.0, 1.0, 0.0, 42.0, 1.0, 1.0, 1.0, 1.0, 2.0, 2.0, 1.0, 0.0, 1.0]
1563	MoeSQLmosa	9	2	[1.0, 0.0, 1.0, 0.0, 17.0, 1.0, 1.0, 1.0, 1.0, 2.0, 2.0, 1.0, 1.0, 0.0]
1563	MoeSQLmosa	10	2	[1.7976931348623156E306, 1.7976931348623156E306, 1.7976931348623156E306, 1.7976931348623156E306, 1.7976931348623156E306, 0.0, 1.7976931348623156E306, 1.7976931348623156E306, 1.7976931348623156E306, 2.0, 1.7976931348623156E306, 1.7976931348623156E306, 1.7976931348623156E306, 1.7976931348623156E306]
1563	MoeSQLmosa	11	2	[1.7976931348623156E306, 1.7976931348623156E306, 1.7976931348623156E306, 1.7976931348623156E306, 1.7976931348623156E306, 1.7976931348623156E306, 1.7976931348623156E306, 0.0, 1.7976931348623156E306, 1.7976931348623156E306, 2.0, 1.0, 1.7976931348623156E306, 1.7976931348623156E306]
1563	MOTGA	0	11	[0.0, 0.0, 0.0, 0.0, 0.0, 0.0, 0.0, 0.0, 0.0, 0.0, 0.0, 8.0, 0.0, 0.0]
1564	MoeSQLmosa	0	1	[0.0, 29.212629817847212]
1564	MoeSQLmosa	1	1	[1.0, 0.0]
1564	MOTGA	0	2	[0.0, 0.0]
1565	MoeSQLmosa	0	1	[2.0, 1.0, 0.0, 1.0, 2.0, 2.0]
1565	MoeSQLmosa	1	2	[1.0, 0.0, 1.0, 0.0, 0.0, 1.0]
1565	MoeSQLmosa	2	1	[1.7976931348623156E306, 1.7976931348623156E306, 1.7976931348623156E306, 1.7976931348623156E306, 1.7976931348623156E306, 0.0]
1565	MoeSQLmosa	3	1	[0.0, 1.0, 2.0, 1.0, 2.0, 2.0]
1565	MOTGA	0	5	[0.0, 0.0, 0.0, 0.0, 0.0, 0.0]
1566	MoeSQLmosa	0	3	[0.0]
1566	MOTGA	0	3	[0.0]
1567	MoeSQLmosa	0	1	[1.0, 0.0, 1.0, 3.0, 2.0, 1.0]
1567	MoeSQLmosa	1	1	[0.0, 44.833333333333336, 1.0, 2.0, 1.0, 0.0]
1567	MoeSQLmosa	2	1	[1.7976931348623156E306, 1.7976931348623156E306, 0.0, 1.7976931348623156E306, 1.7976931348623156E306, 1.7976931348623156E306]
1567	MoeSQLmosa	3	1	[1.0, 35.28772338772338, 2.0, 1.0, 0.0, 1.0]
1567	MoeSQLmosa	4	1	[2.0, 37.48177782279165, 3.0, 0.0, 1.0, 2.0]
1567	MOTGA	0	5	[0.0, 0.0, 0.0, 0.0, 0.0, 0.0]
1568	MoeSQLmosa	0	2	[0.0, 0.0, 1.0, 1.0, 1.0]
1568	MoeSQLmosa	1	1	[10.501056212772339, 11.501056212772339, 11.501056212772339, 0.0, 1.0]
1568	MoeSQLmosa	2	1	[1.7976931348623156E306, 1.7976931348623156E306, 0.0, 1.7976931348623156E306, 1.7976931348623156E306]
1568	MoeSQLmosa	3	1	[1.7976931348623156E306, 1.7976931348623156E306, 1.7976931348623156E306, 1.7976931348623156E306, 0.0]
1568	MOTGA	0	5	[0.0, 0.0, 0.0, 0.0, 0.0]
1569	MoeSQLmosa	0	1	[18.089743589743588, 19.089743589743588, 19.089743589743588, 0.0, 1.0]
1569	MoeSQLmosa	1	1	[0.0, 1.0, 1.0, 1.0, 1.0]
1569	MoeSQLmosa	2	1	[20.55040254258223, 0.0, 1.0, 21.55040254258223, 21.55040254258223]
1569	MoeSQLmosa	3	1	[1.7976931348623156E306, 1.7976931348623156E306, 1.7976931348623156E306, 1.7976931348623156E306, 0.0]
1569	MoeSQLmosa	4	1	[1.7976931348623156E306, 1.7976931348623156E306, 0.0, 1.7976931348623156E306, 1.7976931348623156E306]
1569	MOTGA	0	5	[0.0, 0.0, 0.0, 0.0, 0.0]
1570	MoeSQLmosa	0	2	[2.0, 1.0, 2.0, 0.0, 1.0, 1.7976931348623156E306, 3.595386269724631E306, 1.7976931348623156E306, 3.595386269724631E306, 1.7976931348623156E306, 1.7976931348623156E306]
1570	MoeSQLmosa	1	2	[1.0, 0.0, 1.0, 1.7976931348623156E306, 0.0, 3.595386269724631E306, 1.7976931348623156E306, 3.595386269724631E306, 3.595386269724631E306, 1.7976931348623156E306, 1.7976931348623156E306]
1570	MoeSQLmosa	2	2	[0.0, 1.0, 2.0, 1.7976931348623156E306, 1.0, 3.595386269724631E306, 1.7976931348623156E306, 3.595386269724631E306, 3.595386269724631E306, 1.7976931348623156E306, 1.7976931348623156E306]
1570	MoeSQLmosa	3	2	[2.0, 1.0, 0.0, 1.7976931348623156E306, 1.0, 3.595386269724631E306, 1.7976931348623156E306, 3.595386269724631E306, 3.595386269724631E306, 1.7976931348623156E306, 1.7976931348623156E306]
1570	MoeSQLmosa	4	2	[1.0, 0.0, 1.0, 1.7976931348623156E306, 0.0, 3.595386269724631E306, 1.7976931348623156E306, 3.595386269724631E306, 3.595386269724631E306, 0.0, 1.7976931348623156E306]
1570	MoeSQLmosa	5	2	[1.0, 0.0, 1.0, 1.0, 2.0, 0.0, 1.7976931348623156E306, 0.0, 1.7976931348623156E306, 1.7976931348623156E306, 1.7976931348623156E306]
1570	MoeSQLmosa	6	3	[1.0, 0.0, 1.0, 1.0, 2.0, 0.0, 0.0, 0.0, 1.7976931348623156E306, 1.7976931348623156E306, 1.7976931348623156E306]
1570	MoeSQLmosa	7	2	[1.0, 0.0, 1.0, 1.7976931348623156E306, 0.0, 3.595386269724631E306, 3.595386269724631E306, 3.595386269724631E306, 1.7976931348623156E306, 1.7976931348623156E306, 0.0]
1570	MoeSQLmosa	8	3	[1.0, 0.0, 1.0, 1.0, 2.0, 0.0, 1.7976931348623156E306, 0.0, 0.0, 1.7976931348623156E306, 1.7976931348623156E306]
1570	MOTGA	0	9	[0.0, 0.0, 0.0, 0.0, 0.0, 0.0, 0.0, 0.0, 0.0, 0.0, 0.0]
1571	MoeSQLmosa	0	1	[8.441176470588236, 9.441176470588236, 9.441176470588236, 9.441176470588236, 9.441176470588236, 0.0, 1.0]
1571	MoeSQLmosa	1	1	[8.441176470588236, 0.0, 1.0, 9.441176470588236, 9.441176470588236, 9.441176470588236, 9.441176470588236]
1571	MoeSQLmosa	2	1	[0.0, 1.0, 1.0, 1.0, 1.0, 1.0, 1.0]
1571	MoeSQLmosa	3	1	[1.7976931348623156E306, 1.7976931348623156E306, 1.7976931348623156E306, 1.7976931348623156E306, 1.7976931348623156E306, 1.7976931348623156E306, 0.0]
1571	MoeSQLmosa	4	1	[21.151231527093596, 22.151231527093596, 22.151231527093596, 0.0, 1.0, 22.151231527093596, 22.151231527093596]
1571	MoeSQLmosa	5	1	[1.7976931348623156E306, 1.7976931348623156E306, 0.0, 1.7976931348623156E306, 1.7976931348623156E306, 1.7976931348623156E306, 1.7976931348623156E306]
1571	MoeSQLmosa	6	1	[1.7976931348623156E306, 1.7976931348623156E306, 1.7976931348623156E306, 1.7976931348623156E306, 0.0, 1.7976931348623156E306, 1.7976931348623156E306]
1571	MOTGA	0	7	[0.0, 0.0, 0.0, 0.0, 0.0, 0.0, 0.0]
1572	MoeSQLmosa	0	1	[18.5, 19.5, 19.5, 0.0, 1.0]
1572	MoeSQLmosa	1	1	[3.0, 0.0, 1.0, 4.0, 4.0]
1572	MoeSQLmosa	2	1	[1.7976931348623156E306, 1.7976931348623156E306, 1.7976931348623156E306, 1.7976931348623156E306, 0.0]
1572	MoeSQLmosa	3	1	[1.7976931348623156E306, 1.7976931348623156E306, 0.0, 1.7976931348623156E306, 1.7976931348623156E306]
1572	MoeSQLmosa	4	1	[0.0, 1.0, 1.0, 1.0, 1.0]
1572	MOTGA	0	5	[0.0, 0.0, 0.0, 0.0, 0.0]
1573	MoeSQLmosa	0	2	[669.4034185936242, 646.3401263296392, 647.3401263296392, 1649.4034185936243, 1462.4034185936243, 1043.4034185936243, 1651.4034185936243, 1464.4034185936243, 1043.4034185936243, 669.4034185936242, 856.4034185936242, 670.4034185936242, 1277.4034185936243, 670.4034185936242, 680.404991975318, 709.431196371402, 667.4034185936242, 668.4034185936242, 669.4034185936242, 0.0, 1.0, 632.063292263985]
1573	MoeSQLmosa	1	2	[1.7976931348623156E306, 1.7976931348623156E306, 1.7976931348623156E306, 3.595386269724631E306, 3.595386269724631E306, 3.595386269724631E306, 3.595386269724631E306, 3.595386269724631E306, 3.595386269724631E306, 1.7976931348623156E306, 3.595386269724631E306, 3.595386269724631E306, 3.595386269724631E306, 3.595386269724631E306, 3.595386269724631E306, 3.595386269724631E306, 3.595386269724631E306, 3.595386269724631E306, 3.595386269724631E306, 1.0, 0.0, 1.7976931348623156E306]
1573	MoeSQLmosa	2	2	[15.522606488119507, 0.0, 1.0, 185.5226064881195, 728.5226064881195, 353.5226064881195, 183.5226064881195, 728.5226064881195, 353.5226064881195, 1066.5226064881194, 523.5226064881195, 524.5226064881195, 896.5226064881195, 1647.5226064881194, 25.014331594153823, 26.45593982145284, 21.522606488119507, 20.522606488119507, 19.522606488119507, 2.0, 3.0, 15.522606488119507]
1573	MoeSQLmosa	3	2	[154.0, 155.0, 155.0, 154.0, 0.0, 475.0, 156.0, 0.0, 479.0, 323.0, 477.0, 968.0, 0.0, 1.0, 168.54701544585447, 174.60361247947455, 163.0, 162.0, 161.0, 156.0, 157.0, 2.0]
1573	MoeSQLmosa	4	2	[1.0, 2.0, 2.0, 108.0, 213.0, 720.0, 106.0, 213.0, 720.0, 932.0, 827.0, 1842.0, 318.0, 319.0, 21.10105961170358, 21.60361247947455, 1.0, 0.0, 1.0, 2.0, 3.0, 1.0]
1573	MoeSQLmosa	5	2	[275.7677262783702, 276.7677262783702, 276.7677262783702, 275.7677262783702, 20.767726278370247, 604.7677262783702, 277.7677262783702, 20.767726278370247, 608.7677262783702, 351.7677262783702, 606.7677262783702, 1012.7677262783702, 20.767726278370247, 21.767726278370247, 296.53545255674044, 296.3713387578448, 278.7677262783702, 277.7677262783702, 276.7677262783702, 255.0, 256.0, 0.0]
1573	MoeSQLmosa	6	2	[0.0, 1.0, 1.0, 107.0, 212.0, 719.0, 105.0, 212.0, 719.0, 931.0, 826.0, 1841.0, 317.0, 318.0, 20.10105961170358, 20.60361247947455, 9.0, 8.0, 7.0, 2.0, 3.0, 2.0]
1573	MoeSQLmosa	7	2	[169.0, 170.0, 170.0, 169.0, 649.0, 0.0, 171.0, 653.0, 0.0, 480.0, 0.0, 1.0, 651.0, 1443.0, 191.55474386724387, 189.60361247947455, 178.0, 177.0, 176.0, 171.0, 172.0, 2.0]
1573	MoeSQLmosa	8	2	[1.0, 2.0, 2.0, 617.0, 369.0, 434.0, 621.0, 371.0, 436.0, 1.0, 249.0, 2.0, 186.0, 2.0, 0.0, 21.60361247947455, 10.0, 9.0, 8.0, 3.0, 4.0, 2.0]
1573	MoeSQLmosa	9	2	[1.7976931348623156E306, 1.7976931348623156E306, 0.0, 1.7976931348623156E306, 1.7976931348623156E306, 1.7976931348623156E306, 1.7976931348623156E306, 1.7976931348623156E306, 1.7976931348623156E306, 1.7976931348623156E306, 1.7976931348623156E306, 1.7976931348623156E306, 1.7976931348623156E306, 1.7976931348623156E306, 1.7976931348623156E306, 1.7976931348623156E306, 1.7976931348623156E306, 1.7976931348623156E306, 1.7976931348623156E306, 2.0, 3.0, 1.7976931348623156E306]
1573	MoeSQLmosa	10	2	[1.0, 2.0, 2.0, 177.0, 351.0, 618.0, 175.0, 351.0, 618.0, 968.0, 794.0, 1329.0, 525.0, 526.0, 21.10105961170358, 0.0, 27.0, 26.0, 25.0, 2.0, 3.0, 1.0]
1573	MoeSQLmosa	11	2	[0.0, 1.0, 1.0, 693.0, 324.0, 532.0, 697.0, 326.0, 534.0, 0.0, 369.0, 1.0, 163.0, 1.0, 20.767726278370247, 20.60361247947455, 9.0, 8.0, 7.0, 2.0, 3.0, 2.0]
1573	MoeSQLmosa	12	2	[1.7976931348623156E306, 1.7976931348623156E306, 1.7976931348623156E306, 3.595386269724631E306, 1.7976931348623156E306, 3.595386269724631E306, 3.595386269724631E306, 1.7976931348623156E306, 3.595386269724631E306, 1.7976931348623156E306, 1.7976931348623156E306, 5.393079404586947E306, 1.7976931348623156E306, 0.0, 1.7976931348623156E306, 1.7976931348623156E306, 1.7976931348623156E306, 1.7976931348623156E306, 1.7976931348623156E306, 1.7976931348623156E306, 1.7976931348623156E306, 2.0]
1573	MoeSQLmosa	13	2	[1.7976931348623156E306, 1.7976931348623156E306, 1.7976931348623156E306, 3.595386269724631E306, 3.595386269724631E306, 1.7976931348623156E306, 3.595386269724631E306, 3.595386269724631E306, 1.7976931348623156E306, 1.7976931348623156E306, 1.7976931348623156E306, 0.0, 1.7976931348623156E306, 5.393079404586947E306, 1.7976931348623156E306, 1.7976931348623156E306, 1.7976931348623156E306, 1.7976931348623156E306, 1.7976931348623156E306, 1.7976931348623156E306, 1.7976931348623156E306, 2.0]
1573	MoeSQLmosa	14	2	[0.0, 1.0, 1.0, 99.0, 198.0, 716.0, 99.0, 198.0, 718.0, 916.0, 817.0, 1856.0, 297.0, 298.0, 20.10105961170358, 20.60361247947455, 2.0, 1.0, 0.0, 2.0, 3.0, 2.0]
1573	MoeSQLmosa	15	2	[2.0, 3.0, 3.0, 103.0, 204.0, 715.0, 103.0, 204.0, 717.0, 919.0, 818.0, 1843.0, 305.0, 306.0, 23.09861111111111, 22.60361247947455, 0.0, 1.0, 2.0, 2.0, 3.0, 2.0]
1573	MoeSQLmosa	16	2	[0.0, 1.0, 1.0, 135.0, 67.0, 738.0, 0.0, 67.0, 601.0, 668.0, 736.0, 1806.0, 67.0, 68.0, 21.084392945036914, 20.60361247947455, 9.0, 8.0, 7.0, 2.0, 3.0, 2.0]
1573	MOTGA	0	32	[0.0, 0.0, 0.0, 99.0, 0.0, 0.0, 0.0, 0.0, 0.0, 0.0, 0.0, 0.0, 0.0, 0.0, 0.0, 0.0, 0.0, 0.0, 0.0, 0.0, 0.0, 2.0]
1574	MoeSQLmosa	0	3	[0.0]
1574	MOTGA	0	3	[0.0]
1576	MoeSQLmosa	0	1	[23.255405699164076, 24.255405699164076, 24.255405699164076, 0.0, 1.0, 24.255405699164076, 24.255405699164076, 34.221221256156106]
1576	MoeSQLmosa	1	1	[9.793946775753042, 0.0, 1.0, 10.793946775753042, 10.793946775753042, 10.793946775753042, 10.793946775753042, 19.49382490814807]
1576	MoeSQLmosa	2	1	[0.0, 1.0, 1.0, 1.0, 1.0, 1.0, 1.0, 9.699878132395026]
1576	MoeSQLmosa	3	1	[1.7976931348623156E306, 1.7976931348623156E306, 1.7976931348623156E306, 1.7976931348623156E306, 0.0, 1.7976931348623156E306, 1.7976931348623156E306, 1.7976931348623156E306]
1576	MoeSQLmosa	4	1	[10.021969973572254, 11.021969973572254, 11.021969973572254, 11.021969973572254, 11.021969973572254, 0.0, 1.0, 11.021969973572254]
1576	MoeSQLmosa	5	1	[1.0, 2.0, 2.0, 2.0, 2.0, 2.0, 2.0, 0.0]
1576	MoeSQLmosa	6	1	[1.7976931348623156E306, 1.7976931348623156E306, 1.7976931348623156E306, 1.7976931348623156E306, 1.7976931348623156E306, 1.7976931348623156E306, 0.0, 1.7976931348623156E306]
1576	MoeSQLmosa	7	1	[1.7976931348623156E306, 1.7976931348623156E306, 0.0, 1.7976931348623156E306, 1.7976931348623156E306, 1.7976931348623156E306, 1.7976931348623156E306, 1.7976931348623156E306]
1576	MOTGA	0	8	[0.0, 0.0, 0.0, 0.0, 0.0, 0.0, 0.0, 0.0]
1577	MoeSQLmosa	0	2	[0.0, 0.0, 1.0]
1577	MoeSQLmosa	1	1	[1.7976931348623156E306, 1.7976931348623156E306, 0.0]
1577	MOTGA	0	3	[0.0, 0.0, 0.0]
1578	MoeSQLmosa	0	1	[1.0, 0.0, 1.0]
1578	MoeSQLmosa	1	2	[0.0, 13.991870466135174, 0.0]
1578	MOTGA	0	3	[0.0, 0.0, 0.0]
1579	MoeSQLmosa	0	1	[13.25, 14.25, 14.25, 0.0, 1.0, 14.25, 14.25, 21.90185416922259]
1579	MoeSQLmosa	1	1	[32.458333333333336, 33.458333333333336, 33.458333333333336, 33.458333333333336, 33.458333333333336, 0.0, 1.0, 46.722576769933106]
1579	MoeSQLmosa	2	1	[9.864256673558998, 0.0, 1.0, 10.864256673558998, 10.864256673558998, 10.864256673558998, 10.864256673558998, 19.08684340055749]
1579	MoeSQLmosa	3	1	[0.0, 1.0, 1.0, 1.0, 1.0, 1.0, 1.0, 8.651854169222592]
1579	MoeSQLmosa	4	1	[1.0, 2.0, 2.0, 2.0, 2.0, 2.0, 2.0, 0.0]
1579	MoeSQLmosa	5	1	[1.7976931348623156E306, 1.7976931348623156E306, 1.7976931348623156E306, 1.7976931348623156E306, 0.0, 1.7976931348623156E306, 1.7976931348623156E306, 1.7976931348623156E306]
1579	MoeSQLmosa	6	1	[1.7976931348623156E306, 1.7976931348623156E306, 1.7976931348623156E306, 1.7976931348623156E306, 1.7976931348623156E306, 1.7976931348623156E306, 0.0, 1.7976931348623156E306]
1579	MoeSQLmosa	7	1	[1.7976931348623156E306, 1.7976931348623156E306, 0.0, 1.7976931348623156E306, 1.7976931348623156E306, 1.7976931348623156E306, 1.7976931348623156E306, 1.7976931348623156E306]
1579	MOTGA	0	8	[0.0, 0.0, 0.0, 0.0, 0.0, 0.0, 0.0, 0.0]
1580	MoeSQLmosa	0	1	[1.0, 0.0, 1.0, 0.0, 1.0]
1580	MoeSQLmosa	1	1	[33.10260651629073, 32.10260651629073, 33.10260651629073, 32.10260651629073, 0.0]
1580	MoeSQLmosa	2	1	[0.0, 1.0, 2.0, 1.0, 2.0]
1580	MoeSQLmosa	3	1	[2.0, 1.0, 0.0, 1.0, 2.0]
1580	MOTGA	0	4	[0.0, 0.0, 0.0, 0.0, 0.0]
1581	MoeSQLmosa	0	2	[0.0, 0.0, 1.0]
1581	MoeSQLmosa	1	1	[1.7976931348623156E306, 1.7976931348623156E306, 0.0]
1581	MOTGA	0	3	[0.0, 0.0, 0.0]
1582	MoeSQLmosa	0	1	[24.01373531325132, 0.0, 1.0, 25.01373531325132, 25.01373531325132, 25.01373531325132, 25.01373531325132]
1582	MoeSQLmosa	1	1	[1.7976931348623156E306, 1.7976931348623156E306, 0.0, 1.7976931348623156E306, 1.7976931348623156E306, 1.7976931348623156E306, 1.7976931348623156E306]
1582	MoeSQLmosa	2	1	[9.747779303525117, 10.747779303525117, 10.747779303525117, 10.747779303525117, 10.747779303525117, 0.0, 1.0]
1582	MoeSQLmosa	3	1	[8.362597125097125, 9.362597125097125, 9.362597125097125, 0.0, 1.0, 9.362597125097125, 9.362597125097125]
1582	MoeSQLmosa	4	1	[0.0, 1.0, 1.0, 1.0, 1.0, 1.0, 1.0]
1582	MoeSQLmosa	5	1	[1.7976931348623156E306, 1.7976931348623156E306, 1.7976931348623156E306, 1.7976931348623156E306, 0.0, 1.7976931348623156E306, 1.7976931348623156E306]
1582	MoeSQLmosa	6	1	[1.7976931348623156E306, 1.7976931348623156E306, 1.7976931348623156E306, 1.7976931348623156E306, 1.7976931348623156E306, 1.7976931348623156E306, 0.0]
1582	MOTGA	0	7	[0.0, 0.0, 0.0, 0.0, 0.0, 0.0, 0.0]
1583	MoeSQLmosa	0	2	[0.0, 0.0]
1583	MOTGA	0	2	[0.0, 0.0]
1584	MoeSQLmosa	0	2	[0.0, 0.0]
1584	MOTGA	0	2	[0.0, 0.0]
1586	MoeSQLmosa	0	1	[17.888163241131867, 18.888163241131867, 18.888163241131867, 0.0, 1.0, 18.888163241131867, 18.888163241131867]
1586	MoeSQLmosa	1	1	[32.03955473210281, 0.0, 1.0, 33.03955473210281, 33.03955473210281, 33.03955473210281, 33.03955473210281]
1586	MoeSQLmosa	2	1	[16.956521739130434, 17.956521739130434, 17.956521739130434, 17.956521739130434, 17.956521739130434, 0.0, 1.0]
1586	MoeSQLmosa	3	1	[0.0, 1.0, 1.0, 1.0, 1.0, 1.0, 1.0]
1586	MoeSQLmosa	4	1	[1.7976931348623156E306, 1.7976931348623156E306, 1.7976931348623156E306, 1.7976931348623156E306, 0.0, 1.7976931348623156E306, 1.7976931348623156E306]
1586	MoeSQLmosa	5	1	[1.7976931348623156E306, 1.7976931348623156E306, 1.7976931348623156E306, 1.7976931348623156E306, 1.7976931348623156E306, 1.7976931348623156E306, 0.0]
1586	MoeSQLmosa	6	1	[1.7976931348623156E306, 1.7976931348623156E306, 0.0, 1.7976931348623156E306, 1.7976931348623156E306, 1.7976931348623156E306, 1.7976931348623156E306]
1586	MOTGA	0	7	[0.0, 0.0, 0.0, 0.0, 0.0, 0.0, 0.0]
1587	MoeSQLmosa	0	1	[1.0, 0.0]
1587	MoeSQLmosa	1	1	[0.0, 18.837334250265286]
1587	MOTGA	0	2	[0.0, 0.0]
1588	MoeSQLmosa	0	3	[0.0, 2.0, 2.0, 2.0]
1588	MoeSQLmosa	1	2	[9.64737088580665, 0.0, 0.0, 1.0]
1588	MoeSQLmosa	2	2	[1.7976931348623156E306, 0.0, 1.0, 0.0]
1588	MOTGA	0	4	[0.0, 0.0, 2.0, 1.0]
1589	MoeSQLmosa	0	2	[0.0, 0.0]
1589	MOTGA	0	2	[0.0, 0.0]
1590	MoeSQLmosa	0	1	[34.72222222222223, 35.72222222222223, 35.72222222222223, 35.72222222222223, 35.72222222222223, 0.0, 1.0]
1590	MoeSQLmosa	1	1	[10.646692309192309, 0.0, 1.0, 11.646692309192309, 11.646692309192309, 11.646692309192309, 11.646692309192309]
1590	MoeSQLmosa	2	1	[16.54035576669022, 17.54035576669022, 17.54035576669022, 0.0, 1.0, 17.54035576669022, 17.54035576669022]
1590	MoeSQLmosa	3	1	[0.0, 1.0, 1.0, 1.0, 1.0, 1.0, 1.0]
1590	MoeSQLmosa	4	1	[1.7976931348623156E306, 1.7976931348623156E306, 1.7976931348623156E306, 1.7976931348623156E306, 1.7976931348623156E306, 1.7976931348623156E306, 0.0]
1590	MoeSQLmosa	5	1	[1.7976931348623156E306, 1.7976931348623156E306, 1.7976931348623156E306, 1.7976931348623156E306, 0.0, 1.7976931348623156E306, 1.7976931348623156E306]
1590	MoeSQLmosa	6	1	[1.7976931348623156E306, 1.7976931348623156E306, 0.0, 1.7976931348623156E306, 1.7976931348623156E306, 1.7976931348623156E306, 1.7976931348623156E306]
1590	MOTGA	0	7	[0.0, 0.0, 0.0, 0.0, 0.0, 0.0, 0.0]
1591	MoeSQLmosa	0	1	[1.0, 0.0]
1591	MoeSQLmosa	1	1	[0.0, 19.659018445322793]
1591	MOTGA	0	2	[0.0, 0.0]
1594	MoeSQLmosa	0	1	[19.0, 18.0, 19.0, 23.786538461538463, 27.130555555555553, 20.0, 20.0, 21.0, 20.0, 19.0, 19.0, 18.0, 19.0, 19.0, 18.0, 19.0, 18.0, 19.0, 19.0, 19.0, 0.0, 19.0, 19.0, 19.0, 19.0, 19.0, 18.0, 19.0, 18.0, 19.0, 18.0, 19.0, 18.0, 19.0, 0.0, 1.0, 19.0, 18.0, 18.0, 19.0, 18.0, 19.0, 18.0, 19.0, 18.0, 19.0]
1594	MoeSQLmosa	1	1	[2.0, 18.0, 3.0, 20.0, 1.0, 3.0, 3.0, 3.0, 2.0, 1.0, 2.0, 1.0, 2.0, 2.0, 1.0, 0.0, 1.0, 2.0, 2.0, 2.0, 2.0, 2.0, 2.0, 2.0, 2.0, 2.0, 2.0, 3.0, 1.0, 2.0, 1.0, 2.0, 1.0, 2.0, 1.0, 2.0, 1.0, 2.0, 2.0, 1.0, 1.0, 2.0, 2.0, 1.0, 1.0, 2.0]
1594	MoeSQLmosa	2	1	[12.680316686314434, 28.63154821340803, 13.680316686314434, 28.73984049583824, 11.680316686314434, 13.680316686314434, 13.680316686314434, 13.680316686314434, 12.680316686314434, 11.680316686314434, 12.680316686314434, 11.680316686314434, 12.680316686314434, 12.680316686314434, 11.680316686314434, 12.680316686314434, 11.680316686314434, 12.680316686314434, 0.0, 12.680316686314434, 12.680316686314434, 12.680316686314434, 12.680316686314434, 12.680316686314434, 12.680316686314434, 12.680316686314434, 12.680316686314434, 13.680316686314434, 11.680316686314434, 12.680316686314434, 0.0, 1.0, 11.680316686314434, 12.680316686314434, 11.680316686314434, 12.680316686314434, 11.680316686314434, 12.680316686314434, 12.680316686314434, 11.680316686314434, 11.680316686314434, 12.680316686314434, 12.680316686314434, 11.680316686314434, 11.680316686314434, 12.680316686314434]
1594	MoeSQLmosa	3	1	[2.0, 18.0, 3.0, 20.0, 1.0, 3.0, 3.0, 3.0, 2.0, 1.0, 0.0, 1.0, 2.0, 2.0, 1.0, 2.0, 1.0, 2.0, 2.0, 2.0, 2.0, 2.0, 2.0, 2.0, 2.0, 2.0, 2.0, 3.0, 1.0, 2.0, 1.0, 2.0, 1.0, 2.0, 1.0, 2.0, 1.0, 2.0, 1.0, 2.0, 1.0, 2.0, 1.0, 2.0, 1.0, 2.0]
1594	MoeSQLmosa	4	1	[17.0, 33.0, 18.0, 35.0, 16.0, 18.0, 18.0, 18.0, 17.0, 16.0, 17.0, 16.0, 17.0, 17.0, 16.0, 17.0, 16.0, 17.0, 17.0, 17.0, 17.0, 17.0, 0.0, 17.0, 17.0, 17.0, 17.0, 18.0, 16.0, 17.0, 16.0, 17.0, 16.0, 17.0, 16.0, 17.0, 16.0, 17.0, 0.0, 1.0, 16.0, 17.0, 17.0, 16.0, 16.0, 17.0]
1594	MoeSQLmosa	5	1	[16.0, 32.0, 17.0, 34.0, 15.0, 17.0, 17.0, 18.0, 17.0, 16.0, 16.0, 15.0, 16.0, 16.0, 15.0, 16.0, 15.0, 16.0, 16.0, 16.0, 16.0, 0.0, 16.0, 16.0, 16.0, 16.0, 16.0, 17.0, 15.0, 16.0, 15.0, 16.0, 15.0, 16.0, 15.0, 16.0, 0.0, 1.0, 15.0, 16.0, 15.0, 16.0, 15.0, 16.0, 15.0, 16.0]
1594	MoeSQLmosa	6	1	[6.0, 22.0, 7.0, 24.0, 5.0, 7.0, 7.0, 10.0, 9.0, 8.0, 6.0, 5.0, 6.0, 6.0, 5.0, 6.0, 5.0, 6.0, 6.0, 6.0, 6.0, 6.0, 6.0, 6.0, 0.0, 6.0, 6.0, 7.0, 5.0, 6.0, 5.0, 6.0, 5.0, 6.0, 5.0, 6.0, 5.0, 6.0, 6.0, 5.0, 5.0, 6.0, 0.0, 1.0, 5.0, 6.0]
1594	MoeSQLmosa	7	1	[2.0, 18.0, 3.0, 20.0, 1.0, 3.0, 3.0, 3.0, 2.0, 1.0, 2.0, 1.0, 0.0, 2.0, 1.0, 2.0, 1.0, 2.0, 2.0, 2.0, 2.0, 2.0, 2.0, 2.0, 2.0, 2.0, 2.0, 3.0, 1.0, 2.0, 1.0, 2.0, 1.0, 2.0, 1.0, 2.0, 1.0, 2.0, 2.0, 1.0, 1.0, 2.0, 2.0, 1.0, 1.0, 2.0]
1594	MoeSQLmosa	8	1	[9.873809523809525, 25.873809523809527, 10.873809523809525, 27.873809523809527, 8.873809523809525, 10.873809523809525, 10.873809523809525, 10.873809523809525, 9.873809523809525, 8.873809523809525, 9.873809523809525, 8.873809523809525, 9.873809523809525, 9.873809523809525, 8.873809523809525, 9.873809523809525, 8.873809523809525, 0.0, 9.873809523809525, 9.873809523809525, 9.873809523809525, 9.873809523809525, 9.873809523809525, 9.873809523809525, 9.873809523809525, 9.873809523809525, 9.873809523809525, 10.873809523809525, 0.0, 1.0, 8.873809523809525, 9.873809523809525, 8.873809523809525, 9.873809523809525, 8.873809523809525, 9.873809523809525, 8.873809523809525, 9.873809523809525, 9.873809523809525, 8.873809523809525, 8.873809523809525, 9.873809523809525, 9.873809523809525, 8.873809523809525, 8.873809523809525, 9.873809523809525]
1594	MoeSQLmosa	9	1	[0.0, 16.0, 1.0, 18.0, 15.0, 1.0, 1.0, 4.0, 3.0, 2.0, 2.0, 1.0, 2.0, 2.0, 1.0, 2.0, 1.0, 2.0, 2.0, 2.0, 2.0, 2.0, 2.0, 2.0, 2.0, 2.0, 1.0, 2.0, 1.0, 2.0, 1.0, 2.0, 1.0, 2.0, 1.0, 2.0, 1.0, 2.0, 1.0, 2.0, 1.0, 2.0, 1.0, 2.0, 1.0, 2.0]
1594	MoeSQLmosa	10	1	[1.7976931348623156E306, 1.7976931348623156E306, 0.0, 1.7976931348623156E306, 3.595386269724631E306, 3.595386269724631E306, 3.595386269724631E306, 1.7976931348623156E306, 1.7976931348623156E306, 1.7976931348623156E306, 1.7976931348623156E306, 1.7976931348623156E306, 1.7976931348623156E306, 1.7976931348623156E306, 1.7976931348623156E306, 1.7976931348623156E306, 1.7976931348623156E306, 1.7976931348623156E306, 1.7976931348623156E306, 1.7976931348623156E306, 1.7976931348623156E306, 1.7976931348623156E306, 1.7976931348623156E306, 1.7976931348623156E306, 1.7976931348623156E306, 1.7976931348623156E306, 1.7976931348623156E306, 1.7976931348623156E306, 1.7976931348623156E306, 1.7976931348623156E306, 1.7976931348623156E306, 1.7976931348623156E306, 1.7976931348623156E306, 1.7976931348623156E306, 1.7976931348623156E306, 1.7976931348623156E306, 1.7976931348623156E306, 1.7976931348623156E306, 1.7976931348623156E306, 1.7976931348623156E306, 1.7976931348623156E306, 1.7976931348623156E306, 1.7976931348623156E306, 1.7976931348623156E306, 1.7976931348623156E306, 1.7976931348623156E306]
1594	MoeSQLmosa	11	1	[2.0, 6.786538461538462, 2.0, 1.0, 11.189985994397759, 3.0, 3.0, 1.0, 0.0, 1.0, 2.0, 1.0, 2.0, 2.0, 1.0, 2.0, 1.0, 2.0, 2.0, 2.0, 2.0, 2.0, 2.0, 2.0, 2.0, 2.0, 1.0, 2.0, 1.0, 2.0, 1.0, 2.0, 1.0, 2.0, 1.0, 2.0, 1.0, 2.0, 1.0, 2.0, 1.0, 2.0, 1.0, 2.0, 1.0, 2.0]
1594	MoeSQLmosa	12	1	[7.0, 11.786538461538463, 7.0, 6.0, 22.0, 8.0, 8.0, 8.0, 7.0, 6.0, 7.0, 6.0, 7.0, 7.0, 6.0, 7.0, 6.0, 7.0, 7.0, 7.0, 7.0, 7.0, 7.0, 0.0, 7.0, 7.0, 7.0, 6.0, 6.0, 7.0, 6.0, 7.0, 6.0, 7.0, 6.0, 7.0, 6.0, 7.0, 6.0, 7.0, 0.0, 1.0, 7.0, 6.0, 6.0, 7.0]
1594	MoeSQLmosa	13	1	[1.0, 5.786538461538462, 1.0, 0.0, 16.0, 2.0, 2.0, 2.0, 1.0, 0.0, 1.0, 0.0, 1.0, 1.0, 0.0, 1.0, 0.0, 1.0, 1.0, 1.0, 1.0, 1.0, 1.0, 1.0, 1.0, 1.0, 1.0, 0.0, 0.0, 1.0, 0.0, 1.0, 1.0, 0.0, 1.0, 0.0, 0.0, 1.0, 0.0, 1.0, 0.0, 1.0, 1.0, 0.0, 0.0, 1.0]
1594	MoeSQLmosa	14	1	[1.0, 5.786538461538462, 1.0, 0.0, 10.189985994397759, 2.0, 2.0, 2.0, 1.0, 0.0, 1.0, 0.0, 1.0, 1.0, 0.0, 1.0, 0.0, 1.0, 1.0, 1.0, 1.0, 1.0, 1.0, 1.0, 1.0, 1.0, 0.0, 1.0, 0.0, 1.0, 0.0, 1.0, 0.0, 1.0, 0.0, 1.0, 1.0, 0.0, 0.0, 1.0, 0.0, 1.0, 1.0, 0.0, 1.0, 0.0]
1594	MoeSQLmosa	15	1	[1.0, 10.150892857142857, 2.0, 8.898809523809526, 0.0, 2.0, 2.0, 3.0, 2.0, 1.0, 1.0, 0.0, 1.0, 1.0, 0.0, 1.0, 0.0, 1.0, 1.0, 1.0, 1.0, 1.0, 1.0, 1.0, 1.0, 1.0, 1.0, 2.0, 0.0, 1.0, 0.0, 1.0, 0.0, 1.0, 0.0, 1.0, 0.0, 1.0, 0.0, 1.0, 1.0, 0.0, 0.0, 1.0, 0.0, 1.0]
1594	MoeSQLmosa	16	1	[2.0, 11.150892857142857, 3.0, 9.898809523809526, 1.0, 3.0, 3.0, 4.0, 3.0, 2.0, 2.0, 1.0, 2.0, 0.0, 1.0, 2.0, 1.0, 2.0, 2.0, 2.0, 2.0, 2.0, 2.0, 2.0, 2.0, 2.0, 2.0, 3.0, 1.0, 2.0, 2.0, 1.0, 1.0, 2.0, 1.0, 2.0, 1.0, 2.0, 1.0, 2.0, 2.0, 1.0, 1.0, 2.0, 1.0, 2.0]
1594	MoeSQLmosa	17	1	[1.0, 17.0, 2.0, 19.0, 0.0, 2.0, 2.0, 2.0, 1.0, 0.0, 1.0, 0.0, 1.0, 1.0, 0.0, 1.0, 0.0, 1.0, 1.0, 1.0, 1.0, 1.0, 1.0, 1.0, 1.0, 1.0, 1.0, 2.0, 1.0, 0.0, 0.0, 1.0, 0.0, 1.0, 0.0, 1.0, 0.0, 1.0, 0.0, 1.0, 0.0, 1.0, 1.0, 0.0, 0.0, 1.0]
1594	MoeSQLmosa	18	1	[22.0, 26.786538461538463, 22.0, 21.0, 37.0, 23.0, 23.0, 23.0, 22.0, 21.0, 22.0, 21.0, 22.0, 22.0, 21.0, 22.0, 21.0, 22.0, 22.0, 0.0, 22.0, 22.0, 22.0, 22.0, 22.0, 22.0, 22.0, 21.0, 21.0, 22.0, 21.0, 22.0, 0.0, 1.0, 22.0, 21.0, 21.0, 22.0, 21.0, 22.0, 21.0, 22.0, 22.0, 21.0, 21.0, 22.0]
1594	MoeSQLmosa	19	1	[14.65436507936508, 23.805257936507935, 15.65436507936508, 22.553174603174604, 13.65436507936508, 15.65436507936508, 15.65436507936508, 16.65436507936508, 15.65436507936508, 14.65436507936508, 14.65436507936508, 13.65436507936508, 14.65436507936508, 14.65436507936508, 13.65436507936508, 14.65436507936508, 13.65436507936508, 14.65436507936508, 14.65436507936508, 14.65436507936508, 14.65436507936508, 14.65436507936508, 14.65436507936508, 14.65436507936508, 14.65436507936508, 0.0, 14.65436507936508, 15.65436507936508, 13.65436507936508, 14.65436507936508, 13.65436507936508, 14.65436507936508, 13.65436507936508, 14.65436507936508, 13.65436507936508, 14.65436507936508, 13.65436507936508, 14.65436507936508, 13.65436507936508, 14.65436507936508, 14.65436507936508, 13.65436507936508, 13.65436507936508, 14.65436507936508, 0.0, 1.0]
1594	MoeSQLmosa	20	1	[1.0, 0.0, 1.0, 5.786538461538462, 10.189985994397759, 2.0, 2.0, 2.0, 1.0, 0.0, 1.0, 0.0, 1.0, 1.0, 0.0, 1.0, 0.0, 1.0, 1.0, 1.0, 1.0, 1.0, 1.0, 1.0, 1.0, 1.0, 0.0, 1.0, 0.0, 1.0, 0.0, 1.0, 0.0, 1.0, 0.0, 1.0, 0.0, 1.0, 0.0, 1.0, 0.0, 1.0, 1.0, 0.0, 0.0, 1.0]
1594	MoeSQLmosa	21	1	[1.0, 5.786538461538462, 1.0, 0.0, 16.0, 2.0, 2.0, 2.0, 1.0, 0.0, 1.0, 0.0, 1.0, 1.0, 0.0, 1.0, 0.0, 1.0, 1.0, 1.0, 1.0, 1.0, 1.0, 1.0, 1.0, 1.0, 1.0, 0.0, 0.0, 1.0, 1.0, 0.0, 1.0, 0.0, 1.0, 0.0, 0.0, 1.0, 0.0, 1.0, 0.0, 1.0, 1.0, 0.0, 0.0, 1.0]
1594	MoeSQLmosa	22	1	[1.0, 5.786538461538462, 1.0, 0.0, 16.0, 2.0, 2.0, 2.0, 1.0, 0.0, 1.0, 0.0, 1.0, 1.0, 0.0, 1.0, 0.0, 1.0, 1.0, 1.0, 1.0, 1.0, 1.0, 1.0, 1.0, 1.0, 0.0, 1.0, 0.0, 1.0, 0.0, 1.0, 0.0, 1.0, 0.0, 1.0, 0.0, 1.0, 1.0, 0.0, 0.0, 1.0, 1.0, 0.0, 1.0, 0.0]
1594	MoeSQLmosa	23	1	[3.0, 7.786538461538462, 3.0, 2.0, 12.189985994397759, 4.0, 4.0, 0.0, 1.0, 2.0, 3.0, 2.0, 3.0, 3.0, 2.0, 3.0, 2.0, 3.0, 3.0, 3.0, 3.0, 3.0, 3.0, 3.0, 3.0, 3.0, 2.0, 3.0, 2.0, 3.0, 2.0, 3.0, 2.0, 3.0, 2.0, 3.0, 2.0, 3.0, 2.0, 3.0, 2.0, 3.0, 2.0, 3.0, 2.0, 3.0]
1594	MoeSQLmosa	24	1	[1.0, 17.0, 2.0, 19.0, 10.189985994397759, 0.0, 0.0, 2.0, 1.0, 0.0, 1.0, 0.0, 1.0, 1.0, 0.0, 1.0, 0.0, 1.0, 1.0, 1.0, 1.0, 1.0, 1.0, 1.0, 1.0, 1.0, 0.0, 1.0, 0.0, 1.0, 0.0, 1.0, 0.0, 1.0, 0.0, 1.0, 0.0, 1.0, 0.0, 1.0, 0.0, 1.0, 0.0, 1.0, 1.0, 0.0]
1594	MOTGA	0	24	[0.0, 0.0, 0.0, 0.0, 0.0, 0.0, 0.0, 0.0, 0.0, 0.0, 0.0, 0.0, 0.0, 0.0, 0.0, 0.0, 0.0, 0.0, 0.0, 0.0, 0.0, 0.0, 0.0, 0.0, 0.0, 0.0, 0.0, 0.0, 0.0, 0.0, 0.0, 0.0, 0.0, 0.0, 0.0, 0.0, 0.0, 0.0, 0.0, 0.0, 0.0, 0.0, 0.0, 0.0, 0.0, 0.0]
1595	MoeSQLmosa	0	1	[30.487066486162252, 31.487066486162252, 31.487066486162252, 31.487066486162252, 31.487066486162252, 0.0, 1.0]
1595	MoeSQLmosa	1	1	[37.291820292710376, 38.291820292710376, 38.291820292710376, 0.0, 1.0, 38.291820292710376, 38.291820292710376]
1595	MoeSQLmosa	2	1	[12.357977447389212, 0.0, 1.0, 13.357977447389212, 13.357977447389212, 13.357977447389212, 13.357977447389212]
1595	MoeSQLmosa	3	1	[0.0, 1.0, 1.0, 1.0, 1.0, 1.0, 1.0]
1595	MoeSQLmosa	4	1	[1.7976931348623156E306, 1.7976931348623156E306, 0.0, 1.7976931348623156E306, 1.7976931348623156E306, 1.7976931348623156E306, 1.7976931348623156E306]
1595	MoeSQLmosa	5	1	[1.7976931348623156E306, 1.7976931348623156E306, 1.7976931348623156E306, 1.7976931348623156E306, 1.7976931348623156E306, 1.7976931348623156E306, 0.0]
1595	MoeSQLmosa	6	1	[1.7976931348623156E306, 1.7976931348623156E306, 1.7976931348623156E306, 1.7976931348623156E306, 0.0, 1.7976931348623156E306, 1.7976931348623156E306]
1595	MOTGA	0	7	[0.0, 0.0, 0.0, 0.0, 0.0, 0.0, 0.0]
1596	MoeSQLmosa	0	1	[0.0, 30.980555555555558]
1596	MoeSQLmosa	1	1	[1.0, 0.0]
1596	MOTGA	0	2	[0.0, 0.0]
1597	MoeSQLmosa	0	1	[1.0, 0.0]
1597	MoeSQLmosa	1	1	[0.0, 23.424857320099257]
1597	MOTGA	0	2	[0.0, 0.0]
1598	MoeSQLmosa	0	1	[11.739747450617017, 12.739747450617017, 12.739747450617017, 0.0, 1.0]
1598	MoeSQLmosa	1	1	[17.98022486772487, 0.0, 1.0, 18.98022486772487, 18.98022486772487]
1598	MoeSQLmosa	2	1	[0.0, 1.0, 1.0, 1.0, 1.0]
1598	MoeSQLmosa	3	1	[1.7976931348623156E306, 1.7976931348623156E306, 0.0, 1.7976931348623156E306, 1.7976931348623156E306]
1598	MoeSQLmosa	4	1	[1.7976931348623156E306, 1.7976931348623156E306, 1.7976931348623156E306, 1.7976931348623156E306, 0.0]
1598	MOTGA	0	5	[0.0, 0.0, 0.0, 0.0, 0.0]
1600	MoeSQLmosa	0	1	[23.317439544837267, 22.317439544837267, 23.317439544837267, 22.317439544837267, 0.0, 1.0, 23.317439544837267, 23.317439544837267]
1600	MoeSQLmosa	1	1	[23.166666666666664, 22.166666666666664, 23.166666666666664, 22.166666666666664, 23.166666666666664, 23.166666666666664, 0.0, 1.0]
1600	MoeSQLmosa	2	1	[1.0, 0.0, 1.0, 0.0, 1.0, 1.0, 1.0, 1.0]
1600	MoeSQLmosa	3	1	[1.7976931348623156E306, 1.7976931348623156E306, 1.7976931348623156E306, 1.7976931348623156E306, 1.7976931348623156E306, 0.0, 1.7976931348623156E306, 1.7976931348623156E306]
1600	MoeSQLmosa	4	1	[1.7976931348623156E306, 1.7976931348623156E306, 1.7976931348623156E306, 1.7976931348623156E306, 1.7976931348623156E306, 1.7976931348623156E306, 1.7976931348623156E306, 0.0]
1600	MoeSQLmosa	5	1	[0.0, 1.0, 2.0, 1.0, 2.0, 2.0, 2.0, 2.0]
1600	MoeSQLmosa	6	1	[2.0, 1.0, 0.0, 1.0, 2.0, 2.0, 2.0, 2.0]
1600	MOTGA	0	7	[0.0, 0.0, 0.0, 0.0, 0.0, 0.0, 0.0, 0.0]
1601	MoeSQLmosa	0	1	[14.817485878537807, 0.0, 1.0, 15.817485878537807, 15.817485878537807, 15.817485878537807, 15.817485878537807, 24.150054225251935]
1601	MoeSQLmosa	1	1	[10.157142857142858, 11.157142857142858, 11.157142857142858, 11.157142857142858, 11.157142857142858, 0.0, 1.0, 19.505627705627706]
1601	MoeSQLmosa	2	1	[1.7976931348623156E306, 1.7976931348623156E306, 1.7976931348623156E306, 1.7976931348623156E306, 1.7976931348623156E306, 1.7976931348623156E306, 0.0, 1.7976931348623156E306]
1601	MoeSQLmosa	3	1	[0.0, 1.0, 1.0, 1.0, 1.0, 1.0, 1.0, 10.513163554281975]
1601	MoeSQLmosa	4	1	[1.7976931348623156E306, 1.7976931348623156E306, 0.0, 1.7976931348623156E306, 1.7976931348623156E306, 1.7976931348623156E306, 1.7976931348623156E306, 1.7976931348623156E306]
1601	MoeSQLmosa	5	1	[13.607843137254903, 14.607843137254903, 14.607843137254903, 0.0, 1.0, 14.607843137254903, 14.607843137254903, 22.098593754814733]
1601	MoeSQLmosa	6	1	[1.7976931348623156E306, 1.7976931348623156E306, 1.7976931348623156E306, 1.7976931348623156E306, 0.0, 1.7976931348623156E306, 1.7976931348623156E306, 1.7976931348623156E306]
1601	MoeSQLmosa	7	1	[1.0, 2.0, 2.0, 2.0, 2.0, 2.0, 2.0, 0.0]
1601	MOTGA	0	8	[0.0, 0.0, 0.0, 0.0, 0.0, 0.0, 0.0, 0.0]
1602	MoeSQLmosa	0	1	[0.0, 17.969137692908184]
1602	MoeSQLmosa	1	1	[1.0, 0.0]
1602	MOTGA	0	2	[0.0, 0.0]
1603	MoeSQLmosa	0	1	[2.0, 1.0, 0.0, 2.0, 1.0, 2.0]
1603	MoeSQLmosa	1	1	[1.0, 0.0, 1.0, 1.0, 0.0, 1.0]
1603	MoeSQLmosa	2	1	[0.0, 1.0, 2.0, 2.0, 1.0, 2.0]
1603	MoeSQLmosa	3	1	[2.0, 1.0, 2.0, 0.0, 1.0, 2.0]
1603	MoeSQLmosa	4	1	[2.0, 1.0, 2.0, 2.0, 1.0, 0.0]
1603	MOTGA	0	5	[0.0, 0.0, 0.0, 0.0, 0.0, 0.0]
1604	MoeSQLmosa	0	1	[1.0, 0.0, 1.0, 1.0, 2.0, 2.0, 2.0, 2.0]
1604	MoeSQLmosa	1	1	[93.54229166809625, 94.54229166809625, 95.54229166809625, 10.542291668096247, 11.542291668096247, 11.542291668096247, 0.0, 1.0]
1604	MoeSQLmosa	2	1	[1.7976931348623156E306, 1.7976931348623156E306, 1.7976931348623156E306, 1.7976931348623156E306, 1.7976931348623156E306, 0.0, 1.7976931348623156E306, 1.7976931348623156E306]
1604	MoeSQLmosa	3	2	[2.0, 1.0, 0.0, 0.0, 0.0, 1.0, 1.0, 1.0]
1604	MoeSQLmosa	4	1	[1.7976931348623156E306, 1.7976931348623156E306, 1.7976931348623156E306, 1.7976931348623156E306, 1.7976931348623156E306, 1.7976931348623156E306, 1.7976931348623156E306, 0.0]
1604	MoeSQLmosa	5	1	[0.0, 1.0, 2.0, 0.0, 1.0, 1.0, 1.0, 1.0]
1604	MOTGA	0	7	[0.0, 0.0, 0.0, 0.0, 0.0, 0.0, 0.0, 0.0]
1605	MoeSQLmosa	0	2	[17.0, 18.0, 0.0, 0.0, 0.0, 1.0]
1605	MoeSQLmosa	1	1	[14.915501165501167, 0.0, 1.0, 15.915501165501167, 14.915501165501167, 15.915501165501167]
1605	MoeSQLmosa	2	1	[0.0, 1.0, 1.0, 1.0, 0.0, 1.0]
1605	MoeSQLmosa	3	1	[0.0, 1.0, 1.0, 1.0, 1.0, 0.0]
1605	MOTGA	0	5	[0.0, 0.0, 0.0, 0.0, 0.0, 0.0]
1606	MoeSQLmosa	0	1	[1.0, 0.0]
1606	MoeSQLmosa	1	1	[0.0, 44.70155022335222]
1606	MOTGA	0	2	[0.0, 0.0]
1607	MoeSQLmosa	0	2	[0.0, 0.0]
1607	MOTGA	0	2	[0.0, 0.0]
1608	MoeSQLmosa	0	1	[20.0, 21.0, 21.0, 0.0, 1.0]
1608	MoeSQLmosa	1	1	[1.7976931348623156E306, 1.7976931348623156E306, 1.7976931348623156E306, 1.7976931348623156E306, 0.0]
1608	MoeSQLmosa	2	1	[1.0, 0.0, 1.0, 2.0, 2.0]
1608	MoeSQLmosa	3	1	[0.0, 1.0, 1.0, 1.0, 1.0]
1608	MoeSQLmosa	4	1	[1.7976931348623156E306, 1.7976931348623156E306, 0.0, 1.7976931348623156E306, 1.7976931348623156E306]
1608	MOTGA	0	5	[0.0, 0.0, 0.0, 0.0, 0.0]
1609	MoeSQLmosa	0	2	[0.0, 0.0]
1609	MOTGA	0	2	[0.0, 0.0]
1610	MoeSQLmosa	0	1	[1.0, 0.0, 1.0]
1610	MoeSQLmosa	1	1	[0.0, 10.818009118541033, 1.0]
1610	MoeSQLmosa	2	1	[1.7976931348623156E306, 1.7976931348623156E306, 0.0]
1610	MOTGA	0	3	[0.0, 0.0, 0.0]
1611	MoeSQLmosa	0	2	[0.0, 0.0]
1611	MOTGA	0	2	[0.0, 0.0]
1613	MoeSQLmosa	0	1	[0.0, 28.66559728354283, 1.0]
1613	MoeSQLmosa	1	1	[1.0, 0.0, 1.0]
1613	MoeSQLmosa	2	1	[1.7976931348623156E306, 1.7976931348623156E306, 0.0]
1613	MOTGA	0	3	[0.0, 0.0, 0.0]
1614	MoeSQLmosa	0	2	[11.32302596068076, 0.0, 1.0, 12.32302596068076, 12.32302596068076, 11.32302596068076, 1.7976931348623156E306, 1.7976931348623156E306]
1614	MoeSQLmosa	1	4	[0.0, 1.0, 0.0, 1.0, 1.0, 0.0, 0.0, 1.7976931348623156E306]
1614	MoeSQLmosa	2	2	[10.282142857142858, 11.282142857142858, 11.282142857142858, 0.0, 1.0, 10.282142857142858, 1.7976931348623156E306, 1.7976931348623156E306]
1614	MoeSQLmosa	3	2	[1.7976931348623156E306, 1.7976931348623156E306, 1.7976931348623156E306, 1.7976931348623156E306, 0.0, 1.7976931348623156E306, 3.595386269724631E306, 3.595386269724631E306]
1614	MoeSQLmosa	4	2	[0.0, 1.0, 1.0, 1.0, 1.0, 1.7976931348623156E306, 1.7976931348623156E306, 0.0]
1614	MOTGA	0	9	[0.0, 0.0, 0.0, 0.0, 0.0, 0.0, 0.0, 0.0]
1615	MoeSQLmosa	0	3	[0.0]
1615	MOTGA	0	3	[0.0]
1616	MoeSQLmosa	0	1	[1.0, 0.0]
1616	MoeSQLmosa	1	1	[0.0, 7.231900639043497]
1616	MOTGA	0	2	[0.0, 0.0]
1617	MoeSQLmosa	0	1	[0.0, 43.1718475541182]
1617	MoeSQLmosa	1	1	[1.0, 0.0]
1617	MOTGA	0	2	[0.0, 0.0]
1618	MoeSQLmosa	0	1	[0.0, 14.554240231446114]
1618	MoeSQLmosa	1	1	[1.0, 0.0]
1618	MOTGA	0	2	[0.0, 0.0]
1619	MoeSQLmosa	0	2	[0.0, 30.494805194805195, 0.0]
1619	MoeSQLmosa	1	1	[1.0, 0.0, 1.0]
1619	MOTGA	0	3	[0.0, 0.0, 0.0]
1620	MoeSQLmosa	0	2	[0.0, 0.0, 1.0]
1620	MoeSQLmosa	1	1	[1.7976931348623156E306, 1.7976931348623156E306, 0.0]
1620	MOTGA	0	3	[0.0, 0.0, 0.0]
1621	MoeSQLmosa	0	2	[0.0, 0.0]
1621	MOTGA	0	2	[0.0, 0.0]
1622	MoeSQLmosa	0	2	[17.0, 18.0, 18.0, 0.0, 1.0, 18.0, 17.0, 18.0, 0.0, 1.0, 18.0, 17.0, 18.0]
1622	MoeSQLmosa	1	1	[1.0, 2.0, 2.0, 2.0, 2.0, 2.0, 1.0, 2.0, 54.0, 2.0, 2.0, 1.0, 0.0]
1622	MoeSQLmosa	2	1	[12.460844536944146, 0.0, 1.0, 13.460844536944146, 13.460844536944146, 13.460844536944146, 12.460844536944146, 13.460844536944146, 77.46084453694415, 13.460844536944146, 13.460844536944146, 12.460844536944146, 13.460844536944146]
1622	MoeSQLmosa	3	1	[1.7976931348623156E306, 1.7976931348623156E306, 0.0, 1.7976931348623156E306, 1.7976931348623156E306, 1.7976931348623156E306, 1.7976931348623156E306, 1.7976931348623156E306, 1.7976931348623156E306, 1.7976931348623156E306, 1.7976931348623156E306, 1.7976931348623156E306, 1.7976931348623156E306]
1622	MoeSQLmosa	4	1	[0.0, 1.0, 1.0, 1.0, 1.0, 1.0, 0.0, 1.0, 39.0, 1.0, 1.0, 0.0, 1.0]
1622	MoeSQLmosa	5	1	[1.7976931348623156E306, 1.7976931348623156E306, 1.7976931348623156E306, 1.7976931348623156E306, 1.7976931348623156E306, 1.7976931348623156E306, 1.7976931348623156E306, 1.7976931348623156E306, 1.7976931348623156E306, 0.0, 1.7976931348623156E306, 1.7976931348623156E306, 1.7976931348623156E306]
1622	MoeSQLmosa	6	1	[1.7976931348623156E306, 1.7976931348623156E306, 1.7976931348623156E306, 1.7976931348623156E306, 0.0, 1.7976931348623156E306, 1.7976931348623156E306, 1.7976931348623156E306, 1.7976931348623156E306, 1.7976931348623156E306, 1.7976931348623156E306, 1.7976931348623156E306, 1.7976931348623156E306]
1622	MoeSQLmosa	7	1	[1.0, 2.0, 2.0, 2.0, 2.0, 0.0, 1.0, 2.0, 40.0, 2.0, 2.0, 1.0, 2.0]
1622	MoeSQLmosa	8	1	[1.0, 2.0, 2.0, 2.0, 2.0, 2.0, 1.0, 2.0, 40.0, 2.0, 0.0, 1.0, 2.0]
1622	MoeSQLmosa	9	1	[1.0, 2.0, 2.0, 2.0, 2.0, 2.0, 1.0, 0.0, 39.0, 2.0, 2.0, 1.0, 2.0]
1622	MOTGA	0	11	[0.0, 0.0, 0.0, 0.0, 0.0, 0.0, 0.0, 0.0, 0.0, 0.0, 0.0, 0.0, 0.0]
1623	MoeSQLmosa	0	2	[0.0, 0.0]
1623	MOTGA	0	2	[0.0, 0.0]
1624	MoeSQLmosa	0	1	[22.71969696969697, 23.71969696969697, 23.71969696969697, 23.71969696969697, 23.71969696969697, 0.0, 1.0, 23.71969696969697, 23.71969696969697]
1624	MoeSQLmosa	1	1	[23.770833333333332, 0.0, 1.0, 24.770833333333332, 24.770833333333332, 24.770833333333332, 24.770833333333332, 24.770833333333332, 24.770833333333332]
1624	MoeSQLmosa	2	1	[13.875, 14.875, 14.875, 14.875, 14.875, 14.875, 14.875, 0.0, 1.0]
1624	MoeSQLmosa	3	1	[0.0, 1.0, 1.0, 1.0, 1.0, 1.0, 1.0, 1.0, 1.0]
1624	MoeSQLmosa	4	1	[1.7976931348623156E306, 1.7976931348623156E306, 1.7976931348623156E306, 1.7976931348623156E306, 1.7976931348623156E306, 1.7976931348623156E306, 1.7976931348623156E306, 1.7976931348623156E306, 0.0]
1624	MoeSQLmosa	5	1	[1.875, 2.875, 2.875, 0.0, 1.0, 2.875, 2.875, 2.875, 2.875]
1624	MoeSQLmosa	6	1	[1.7976931348623156E306, 1.7976931348623156E306, 0.0, 1.7976931348623156E306, 1.7976931348623156E306, 1.7976931348623156E306, 1.7976931348623156E306, 1.7976931348623156E306, 1.7976931348623156E306]
1624	MoeSQLmosa	7	1	[1.7976931348623156E306, 1.7976931348623156E306, 1.7976931348623156E306, 1.7976931348623156E306, 1.7976931348623156E306, 1.7976931348623156E306, 0.0, 1.7976931348623156E306, 1.7976931348623156E306]
1624	MoeSQLmosa	8	1	[1.7976931348623156E306, 1.7976931348623156E306, 1.7976931348623156E306, 1.7976931348623156E306, 0.0, 1.7976931348623156E306, 1.7976931348623156E306, 1.7976931348623156E306, 1.7976931348623156E306]
1624	MOTGA	0	9	[0.0, 0.0, 0.0, 0.0, 0.0, 0.0, 0.0, 0.0, 0.0]
1625	MoeSQLmosa	0	3	[0.0]
1625	MOTGA	0	3	[0.0]
1626	MoeSQLmosa	0	2	[0.0, 0.0, 1.0]
1626	MoeSQLmosa	1	1	[1.7976931348623156E306, 1.7976931348623156E306, 0.0]
1626	MOTGA	0	3	[0.0, 0.0, 0.0]
1627	MoeSQLmosa	0	2	[0.0, 0.0]
1627	MOTGA	0	2	[0.0, 0.0]
1628	MoeSQLmosa	0	1	[0.0, 1.0, 2.0, 1.0, 2.0]
1628	MoeSQLmosa	1	1	[24.050482484784812, 23.050482484784812, 24.050482484784812, 23.050482484784812, 0.0]
1628	MoeSQLmosa	2	1	[1.0, 0.0, 1.0, 0.0, 1.0]
1628	MoeSQLmosa	3	1	[2.0, 1.0, 0.0, 1.0, 2.0]
1628	MOTGA	0	4	[0.0, 0.0, 0.0, 0.0, 0.0]
1629	MoeSQLmosa	0	1	[1.7976931348623156E306, 1.7976931348623156E306, 0.0]
1629	MoeSQLmosa	1	2	[0.0, 0.0, 1.0]
1629	MOTGA	0	3	[0.0, 0.0, 0.0]
1630	MoeSQLmosa	0	1	[9.775663708824174, 0.0, 1.0, 10.775663708824174, 10.775663708824174, 10.775663708824174, 9.775663708824174, 10.775663708824174]
1630	MoeSQLmosa	1	1	[1.0, 2.0, 2.0, 2.0, 2.0, 2.0, 1.0, 0.0]
1630	MoeSQLmosa	2	1	[9.775663708824174, 10.775663708824174, 10.775663708824174, 0.0, 1.0, 10.775663708824174, 9.775663708824174, 10.775663708824174]
1630	MoeSQLmosa	3	1	[0.0, 1.0, 1.0, 1.0, 1.0, 1.0, 0.0, 1.0]
1630	MoeSQLmosa	4	1	[1.0, 2.0, 2.0, 2.0, 2.0, 0.0, 1.0, 2.0]
1630	MoeSQLmosa	5	1	[1.7976931348623156E306, 1.7976931348623156E306, 0.0, 1.7976931348623156E306, 1.7976931348623156E306, 1.7976931348623156E306, 1.7976931348623156E306, 1.7976931348623156E306]
1630	MoeSQLmosa	6	1	[1.7976931348623156E306, 1.7976931348623156E306, 1.7976931348623156E306, 1.7976931348623156E306, 0.0, 1.7976931348623156E306, 1.7976931348623156E306, 1.7976931348623156E306]
1630	MOTGA	0	7	[0.0, 0.0, 0.0, 0.0, 0.0, 0.0, 0.0, 0.0]
1631	MoeSQLmosa	0	1	[1.7976931348623156E306, 1.7976931348623156E306, 0.0, 1.7976931348623156E306, 1.7976931348623156E306, 1.7976931348623156E306, 1.7976931348623156E306]
1631	MoeSQLmosa	1	1	[13.675948512016666, 14.675948512016666, 14.675948512016666, 0.0, 1.0, 14.675948512016666, 14.675948512016666]
1631	MoeSQLmosa	2	1	[0.0, 1.0, 1.0, 1.0, 1.0, 1.0, 1.0]
1631	MoeSQLmosa	3	1	[13.675948512016666, 14.675948512016666, 14.675948512016666, 14.675948512016666, 14.675948512016666, 0.0, 1.0]
1631	MoeSQLmosa	4	1	[7.847619047619047, 0.0, 1.0, 8.847619047619048, 8.847619047619048, 8.847619047619048, 8.847619047619048]
1631	MoeSQLmosa	5	1	[1.7976931348623156E306, 1.7976931348623156E306, 1.7976931348623156E306, 1.7976931348623156E306, 0.0, 1.7976931348623156E306, 1.7976931348623156E306]
1631	MoeSQLmosa	6	1	[1.7976931348623156E306, 1.7976931348623156E306, 1.7976931348623156E306, 1.7976931348623156E306, 1.7976931348623156E306, 1.7976931348623156E306, 0.0]
1631	MOTGA	0	7	[0.0, 0.0, 0.0, 0.0, 0.0, 0.0, 0.0]
1632	MoeSQLmosa	0	1	[38.62417027417027, 39.62417027417027, 39.62417027417027, 0.0, 1.0, 38.62417027417027, 39.62417027417027]
1632	MoeSQLmosa	1	1	[0.0, 1.0, 1.0, 1.0, 1.0, 0.0, 1.0]
1632	MoeSQLmosa	2	1	[27.10828686803297, 0.0, 1.0, 28.10828686803297, 28.10828686803297, 27.10828686803297, 28.10828686803297]
1632	MoeSQLmosa	3	1	[1.7976931348623156E306, 1.7976931348623156E306, 0.0, 1.7976931348623156E306, 1.7976931348623156E306, 1.7976931348623156E306, 1.7976931348623156E306]
1632	MoeSQLmosa	4	1	[1.7976931348623156E306, 1.7976931348623156E306, 1.7976931348623156E306, 1.7976931348623156E306, 0.0, 1.7976931348623156E306, 1.7976931348623156E306]
1632	MoeSQLmosa	5	1	[0.0, 1.0, 1.0, 1.0, 1.0, 1.0, 0.0]
1632	MOTGA	0	6	[0.0, 0.0, 0.0, 0.0, 0.0, 0.0, 0.0]
1633	MoeSQLmosa	0	2	[0.0, 0.0]
1633	MOTGA	0	2	[0.0, 0.0]
1634	MoeSQLmosa	0	2	[196.8620585370934, 195.8620585370934, 194.8620585370934, 0.0, 0.0, 1.0, 0.0, 1.0]
1634	MoeSQLmosa	1	1	[1.0, 0.0, 1.0, 1.0, 2.0, 2.0, 1.0, 2.0]
1634	MoeSQLmosa	2	1	[601.7674980847006, 600.7674980847006, 599.7674980847006, 1.0, 2.0, 0.0, 1.0, 2.0]
1634	MoeSQLmosa	3	1	[936.4670675015946, 935.4670675015946, 934.4670675015946, 1.0, 2.0, 2.0, 1.0, 0.0]
1634	MoeSQLmosa	4	1	[0.0, 1.0, 2.0, 2.0, 3.0, 3.0, 2.0, 3.0]
1634	MoeSQLmosa	5	1	[2.0, 1.0, 0.0, 0.0, 1.0, 1.0, 0.0, 1.0]
1634	MOTGA	0	6	[0.0, 0.0, 0.0, 0.0, 0.0, 0.0, 0.0, 0.0]
1635	MoeSQLmosa	0	2	[0.0, 0.0]
1635	MOTGA	0	2	[0.0, 0.0]
1636	MoeSQLmosa	0	2	[0.0, 0.0, 1.0]
1636	MoeSQLmosa	1	1	[1.7976931348623156E306, 1.7976931348623156E306, 0.0]
1636	MOTGA	0	3	[0.0, 0.0, 0.0]
1637	MoeSQLmosa	0	1	[1.0, 0.0]
1637	MoeSQLmosa	1	1	[0.0, 36.77307692307693]
1637	MOTGA	0	2	[0.0, 0.0]
1638	MoeSQLmosa	0	1	[690.654066594268, 689.654066594268, 688.654066594268, 0.0, 1.0, 1.0, 0.0, 1.0]
1638	MoeSQLmosa	1	1	[248.09191102341188, 247.09191102341188, 246.09191102341188, 25.203246753246752, 0.0, 26.203246753246752, 25.203246753246752, 26.203246753246752]
1638	MoeSQLmosa	2	1	[1.0, 0.0, 1.0, 1.0, 2.0, 2.0, 1.0, 2.0]
1638	MoeSQLmosa	3	1	[213.9323195943623, 212.9323195943623, 211.9323195943623, 1.0, 2.0, 0.0, 1.0, 2.0]
1638	MoeSQLmosa	4	1	[0.0, 1.0, 2.0, 2.0, 3.0, 3.0, 2.0, 3.0]
1638	MoeSQLmosa	5	1	[877.5844390217566, 876.5844390217566, 875.5844390217566, 1.0, 2.0, 2.0, 1.0, 0.0]
1638	MoeSQLmosa	6	1	[2.0, 1.0, 0.0, 0.0, 1.0, 1.0, 0.0, 1.0]
1638	MOTGA	0	6	[0.0, 0.0, 0.0, 0.0, 0.0, 0.0, 0.0, 0.0]
1639	MoeSQLmosa	0	2	[18.890908502714854, 0.0, 1.0, 0.0, 1.0]
1639	MoeSQLmosa	1	1	[0.0, 1.0, 1.0, 1.0, 1.0]
1639	MoeSQLmosa	2	1	[1.7976931348623156E306, 1.7976931348623156E306, 1.7976931348623156E306, 1.7976931348623156E306, 0.0]
1639	MoeSQLmosa	3	1	[1.7976931348623156E306, 1.7976931348623156E306, 0.0, 1.7976931348623156E306, 1.7976931348623156E306]
1639	MOTGA	0	5	[0.0, 0.0, 0.0, 0.0, 0.0]
1640	MoeSQLmosa	0	1	[10.709839623773526, 11.709839623773526, 11.709839623773526, 11.709839623773526, 11.709839623773526, 0.0, 1.0]
1640	MoeSQLmosa	1	1	[0.0, 1.0, 1.0, 1.0, 1.0, 1.0, 1.0]
1640	MoeSQLmosa	2	1	[1.7976931348623156E306, 1.7976931348623156E306, 1.7976931348623156E306, 1.7976931348623156E306, 0.0, 1.7976931348623156E306, 1.7976931348623156E306]
1640	MoeSQLmosa	3	1	[22.98361252098654, 0.0, 1.0, 23.98361252098654, 23.98361252098654, 23.98361252098654, 23.98361252098654]
1640	MoeSQLmosa	4	1	[1.7976931348623156E306, 1.7976931348623156E306, 1.7976931348623156E306, 1.7976931348623156E306, 1.7976931348623156E306, 1.7976931348623156E306, 0.0]
1640	MoeSQLmosa	5	1	[40.67512265512266, 41.67512265512266, 41.67512265512266, 0.0, 1.0, 41.67512265512266, 41.67512265512266]
1640	MoeSQLmosa	6	1	[1.7976931348623156E306, 1.7976931348623156E306, 0.0, 1.7976931348623156E306, 1.7976931348623156E306, 1.7976931348623156E306, 1.7976931348623156E306]
1640	MOTGA	0	7	[0.0, 0.0, 0.0, 0.0, 0.0, 0.0, 0.0]
1641	MoeSQLmosa	0	2	[69.93061025102408, 27.93061025102408, 28.93061025102408, 70.93061025102408, 0.0, 42.0, 43.0]
1641	MoeSQLmosa	1	2	[15.0, 0.0, 1.0, 16.0, 2.0, 15.0, 16.0]
1641	MoeSQLmosa	2	2	[1.7976931348623156E306, 1.7976931348623156E306, 0.0, 1.7976931348623156E306, 2.0, 1.7976931348623156E306, 1.7976931348623156E306]
1641	MoeSQLmosa	3	2	[17.657244606881044, 18.657244606881044, 18.657244606881044, 0.0, 19.657244606881044, 2.0, 1.0]
1641	MoeSQLmosa	4	2	[34.31463568419151, 35.31463568419151, 35.31463568419151, 16.657391077310464, 17.657244606881044, 0.0, 1.0]
1641	MoeSQLmosa	5	2	[0.0, 1.0, 1.0, 1.0, 2.0, 2.0, 1.0]
1641	MoeSQLmosa	6	2	[1.7976931348623156E306, 1.7976931348623156E306, 1.7976931348623156E306, 1.7976931348623156E306, 22.486919310953375, 1.0, 0.0]
1641	MOTGA	0	3	[17.657244606881044, 18.657244606881044, 18.657244606881044, 0.0, 0.0, 2.0, 1.0]
1641	MOTGA	1	4	[0.0, 0.0, 0.0, 1.0, 2.0, 2.0, 1.7976931348623156E306]
1642	MoeSQLmosa	0	1	[41.0, 42.0, 42.0, 0.0, 1.0, 150.0, 95.0, 126.0, 205.0, 181.0, 265.0, 96.0, 95.0, 41.0, 95.0, 42.0, 125.0, 42.0, 234.0, 180.0, 149.0, 150.0, 45.31385281385281]
1642	MoeSQLmosa	1	1	[1.7976931348623156E306, 1.7976931348623156E306, 1.7976931348623156E306, 1.7976931348623156E306, 0.0, 1.7976931348623156E306, 1.7976931348623156E306, 1.7976931348623156E306, 1.7976931348623156E306, 1.7976931348623156E306, 1.7976931348623156E306, 1.7976931348623156E306, 1.7976931348623156E306, 1.7976931348623156E306, 1.7976931348623156E306, 1.7976931348623156E306, 1.7976931348623156E306, 1.7976931348623156E306, 1.7976931348623156E306, 1.7976931348623156E306, 1.7976931348623156E306, 1.7976931348623156E306, 1.7976931348623156E306]
1642	MoeSQLmosa	2	1	[1.7976931348623156E306, 1.7976931348623156E306, 1.7976931348623156E306, 1.7976931348623156E306, 1.7976931348623156E306, 1.7976931348623156E306, 1.7976931348623156E306, 5.393079404586947E306, 1.7976931348623156E306, 1.7976931348623156E306, 1.7976931348623156E306, 0.0, 1.7976931348623156E306, 3.595386269724631E306, 1.7976931348623156E306, 5.393079404586947E306, 3.595386269724631E306, 13.0, 3.595386269724631E306, 1.7976931348623156E306, 3.595386269724631E306, 12.0, 1.7976931348623156E306]
1642	MoeSQLmosa	3	1	[20.0, 21.0, 21.0, 21.0, 21.0, 20.0, 40.0, 108.0, 0.0, 107.0, 214.0, 1.0, 0.0, 21.0, 0.0, 1.0, 128.0, 22.0, 126.0, 106.0, 20.0, 21.0, 24.31385281385281]
1642	MoeSQLmosa	4	1	[1.7976931348623156E306, 1.7976931348623156E306, 1.7976931348623156E306, 1.7976931348623156E306, 1.7976931348623156E306, 1.7976931348623156E306, 1.7976931348623156E306, 85.0, 1.7976931348623156E306, 3.595386269724631E306, 3.595386269724631E306, 5.393079404586947E306, 1.7976931348623156E306, 1.7976931348623156E306, 1.7976931348623156E306, 0.0, 3.595386269724631E306, 5.393079404586947E306, 5.393079404586947E306, 5.393079404586947E306, 1.7976931348623156E306, 5.393079404586947E306, 1.7976931348623156E306]
1642	MoeSQLmosa	5	1	[42.19047619047619, 0.0, 1.0, 43.19047619047619, 43.19047619047619, 42.19047619047619, 56.19047619047619, 108.19047619047619, 57.19047619047619, 121.19047619047619, 186.1904761904762, 57.19047619047619, 56.19047619047619, 71.19047619047619, 56.19047619047619, 43.19047619047619, 136.1904761904762, 72.19047619047619, 134.1904761904762, 120.19047619047619, 70.19047619047619, 71.19047619047619, 46.504329004329]
1642	MoeSQLmosa	6	1	[1.7976931348623156E306, 1.7976931348623156E306, 1.7976931348623156E306, 1.7976931348623156E306, 1.7976931348623156E306, 3.595386269724631E306, 1.7976931348623156E306, 5.393079404586947E306, 3.595386269724631E306, 1.7976931348623156E306, 1.7976931348623156E306, 15.0, 1.7976931348623156E306, 1.7976931348623156E306, 3.595386269724631E306, 5.393079404586947E306, 1.7976931348623156E306, 0.0, 5.393079404586947E306, 1.7976931348623156E306, 5.393079404586947E306, 30.0, 1.7976931348623156E306]
1642	MoeSQLmosa	7	1	[0.0, 1.0, 1.0, 1.0, 1.0, 11.0, 5.0, 67.0, 17.0, 73.0, 139.0, 6.0, 5.0, 0.0, 5.0, 1.0, 66.0, 1.0, 77.0, 72.0, 10.0, 11.0, 4.313852813852813]
1642	MoeSQLmosa	8	1	[0.0, 1.0, 1.0, 1.0, 1.0, 0.0, 59.0, 92.0, 60.0, 150.0, 241.0, 60.0, 59.0, 119.0, 59.0, 1.0, 210.0, 120.0, 208.0, 149.0, 118.0, 119.0, 4.31301247771836]
1642	MoeSQLmosa	9	1	[0.0, 1.0, 1.0, 1.0, 1.0, 8.0, 11.0, 11.0, 5.0, 0.0, 5.0, 1.0, 6.0, 9.0, 5.0, 6.0, 14.0, 5.0, 14.0, 11.0, 8.0, 4.0, 1.5]
1642	MoeSQLmosa	10	1	[3.0, 4.0, 4.0, 4.0, 4.0, 3.0, 6.0, 1.0, 0.0, 61.0, 0.0, 1.0, 122.0, 65.0, 61.0, 62.0, 4.0, 5.0, 64.0, 61.0, 3.0, 4.0, 4.5]
1642	MoeSQLmosa	11	1	[1.7976931348623156E306, 1.7976931348623156E306, 1.7976931348623156E306, 1.7976931348623156E306, 1.7976931348623156E306, 1.7976931348623156E306, 1.7976931348623156E306, 0.0, 1.7976931348623156E306, 1.7976931348623156E306, 1.7976931348623156E306, 5.393079404586947E306, 1.7976931348623156E306, 3.595386269724631E306, 3.595386269724631E306, 5.0, 1.7976931348623156E306, 5.393079404586947E306, 3.595386269724631E306, 3.595386269724631E306, 1.7976931348623156E306, 5.393079404586947E306, 1.7976931348623156E306]
1642	MoeSQLmosa	12	1	[11.0, 12.0, 12.0, 12.0, 12.0, 69.0, 0.0, 1.0, 138.0, 11.0, 0.0, 69.0, 22.0, 11.0, 79.0, 12.0, 0.0, 1.0, 79.0, 11.0, 68.0, 137.0, 15.31301247771836]
1642	MoeSQLmosa	13	1	[1.0, 2.0, 2.0, 2.0, 2.0, 1.0, 108.0, 66.0, 109.0, 174.0, 238.0, 109.0, 108.0, 216.0, 108.0, 2.0, 280.0, 217.0, 280.0, 173.0, 215.0, 216.0, 0.0]
1642	MoeSQLmosa	14	1	[1.7976931348623156E306, 1.7976931348623156E306, 0.0, 1.7976931348623156E306, 1.7976931348623156E306, 1.7976931348623156E306, 3.595386269724631E306, 7.190772539449263E306, 3.595386269724631E306, 3.595386269724631E306, 3.595386269724631E306, 1.7976931348623156E306, 3.595386269724631E306, 5.393079404586947E306, 5.393079404586947E306, 7.190772539449263E306, 5.393079404586947E306, 1.7976931348623156E306, 5.393079404586947E306, 5.393079404586947E306, 5.393079404586947E306, 1.7976931348623156E306, 1.7976931348623156E306]
1642	MoeSQLmosa	15	1	[1.0, 2.0, 2.0, 2.0, 2.0, 1.0, 0.0, 67.0, 2.0, 66.0, 132.0, 2.0, 0.0, 1.0, 0.0, 1.0, 67.0, 3.0, 65.0, 66.0, 0.0, 1.0, 6.313852813852813]
1642	MoeSQLmosa	16	1	[1.0, 2.0, 2.0, 2.0, 2.0, 1.0, 2.0, 3.0, 0.0, 1.0, 2.0, 1.0, 0.0, 2.0, 0.0, 2.0, 3.0, 3.0, 1.0, 0.0, 2.0, 2.0, 2.357142857142857]
1642	MoeSQLmosa	17	1	[1.7976931348623156E306, 1.7976931348623156E306, 1.7976931348623156E306, 1.7976931348623156E306, 1.7976931348623156E306, 3.595386269724631E306, 1.7976931348623156E306, 5.393079404586947E306, 3.595386269724631E306, 1.7976931348623156E306, 1.7976931348623156E306, 1.0, 1.7976931348623156E306, 5.393079404586947E306, 1.7976931348623156E306, 5.393079404586947E306, 5.393079404586947E306, 2.0, 1.7976931348623156E306, 3.595386269724631E306, 1.7976931348623156E306, 0.0, 1.7976931348623156E306]
1642	MoeSQLmosa	18	1	[0.0, 1.0, 1.0, 1.0, 1.0, 2.0, 1.0, 3.0, 3.0, 2.0, 3.0, 2.0, 1.0, 2.0, 1.0, 2.0, 3.0, 3.0, 0.0, 1.0, 1.0, 1.0, 1.3571428571428572]
1642	MOTGA	0	17	[0.0, 0.0, 0.0, 0.0, 0.0, 0.0, 0.0, 0.0, 0.0, 0.0, 0.0, 0.0, 0.0, 0.0, 0.0, 0.0, 0.0, 0.0, 0.0, 0.0, 0.0, 0.0, 0.0]
1643	MoeSQLmosa	0	1	[13.266666666666666, 69.26666666666667, 14.266666666666666, 14.266666666666666, 14.266666666666666, 14.266666666666666, 0.0, 1.0]
1643	MoeSQLmosa	1	1	[1.7976931348623156E306, 1.7976931348623156E306, 1.0, 0.0, 1.7976931348623156E306, 1.7976931348623156E306, 1.7976931348623156E306, 1.7976931348623156E306]
1643	MoeSQLmosa	2	1	[78.0, 0.0, 1.0, 1.0, 79.0, 79.0, 79.0, 79.0]
1643	MoeSQLmosa	3	1	[0.0, 71.0, 1.0, 1.0, 1.0, 1.0, 1.0, 1.0]
1643	MoeSQLmosa	4	1	[13.266666666666666, 107.26666666666667, 14.266666666666666, 14.266666666666666, 0.0, 1.0, 14.266666666666666, 14.266666666666666]
1643	MoeSQLmosa	5	1	[1.7976931348623156E306, 1.7976931348623156E306, 1.7976931348623156E306, 1.7976931348623156E306, 1.7976931348623156E306, 1.7976931348623156E306, 1.7976931348623156E306, 0.0]
1643	MoeSQLmosa	6	1	[1.7976931348623156E306, 1.7976931348623156E306, 1.7976931348623156E306, 1.7976931348623156E306, 1.7976931348623156E306, 0.0, 1.7976931348623156E306, 1.7976931348623156E306]
1643	MoeSQLmosa	7	1	[1.7976931348623156E306, 1.7976931348623156E306, 0.0, 1.0, 1.7976931348623156E306, 1.7976931348623156E306, 1.7976931348623156E306, 1.7976931348623156E306]
1643	MOTGA	0	7	[0.0, 0.0, 0.0, 0.0, 0.0, 0.0, 0.0, 0.0]
1644	MoeSQLmosa	0	1	[1.0, 0.0]
1644	MoeSQLmosa	1	1	[0.0, 21.562660256410258]
1644	MOTGA	0	2	[0.0, 0.0]
1645	MoeSQLmosa	0	1	[0.0, 32.86974789915966, 1.0]
1645	MoeSQLmosa	1	1	[1.0, 0.0, 1.0]
1645	MoeSQLmosa	2	1	[1.7976931348623156E306, 1.7976931348623156E306, 0.0]
1645	MOTGA	0	3	[0.0, 0.0, 0.0]
1646	MoeSQLmosa	0	1	[26.25, 0.0, 1.0, 32.473684210526315, 27.25]
1646	MoeSQLmosa	1	1	[1.0, 2.0, 2.0, 0.0, 1.0]
1646	MoeSQLmosa	2	1	[0.0, 1.0, 1.0, 46.0, 1.0]
1646	MoeSQLmosa	3	1	[1.7976931348623156E306, 1.7976931348623156E306, 0.0, 1.7976931348623156E306, 1.7976931348623156E306]
1646	MoeSQLmosa	4	1	[1.7976931348623156E306, 1.7976931348623156E306, 1.7976931348623156E306, 1.7976931348623156E306, 0.0]
1646	MOTGA	0	5	[0.0, 0.0, 0.0, 0.0, 0.0]
1647	MoeSQLmosa	0	1	[761.6833695058821, 760.6833695058821, 759.6833695058821, 11.6833695058821, 12.6833695058821, 12.6833695058821, 0.0, 1.0]
1647	MoeSQLmosa	1	1	[1.0, 0.0, 1.0, 1.0, 2.0, 2.0, 2.0, 2.0]
1647	MoeSQLmosa	2	1	[13.6833695058821, 12.6833695058821, 11.6833695058821, 11.6833695058821, 0.0, 1.0, 12.6833695058821, 12.6833695058821]
1647	MoeSQLmosa	3	1	[1.7976931348623156E306, 1.7976931348623156E306, 1.7976931348623156E306, 1.7976931348623156E306, 1.7976931348623156E306, 0.0, 1.7976931348623156E306, 1.7976931348623156E306]
1647	MoeSQLmosa	4	1	[765.0, 764.0, 763.0, 0.0, 1.0, 1.0, 1.0, 1.0]
1647	MoeSQLmosa	5	1	[2.0, 1.0, 0.0, 0.0, 1.0, 1.0, 1.0, 1.0]
1647	MoeSQLmosa	6	1	[1.7976931348623156E306, 1.7976931348623156E306, 1.7976931348623156E306, 1.7976931348623156E306, 1.7976931348623156E306, 1.7976931348623156E306, 1.7976931348623156E306, 0.0]
1647	MoeSQLmosa	7	1	[0.0, 1.0, 2.0, 0.0, 1.0, 1.0, 1.0, 1.0]
1647	MOTGA	0	7	[0.0, 0.0, 0.0, 0.0, 0.0, 0.0, 0.0, 0.0]
1648	MoeSQLmosa	0	1	[5.0, 6.0, 6.0, 6.0, 6.0, 6.0, 6.0, 6.0, 6.0, 0.0, 6.0, 6.0, 6.0, 6.0, 6.0, 64.0, 17.0, 18.0, 114.0, 36.0, 48.0, 52.0, 17.0, 5.0, 51.0, 6.0, 17.0, 6.0, 81.0, 35.0, 63.0, 98.0, 50.22380952380952, 6.0, 5.0, 5.0, 6.0, 5.0, 6.0, 5.0, 6.0, 5.0, 6.0, 5.0, 6.0, 5.0, 6.0, 5.0, 6.0, 0.0, 1.0, 5.0, 6.0, 5.0, 6.0, 5.0, 6.0, 5.0, 6.0, 5.0, 6.0]
1648	MoeSQLmosa	1	1	[5.0, 6.0, 6.0, 6.0, 6.0, 6.0, 6.0, 6.0, 6.0, 0.0, 6.0, 6.0, 6.0, 6.0, 6.0, 64.0, 17.0, 18.0, 114.0, 36.0, 48.0, 52.0, 17.0, 5.0, 51.0, 6.0, 17.0, 6.0, 81.0, 35.0, 63.0, 98.0, 11.0, 6.0, 5.0, 5.0, 6.0, 5.0, 6.0, 5.0, 6.0, 5.0, 6.0, 5.0, 6.0, 5.0, 6.0, 5.0, 6.0, 1.0, 0.0, 5.0, 6.0, 5.0, 6.0, 5.0, 6.0, 5.0, 6.0, 6.0, 5.0]
1648	MoeSQLmosa	2	1	[14.0, 15.0, 15.0, 15.0, 15.0, 15.0, 15.0, 0.0, 15.0, 15.0, 15.0, 15.0, 15.0, 15.0, 15.0, 99.0, 52.0, 53.0, 149.0, 85.0, 123.0, 61.0, 52.0, 14.0, 60.0, 15.0, 52.0, 15.0, 130.0, 84.0, 98.0, 107.0, 21.271428571428572, 15.0, 14.0, 14.0, 15.0, 14.0, 15.0, 14.0, 15.0, 14.0, 15.0, 14.0, 15.0, 1.0, 0.0, 14.0, 15.0, 14.0, 15.0, 14.0, 15.0, 14.0, 15.0, 14.0, 15.0, 14.0, 15.0, 14.0, 15.0]
1648	MoeSQLmosa	3	1	[14.0, 15.0, 15.0, 15.0, 15.0, 15.0, 15.0, 0.0, 15.0, 15.0, 15.0, 15.0, 15.0, 15.0, 15.0, 99.0, 52.0, 53.0, 149.0, 85.0, 123.0, 61.0, 52.0, 14.0, 60.0, 15.0, 52.0, 15.0, 130.0, 84.0, 98.0, 107.0, 21.271428571428572, 15.0, 14.0, 14.0, 15.0, 14.0, 15.0, 14.0, 15.0, 14.0, 15.0, 14.0, 15.0, 0.0, 1.0, 14.0, 15.0, 14.0, 15.0, 14.0, 15.0, 14.0, 15.0, 14.0, 15.0, 14.0, 15.0, 14.0, 15.0]
1648	MoeSQLmosa	4	1	[0.0, 1.0, 1.0, 1.0, 1.0, 1.0, 1.0, 1.0, 1.0, 1.0, 1.0, 1.0, 1.0, 1.0, 1.0, 59.0, 12.0, 13.0, 109.0, 31.0, 43.0, 47.0, 12.0, 0.0, 46.0, 1.0, 12.0, 1.0, 76.0, 30.0, 58.0, 93.0, 45.22380952380952, 0.0, 1.0, 0.0, 1.0, 0.0, 1.0, 0.0, 1.0, 0.0, 1.0, 1.0, 0.0, 0.0, 1.0, 0.0, 1.0, 0.0, 1.0, 0.0, 1.0, 0.0, 1.0, 0.0, 1.0, 1.0, 0.0, 1.0, 0.0]
1648	MoeSQLmosa	5	1	[10.0, 11.0, 11.0, 11.0, 11.0, 11.0, 11.0, 11.0, 11.0, 11.0, 0.0, 11.0, 11.0, 11.0, 11.0, 69.0, 22.0, 23.0, 119.0, 41.0, 53.0, 57.0, 22.0, 10.0, 56.0, 11.0, 22.0, 11.0, 86.0, 40.0, 68.0, 103.0, 16.0, 11.0, 10.0, 10.0, 11.0, 11.0, 10.0, 10.0, 11.0, 10.0, 11.0, 10.0, 11.0, 10.0, 11.0, 10.0, 11.0, 10.0, 11.0, 0.0, 1.0, 10.0, 11.0, 10.0, 11.0, 10.0, 11.0, 11.0, 10.0]
1648	MoeSQLmosa	6	1	[10.0, 11.0, 11.0, 11.0, 11.0, 11.0, 11.0, 11.0, 11.0, 11.0, 11.0, 11.0, 0.0, 11.0, 11.0, 69.0, 22.0, 23.0, 119.0, 41.0, 53.0, 57.0, 22.0, 10.0, 56.0, 11.0, 22.0, 11.0, 86.0, 40.0, 68.0, 103.0, 55.22380952380952, 10.0, 11.0, 10.0, 11.0, 10.0, 11.0, 10.0, 11.0, 10.0, 11.0, 11.0, 10.0, 10.0, 11.0, 10.0, 11.0, 10.0, 11.0, 10.0, 11.0, 10.0, 11.0, 0.0, 1.0, 11.0, 10.0, 11.0, 10.0]
1648	MoeSQLmosa	7	1	[29.0, 30.0, 30.0, 30.0, 30.0, 30.0, 30.0, 30.0, 30.0, 30.0, 30.0, 30.0, 30.0, 0.0, 30.0, 83.0, 36.0, 37.0, 133.0, 50.0, 57.0, 76.0, 36.0, 29.0, 75.0, 30.0, 36.0, 30.0, 95.0, 49.0, 82.0, 122.0, 36.27142857142857, 29.0, 30.0, 29.0, 30.0, 29.0, 30.0, 29.0, 30.0, 29.0, 30.0, 30.0, 29.0, 29.0, 30.0, 29.0, 30.0, 29.0, 30.0, 29.0, 30.0, 29.0, 30.0, 29.0, 30.0, 0.0, 1.0, 30.0, 29.0]
1648	MoeSQLmosa	8	1	[0.0, 1.0, 1.0, 1.0, 1.0, 1.0, 1.0, 1.0, 1.0, 1.0, 1.0, 1.0, 1.0, 1.0, 1.0, 54.0, 7.0, 8.0, 104.0, 21.0, 28.0, 47.0, 7.0, 0.0, 46.0, 1.0, 7.0, 1.0, 66.0, 20.0, 53.0, 93.0, 45.21269841269841, 0.0, 1.0, 0.0, 1.0, 0.0, 1.0, 0.0, 1.0, 1.0, 0.0, 1.0, 0.0, 0.0, 1.0, 0.0, 1.0, 0.0, 1.0, 0.0, 1.0, 0.0, 1.0, 0.0, 1.0, 1.0, 0.0, 1.0, 0.0]
1648	MoeSQLmosa	9	1	[1.4666666666666668, 2.466666666666667, 0.0, 2.466666666666667, 2.466666666666667, 2.466666666666667, 2.466666666666667, 2.466666666666667, 2.466666666666667, 2.466666666666667, 2.466666666666667, 2.466666666666667, 2.466666666666667, 2.466666666666667, 2.466666666666667, 60.46666666666667, 13.466666666666667, 14.466666666666667, 110.46666666666667, 32.46666666666667, 44.46666666666667, 48.46666666666667, 13.466666666666667, 1.4666666666666668, 47.46666666666667, 2.466666666666667, 13.466666666666667, 2.466666666666667, 77.46666666666667, 31.46666666666667, 59.46666666666667, 94.46666666666667, 46.69047619047619, 1.4666666666666668, 2.466666666666667, 0.0, 1.0, 1.4666666666666668, 2.466666666666667, 1.4666666666666668, 2.466666666666667, 1.4666666666666668, 2.466666666666667, 2.466666666666667, 1.4666666666666668, 1.4666666666666668, 2.466666666666667, 1.4666666666666668, 2.466666666666667, 1.4666666666666668, 2.466666666666667, 1.4666666666666668, 2.466666666666667, 1.4666666666666668, 2.466666666666667, 1.4666666666666668, 2.466666666666667, 2.466666666666667, 1.4666666666666668, 2.466666666666667, 1.4666666666666668]
1648	MoeSQLmosa	10	1	[10.0, 11.0, 11.0, 0.0, 11.0, 11.0, 11.0, 11.0, 11.0, 11.0, 11.0, 11.0, 11.0, 11.0, 11.0, 69.0, 22.0, 23.0, 119.0, 41.0, 53.0, 57.0, 22.0, 10.0, 56.0, 11.0, 22.0, 11.0, 86.0, 40.0, 68.0, 103.0, 16.0, 11.0, 10.0, 10.0, 11.0, 0.0, 1.0, 11.0, 10.0, 10.0, 11.0, 10.0, 11.0, 10.0, 11.0, 10.0, 11.0, 10.0, 11.0, 10.0, 11.0, 10.0, 11.0, 10.0, 11.0, 10.0, 11.0, 11.0, 10.0]
1648	MoeSQLmosa	11	1	[32.0, 33.0, 33.0, 33.0, 33.0, 33.0, 33.0, 33.0, 33.0, 33.0, 33.0, 33.0, 33.0, 33.0, 0.0, 91.0, 44.0, 45.0, 141.0, 63.0, 75.0, 79.0, 44.0, 32.0, 78.0, 33.0, 44.0, 33.0, 108.0, 62.0, 90.0, 125.0, 77.22380952380952, 32.0, 33.0, 32.0, 33.0, 32.0, 33.0, 32.0, 33.0, 32.0, 33.0, 33.0, 32.0, 32.0, 33.0, 32.0, 33.0, 32.0, 33.0, 32.0, 33.0, 32.0, 33.0, 32.0, 33.0, 33.0, 32.0, 0.0, 1.0]
1648	MoeSQLmosa	12	1	[15.0, 16.0, 16.0, 16.0, 16.0, 16.0, 0.0, 16.0, 16.0, 16.0, 16.0, 16.0, 16.0, 16.0, 16.0, 74.0, 27.0, 28.0, 124.0, 46.0, 58.0, 62.0, 27.0, 15.0, 61.0, 16.0, 27.0, 16.0, 91.0, 45.0, 73.0, 108.0, 60.22380952380952, 15.0, 16.0, 15.0, 16.0, 15.0, 16.0, 15.0, 16.0, 15.0, 16.0, 0.0, 1.0, 15.0, 16.0, 15.0, 16.0, 15.0, 16.0, 15.0, 16.0, 15.0, 16.0, 15.0, 16.0, 16.0, 15.0, 16.0, 15.0]
1648	MoeSQLmosa	13	1	[10.0, 11.0, 11.0, 11.0, 11.0, 0.0, 11.0, 11.0, 11.0, 11.0, 11.0, 11.0, 11.0, 11.0, 11.0, 73.0, 22.0, 23.0, 117.0, 41.0, 53.0, 61.0, 22.0, 10.0, 60.0, 11.0, 22.0, 11.0, 90.0, 40.0, 72.0, 111.0, 55.22380952380952, 10.0, 11.0, 10.0, 11.0, 10.0, 11.0, 10.0, 11.0, 0.0, 1.0, 11.0, 10.0, 10.0, 11.0, 10.0, 11.0, 10.0, 11.0, 10.0, 11.0, 10.0, 11.0, 10.0, 11.0, 11.0, 10.0, 11.0, 10.0]
1648	MoeSQLmosa	14	1	[8.0, 0.0, 9.0, 9.0, 9.0, 9.0, 9.0, 9.0, 9.0, 9.0, 9.0, 9.0, 9.0, 9.0, 9.0, 67.0, 20.0, 21.0, 117.0, 39.0, 51.0, 55.0, 20.0, 8.0, 54.0, 9.0, 20.0, 9.0, 84.0, 38.0, 66.0, 101.0, 53.22380952380952, 0.0, 1.0, 8.0, 9.0, 8.0, 9.0, 8.0, 9.0, 8.0, 9.0, 8.0, 9.0, 8.0, 9.0, 8.0, 9.0, 8.0, 9.0, 8.0, 9.0, 8.0, 9.0, 8.0, 9.0, 8.0, 9.0, 8.0, 9.0]
1648	MoeSQLmosa	15	1	[13.0, 14.0, 0.0, 14.0, 14.0, 14.0, 14.0, 14.0, 14.0, 14.0, 14.0, 14.0, 14.0, 14.0, 14.0, 72.0, 25.0, 26.0, 122.0, 44.0, 56.0, 60.0, 25.0, 13.0, 59.0, 14.0, 25.0, 14.0, 89.0, 43.0, 71.0, 106.0, 58.22380952380952, 13.0, 14.0, 1.0, 0.0, 13.0, 14.0, 13.0, 14.0, 13.0, 14.0, 14.0, 13.0, 13.0, 14.0, 13.0, 14.0, 13.0, 14.0, 13.0, 14.0, 13.0, 14.0, 13.0, 14.0, 14.0, 13.0, 14.0, 13.0]
1648	MoeSQLmosa	16	1	[13.0, 14.0, 14.0, 14.0, 14.0, 14.0, 14.0, 14.0, 14.0, 14.0, 14.0, 0.0, 14.0, 14.0, 14.0, 63.0, 25.0, 26.0, 104.0, 44.0, 56.0, 51.0, 25.0, 13.0, 50.0, 14.0, 25.0, 14.0, 80.0, 43.0, 62.0, 88.0, 20.271428571428572, 13.0, 14.0, 13.0, 14.0, 13.0, 14.0, 13.0, 14.0, 13.0, 14.0, 14.0, 13.0, 13.0, 14.0, 13.0, 14.0, 13.0, 14.0, 13.0, 14.0, 0.0, 1.0, 13.0, 14.0, 14.0, 13.0, 14.0, 13.0]
1648	MoeSQLmosa	17	1	[10.0, 11.0, 11.0, 11.0, 11.0, 11.0, 11.0, 11.0, 0.0, 11.0, 11.0, 11.0, 11.0, 11.0, 11.0, 69.0, 22.0, 23.0, 119.0, 41.0, 53.0, 57.0, 22.0, 10.0, 56.0, 11.0, 22.0, 11.0, 86.0, 40.0, 68.0, 103.0, 55.22380952380952, 10.0, 11.0, 10.0, 11.0, 10.0, 11.0, 10.0, 11.0, 10.0, 11.0, 11.0, 10.0, 10.0, 11.0, 0.0, 1.0, 10.0, 11.0, 10.0, 11.0, 10.0, 11.0, 10.0, 11.0, 11.0, 10.0, 11.0, 10.0]
1648	MoeSQLmosa	18	1	[1.7976931348623156E306, 1.7976931348623156E306, 1.7976931348623156E306, 1.7976931348623156E306, 1.7976931348623156E306, 1.7976931348623156E306, 1.7976931348623156E306, 1.7976931348623156E306, 1.7976931348623156E306, 1.7976931348623156E306, 1.7976931348623156E306, 1.7976931348623156E306, 1.7976931348623156E306, 1.7976931348623156E306, 1.7976931348623156E306, 1.7976931348623156E306, 1.7976931348623156E306, 12.0, 1.7976931348623156E306, 3.595386269724631E306, 3.595386269724631E306, 5.393079404586947E306, 1.7976931348623156E306, 1.7976931348623156E306, 1.7976931348623156E306, 0.0, 3.595386269724631E306, 5.393079404586947E306, 5.393079404586947E306, 5.393079404586947E306, 1.7976931348623156E306, 5.393079404586947E306, 1.7976931348623156E306, 1.7976931348623156E306, 1.7976931348623156E306, 1.7976931348623156E306, 1.7976931348623156E306, 1.7976931348623156E306, 1.7976931348623156E306, 1.7976931348623156E306, 1.7976931348623156E306, 1.7976931348623156E306, 1.7976931348623156E306, 1.7976931348623156E306, 1.7976931348623156E306, 1.7976931348623156E306, 1.7976931348623156E306, 1.7976931348623156E306, 1.7976931348623156E306, 1.7976931348623156E306, 1.7976931348623156E306, 1.7976931348623156E306, 1.7976931348623156E306, 1.7976931348623156E306, 1.7976931348623156E306, 1.7976931348623156E306, 1.7976931348623156E306, 1.7976931348623156E306, 1.7976931348623156E306, 1.7976931348623156E306, 1.7976931348623156E306]
1648	MoeSQLmosa	19	1	[0.0, 1.0, 1.0, 1.0, 1.0, 1.0, 1.0, 1.0, 1.0, 1.0, 1.0, 1.0, 1.0, 1.0, 1.0, 59.0, 12.0, 13.0, 109.0, 31.0, 43.0, 47.0, 12.0, 0.0, 46.0, 1.0, 12.0, 1.0, 76.0, 30.0, 58.0, 93.0, 6.0, 0.0, 1.0, 0.0, 1.0, 0.0, 1.0, 0.0, 1.0, 0.0, 1.0, 1.0, 0.0, 0.0, 1.0, 0.0, 1.0, 0.0, 1.0, 0.0, 1.0, 0.0, 1.0, 1.0, 0.0, 1.0, 0.0, 0.0, 1.0]
1648	MoeSQLmosa	20	1	[3.0, 4.0, 4.0, 4.0, 4.0, 4.0, 4.0, 4.0, 4.0, 4.0, 4.0, 4.0, 4.0, 4.0, 4.0, 27.0, 49.0, 9.0, 0.0, 3.0, 11.0, 1.0, 0.0, 23.0, 0.0, 1.0, 31.0, 24.0, 24.0, 2.0, 22.0, 23.0, 9.0, 4.0, 3.0, 3.0, 4.0, 3.0, 4.0, 3.0, 4.0, 3.0, 4.0, 3.0, 4.0, 3.0, 4.0, 3.0, 4.0, 3.0, 4.0, 3.0, 4.0, 3.0, 4.0, 3.0, 4.0, 3.0, 4.0, 3.0, 4.0]
1648	MoeSQLmosa	21	1	[1.7976931348623156E306, 1.7976931348623156E306, 1.7976931348623156E306, 1.7976931348623156E306, 1.7976931348623156E306, 1.7976931348623156E306, 1.7976931348623156E306, 1.7976931348623156E306, 1.7976931348623156E306, 1.7976931348623156E306, 1.7976931348623156E306, 1.7976931348623156E306, 1.7976931348623156E306, 1.7976931348623156E306, 1.7976931348623156E306, 3.595386269724631E306, 1.7976931348623156E306, 5.393079404586947E306, 3.595386269724631E306, 1.7976931348623156E306, 1.7976931348623156E306, 46.0, 1.7976931348623156E306, 1.7976931348623156E306, 3.595386269724631E306, 5.393079404586947E306, 1.7976931348623156E306, 0.0, 5.393079404586947E306, 1.7976931348623156E306, 5.393079404586947E306, 92.0, 1.7976931348623156E306, 1.7976931348623156E306, 1.7976931348623156E306, 1.7976931348623156E306, 1.7976931348623156E306, 1.7976931348623156E306, 1.7976931348623156E306, 1.7976931348623156E306, 1.7976931348623156E306, 1.7976931348623156E306, 1.7976931348623156E306, 1.7976931348623156E306, 1.7976931348623156E306, 1.7976931348623156E306, 1.7976931348623156E306, 1.7976931348623156E306, 1.7976931348623156E306, 1.7976931348623156E306, 1.7976931348623156E306, 1.7976931348623156E306, 1.7976931348623156E306, 1.7976931348623156E306, 1.7976931348623156E306, 1.7976931348623156E306, 1.7976931348623156E306, 1.7976931348623156E306, 1.7976931348623156E306, 1.7976931348623156E306, 1.7976931348623156E306]
1648	MoeSQLmosa	22	1	[4.0, 5.0, 5.0, 5.0, 5.0, 5.0, 5.0, 5.0, 5.0, 5.0, 5.0, 5.0, 5.0, 5.0, 5.0, 27.0, 49.0, 1.0, 0.0, 4.0, 0.0, 1.0, 13.0, 27.0, 4.0, 5.0, 23.0, 24.0, 31.0, 9.0, 22.0, 23.0, 10.0, 5.0, 4.0, 4.0, 5.0, 4.0, 5.0, 4.0, 5.0, 4.0, 5.0, 4.0, 5.0, 4.0, 5.0, 4.0, 5.0, 4.0, 5.0, 4.0, 5.0, 4.0, 5.0, 4.0, 5.0, 4.0, 5.0, 4.0, 5.0]
1648	MoeSQLmosa	23	1	[1.0, 2.0, 2.0, 2.0, 2.0, 2.0, 2.0, 2.0, 2.0, 2.0, 2.0, 2.0, 2.0, 2.0, 2.0, 60.0, 13.0, 14.0, 110.0, 32.0, 44.0, 48.0, 13.0, 1.0, 47.0, 2.0, 13.0, 2.0, 77.0, 31.0, 59.0, 94.0, 0.0, 1.0, 2.0, 1.0, 2.0, 1.0, 2.0, 1.0, 2.0, 1.0, 2.0, 2.0, 1.0, 1.0, 2.0, 1.0, 2.0, 1.0, 2.0, 1.0, 2.0, 1.0, 2.0, 1.0, 2.0, 2.0, 1.0, 2.0, 1.0]
1648	MoeSQLmosa	24	1	[0.0, 1.0, 1.0, 1.0, 1.0, 1.0, 1.0, 1.0, 1.0, 1.0, 1.0, 1.0, 1.0, 1.0, 1.0, 59.0, 12.0, 13.0, 109.0, 31.0, 43.0, 47.0, 12.0, 0.0, 46.0, 1.0, 12.0, 1.0, 76.0, 30.0, 58.0, 93.0, 6.938095238095238, 1.0, 0.0, 0.0, 1.0, 0.0, 1.0, 0.0, 1.0, 0.0, 1.0, 1.0, 0.0, 0.0, 1.0, 0.0, 1.0, 0.0, 1.0, 0.0, 1.0, 0.0, 1.0, 0.0, 1.0, 1.0, 0.0, 1.0, 0.0]
1648	MoeSQLmosa	25	1	[10.0, 11.0, 11.0, 11.0, 0.0, 11.0, 11.0, 11.0, 11.0, 11.0, 11.0, 11.0, 11.0, 11.0, 11.0, 60.0, 22.0, 23.0, 101.0, 41.0, 53.0, 48.0, 22.0, 10.0, 47.0, 11.0, 22.0, 11.0, 77.0, 40.0, 59.0, 85.0, 16.0, 10.0, 11.0, 10.0, 11.0, 10.0, 11.0, 0.0, 1.0, 10.0, 11.0, 10.0, 11.0, 10.0, 11.0, 10.0, 11.0, 10.0, 11.0, 10.0, 11.0, 10.0, 11.0, 11.0, 10.0, 11.0, 10.0, 10.0, 11.0]
1648	MoeSQLmosa	26	1	[1.7976931348623156E306, 1.7976931348623156E306, 1.7976931348623156E306, 1.7976931348623156E306, 1.7976931348623156E306, 1.7976931348623156E306, 1.7976931348623156E306, 1.7976931348623156E306, 1.7976931348623156E306, 1.7976931348623156E306, 1.7976931348623156E306, 1.7976931348623156E306, 1.7976931348623156E306, 1.7976931348623156E306, 1.7976931348623156E306, 1.7976931348623156E306, 1.7976931348623156E306, 0.0, 1.7976931348623156E306, 1.7976931348623156E306, 1.7976931348623156E306, 5.393079404586947E306, 1.7976931348623156E306, 3.595386269724631E306, 3.595386269724631E306, 4.0, 1.7976931348623156E306, 5.393079404586947E306, 3.595386269724631E306, 3.595386269724631E306, 1.7976931348623156E306, 5.393079404586947E306, 1.7976931348623156E306, 1.7976931348623156E306, 1.7976931348623156E306, 1.7976931348623156E306, 1.7976931348623156E306, 1.7976931348623156E306, 1.7976931348623156E306, 1.7976931348623156E306, 1.7976931348623156E306, 1.7976931348623156E306, 1.7976931348623156E306, 1.7976931348623156E306, 1.7976931348623156E306, 1.7976931348623156E306, 1.7976931348623156E306, 1.7976931348623156E306, 1.7976931348623156E306, 1.7976931348623156E306, 1.7976931348623156E306, 1.7976931348623156E306, 1.7976931348623156E306, 1.7976931348623156E306, 1.7976931348623156E306, 1.7976931348623156E306, 1.7976931348623156E306, 1.7976931348623156E306, 1.7976931348623156E306, 1.7976931348623156E306, 1.7976931348623156E306]
1648	MoeSQLmosa	27	1	[1.7976931348623156E306, 1.7976931348623156E306, 1.7976931348623156E306, 1.7976931348623156E306, 1.7976931348623156E306, 1.7976931348623156E306, 1.7976931348623156E306, 1.7976931348623156E306, 1.7976931348623156E306, 1.7976931348623156E306, 1.7976931348623156E306, 1.7976931348623156E306, 1.7976931348623156E306, 1.7976931348623156E306, 1.7976931348623156E306, 1.7976931348623156E306, 1.7976931348623156E306, 5.393079404586947E306, 1.7976931348623156E306, 1.7976931348623156E306, 1.7976931348623156E306, 0.0, 1.7976931348623156E306, 3.595386269724631E306, 1.7976931348623156E306, 5.393079404586947E306, 3.595386269724631E306, 14.0, 3.595386269724631E306, 1.7976931348623156E306, 3.595386269724631E306, 13.0, 1.7976931348623156E306, 1.7976931348623156E306, 1.7976931348623156E306, 1.7976931348623156E306, 1.7976931348623156E306, 1.7976931348623156E306, 1.7976931348623156E306, 1.7976931348623156E306, 1.7976931348623156E306, 1.7976931348623156E306, 1.7976931348623156E306, 1.7976931348623156E306, 1.7976931348623156E306, 1.7976931348623156E306, 1.7976931348623156E306, 1.7976931348623156E306, 1.7976931348623156E306, 1.7976931348623156E306, 1.7976931348623156E306, 1.7976931348623156E306, 1.7976931348623156E306, 1.7976931348623156E306, 1.7976931348623156E306, 1.7976931348623156E306, 1.7976931348623156E306, 1.7976931348623156E306, 1.7976931348623156E306, 1.7976931348623156E306, 1.7976931348623156E306]
1648	MoeSQLmosa	28	1	[0.0, 1.0, 1.0, 1.0, 1.0, 1.0, 1.0, 1.0, 1.0, 1.0, 1.0, 1.0, 1.0, 1.0, 1.0, 59.0, 12.0, 13.0, 109.0, 31.0, 43.0, 47.0, 12.0, 0.0, 46.0, 1.0, 12.0, 1.0, 76.0, 30.0, 58.0, 93.0, 45.22380952380952, 0.0, 1.0, 0.0, 1.0, 0.0, 1.0, 0.0, 1.0, 0.0, 1.0, 1.0, 0.0, 0.0, 1.0, 1.0, 0.0, 0.0, 1.0, 0.0, 1.0, 0.0, 1.0, 0.0, 1.0, 1.0, 0.0, 1.0, 0.0]
1648	MoeSQLmosa	29	1	[18.0, 19.0, 19.0, 19.0, 19.0, 19.0, 19.0, 19.0, 19.0, 19.0, 19.0, 19.0, 19.0, 19.0, 19.0, 18.0, 0.0, 1.0, 29.0, 59.0, 0.0, 18.0, 111.0, 59.0, 76.0, 60.0, 0.0, 1.0, 69.0, 52.0, 17.0, 35.0, 24.938095238095237, 19.0, 18.0, 18.0, 19.0, 18.0, 19.0, 18.0, 19.0, 18.0, 19.0, 18.0, 19.0, 18.0, 19.0, 18.0, 19.0, 18.0, 19.0, 18.0, 19.0, 18.0, 19.0, 18.0, 19.0, 18.0, 19.0, 18.0, 19.0]
1648	MoeSQLmosa	30	1	[0.0, 1.0, 1.0, 1.0, 1.0, 1.0, 1.0, 1.0, 1.0, 1.0, 1.0, 1.0, 1.0, 1.0, 1.0, 7.0, 11.0, 5.0, 2.0, 0.0, 2.0, 1.0, 4.0, 7.0, 2.0, 3.0, 9.0, 6.0, 10.0, 6.0, 6.0, 5.0, 7.894505494505495, 1.0, 0.0, 0.0, 1.0, 0.0, 1.0, 0.0, 1.0, 0.0, 1.0, 0.0, 1.0, 0.0, 1.0, 0.0, 1.0, 0.0, 1.0, 0.0, 1.0, 0.0, 1.0, 0.0, 1.0, 0.0, 1.0, 0.0, 1.0]
1648	MoeSQLmosa	31	1	[0.0, 1.0, 1.0, 1.0, 1.0, 1.0, 1.0, 1.0, 1.0, 1.0, 1.0, 1.0, 1.0, 1.0, 1.0, 59.0, 12.0, 13.0, 109.0, 31.0, 43.0, 47.0, 12.0, 0.0, 46.0, 1.0, 12.0, 1.0, 76.0, 30.0, 58.0, 93.0, 45.22380952380952, 0.0, 1.0, 0.0, 1.0, 0.0, 1.0, 1.0, 0.0, 0.0, 1.0, 1.0, 0.0, 0.0, 1.0, 0.0, 1.0, 0.0, 1.0, 0.0, 1.0, 0.0, 1.0, 0.0, 1.0, 1.0, 0.0, 1.0, 0.0]
1648	MoeSQLmosa	32	1	[0.0, 1.0, 1.0, 1.0, 1.0, 1.0, 1.0, 1.0, 1.0, 1.0, 1.0, 1.0, 1.0, 1.0, 1.0, 12.0, 2.0, 3.0, 27.0, 11.0, 13.0, 10.0, 2.0, 0.0, 9.0, 1.0, 2.0, 1.0, 19.0, 10.0, 11.0, 19.0, 7.894505494505495, 0.0, 1.0, 0.0, 1.0, 0.0, 1.0, 0.0, 1.0, 0.0, 1.0, 0.0, 1.0, 0.0, 1.0, 0.0, 1.0, 0.0, 1.0, 0.0, 1.0, 1.0, 0.0, 0.0, 1.0, 0.0, 1.0, 0.0, 1.0]
1648	MoeSQLmosa	33	1	[0.0, 1.0, 1.0, 1.0, 1.0, 1.0, 1.0, 1.0, 1.0, 1.0, 1.0, 1.0, 1.0, 1.0, 1.0, 18.0, 2.0, 3.0, 27.0, 11.0, 13.0, 16.0, 2.0, 0.0, 15.0, 1.0, 2.0, 1.0, 25.0, 10.0, 17.0, 31.0, 7.894505494505495, 1.0, 0.0, 0.0, 1.0, 1.0, 0.0, 0.0, 1.0, 0.0, 1.0, 0.0, 1.0, 0.0, 1.0, 0.0, 1.0, 0.0, 1.0, 0.0, 1.0, 0.0, 1.0, 0.0, 1.0, 0.0, 1.0, 0.0, 1.0]
1648	MoeSQLmosa	34	1	[0.0, 1.0, 1.0, 1.0, 1.0, 1.0, 1.0, 1.0, 1.0, 1.0, 1.0, 1.0, 1.0, 1.0, 1.0, 29.0, 9.0, 10.0, 42.0, 13.0, 22.0, 20.0, 9.0, 0.0, 19.0, 1.0, 9.0, 1.0, 31.0, 12.0, 28.0, 39.0, 7.498412698412698, 0.0, 1.0, 0.0, 1.0, 0.0, 1.0, 0.0, 1.0, 0.0, 1.0, 0.0, 1.0, 0.0, 1.0, 0.0, 1.0, 0.0, 1.0, 1.0, 0.0, 1.0, 0.0, 0.0, 1.0, 0.0, 1.0, 0.0, 1.0]
1648	MoeSQLmosa	35	1	[0.0, 1.0, 1.0, 1.0, 1.0, 1.0, 1.0, 1.0, 1.0, 1.0, 1.0, 1.0, 1.0, 1.0, 1.0, 0.0, 3.0, 6.0, 3.0, 7.0, 12.0, 4.0, 3.0, 7.0, 3.0, 1.0, 12.0, 8.0, 9.0, 6.0, 6.0, 7.0, 7.894505494505495, 1.0, 0.0, 0.0, 1.0, 0.0, 1.0, 0.0, 1.0, 0.0, 1.0, 0.0, 1.0, 0.0, 1.0, 0.0, 1.0, 0.0, 1.0, 0.0, 1.0, 0.0, 1.0, 0.0, 1.0, 0.0, 1.0, 0.0, 1.0]
1648	MoeSQLmosa	36	1	[1.0, 2.0, 2.0, 2.0, 2.0, 2.0, 2.0, 2.0, 2.0, 2.0, 2.0, 2.0, 2.0, 2.0, 2.0, 1.0, 0.0, 3.0, 7.0, 9.0, 11.0, 2.0, 0.0, 1.0, 0.0, 1.0, 3.0, 3.0, 8.0, 9.0, 0.0, 1.0, 13.778644501278773, 2.0, 1.0, 1.0, 2.0, 1.0, 2.0, 1.0, 2.0, 1.0, 2.0, 1.0, 2.0, 1.0, 2.0, 1.0, 2.0, 1.0, 2.0, 1.0, 2.0, 1.0, 2.0, 1.0, 2.0, 1.0, 2.0, 1.0, 2.0]
1648	MoeSQLmosa	37	1	[1.0, 2.0, 2.0, 2.0, 2.0, 2.0, 2.0, 2.0, 2.0, 2.0, 2.0, 2.0, 2.0, 2.0, 2.0, 22.0, 39.0, 8.0, 0.0, 1.0, 7.0, 1.0, 0.0, 18.0, 0.0, 2.0, 24.0, 19.0, 17.0, 0.0, 18.0, 18.0, 12.778644501278773, 2.0, 1.0, 1.0, 2.0, 1.0, 2.0, 1.0, 2.0, 1.0, 2.0, 1.0, 2.0, 1.0, 2.0, 1.0, 2.0, 1.0, 2.0, 1.0, 2.0, 1.0, 2.0, 1.0, 2.0, 1.0, 2.0, 1.0, 2.0]
1648	MoeSQLmosa	38	1	[1.7976931348623156E306, 1.7976931348623156E306, 1.7976931348623156E306, 1.7976931348623156E306, 1.7976931348623156E306, 1.7976931348623156E306, 1.7976931348623156E306, 1.7976931348623156E306, 1.7976931348623156E306, 1.7976931348623156E306, 1.7976931348623156E306, 1.7976931348623156E306, 1.7976931348623156E306, 1.7976931348623156E306, 1.7976931348623156E306, 3.595386269724631E306, 1.7976931348623156E306, 5.393079404586947E306, 3.595386269724631E306, 1.7976931348623156E306, 1.7976931348623156E306, 1.0, 1.7976931348623156E306, 5.393079404586947E306, 1.7976931348623156E306, 5.393079404586947E306, 5.393079404586947E306, 2.0, 1.7976931348623156E306, 3.595386269724631E306, 1.7976931348623156E306, 0.0, 1.7976931348623156E306, 1.7976931348623156E306, 1.7976931348623156E306, 1.7976931348623156E306, 1.7976931348623156E306, 1.7976931348623156E306, 1.7976931348623156E306, 1.7976931348623156E306, 1.7976931348623156E306, 1.7976931348623156E306, 1.7976931348623156E306, 1.7976931348623156E306, 1.7976931348623156E306, 1.7976931348623156E306, 1.7976931348623156E306, 1.7976931348623156E306, 1.7976931348623156E306, 1.7976931348623156E306, 1.7976931348623156E306, 1.7976931348623156E306, 1.7976931348623156E306, 1.7976931348623156E306, 1.7976931348623156E306, 1.7976931348623156E306, 1.7976931348623156E306, 1.7976931348623156E306, 1.7976931348623156E306, 1.7976931348623156E306, 1.7976931348623156E306]
1648	MoeSQLmosa	39	1	[0.0, 1.0, 1.0, 1.0, 1.0, 1.0, 1.0, 1.0, 1.0, 1.0, 1.0, 1.0, 1.0, 1.0, 1.0, 2.0, 1.0, 8.0, 8.0, 2.0, 8.0, 2.0, 1.0, 2.0, 1.0, 2.0, 8.0, 3.0, 0.0, 1.0, 1.0, 1.0, 13.61628540305011, 0.0, 1.0, 0.0, 1.0, 0.0, 1.0, 0.0, 1.0, 0.0, 1.0, 0.0, 1.0, 0.0, 1.0, 0.0, 1.0, 0.0, 1.0, 0.0, 1.0, 0.0, 1.0, 0.0, 1.0, 0.0, 1.0, 0.0, 1.0]
1648	MOTGA	0	33	[0.0, 0.0, 0.0, 0.0, 0.0, 0.0, 0.0, 0.0, 0.0, 0.0, 0.0, 0.0, 0.0, 0.0, 0.0, 0.0, 0.0, 0.0, 0.0, 0.0, 0.0, 0.0, 0.0, 0.0, 0.0, 0.0, 0.0, 0.0, 0.0, 0.0, 0.0, 0.0, 0.0, 0.0, 0.0, 0.0, 0.0, 0.0, 0.0, 0.0, 0.0, 0.0, 0.0, 0.0, 0.0, 0.0, 0.0, 0.0, 0.0, 0.0, 0.0, 0.0, 0.0, 0.0, 0.0, 0.0, 0.0, 0.0, 0.0, 0.0, 0.0]
1649	MoeSQLmosa	0	1	[5.919897903768872, 0.0, 1.0, 6.919897903768872, 6.919897903768872, 6.919897903768872, 6.919897903768872]
1649	MoeSQLmosa	1	1	[1.7976931348623156E306, 1.7976931348623156E306, 1.7976931348623156E306, 1.7976931348623156E306, 1.7976931348623156E306, 1.7976931348623156E306, 0.0]
1649	MoeSQLmosa	2	1	[5.919897903768872, 6.919897903768872, 6.919897903768872, 6.919897903768872, 6.919897903768872, 0.0, 1.0]
1649	MoeSQLmosa	3	1	[0.0, 1.0, 1.0, 1.0, 1.0, 1.0, 1.0]
1649	MoeSQLmosa	4	1	[14.875, 15.875, 15.875, 0.0, 1.0, 15.875, 15.875]
1649	MoeSQLmosa	5	1	[1.7976931348623156E306, 1.7976931348623156E306, 0.0, 1.7976931348623156E306, 1.7976931348623156E306, 1.7976931348623156E306, 1.7976931348623156E306]
1649	MoeSQLmosa	6	1	[1.7976931348623156E306, 1.7976931348623156E306, 1.7976931348623156E306, 1.7976931348623156E306, 0.0, 1.7976931348623156E306, 1.7976931348623156E306]
1649	MOTGA	0	7	[0.0, 0.0, 0.0, 0.0, 0.0, 0.0, 0.0]
1650	MoeSQLmosa	0	1	[34.5, 33.5, 34.5, 33.5, 0.0]
1650	MoeSQLmosa	1	1	[1.0, 0.0, 1.0, 0.0, 1.0]
1650	MoeSQLmosa	2	1	[2.0, 1.0, 0.0, 1.0, 2.0]
1650	MoeSQLmosa	3	1	[0.0, 1.0, 2.0, 1.0, 2.0]
1650	MOTGA	0	4	[0.0, 0.0, 0.0, 0.0, 0.0]
1651	MoeSQLmosa	0	1	[30.909090909090907, 0.0, 1.0, 31.909090909090907, 31.909090909090907, 31.909090909090907, 31.909090909090907]
1651	MoeSQLmosa	1	1	[30.905304496147195, 31.905304496147195, 31.905304496147195, 31.905304496147195, 31.905304496147195, 0.0, 1.0]
1651	MoeSQLmosa	2	1	[30.299950694485258, 31.299950694485258, 31.299950694485258, 0.0, 1.0, 31.299950694485258, 31.299950694485258]
1651	MoeSQLmosa	3	1	[1.7976931348623156E306, 1.7976931348623156E306, 0.0, 1.7976931348623156E306, 1.7976931348623156E306, 1.7976931348623156E306, 1.7976931348623156E306]
1651	MoeSQLmosa	4	1	[0.0, 1.0, 1.0, 1.0, 1.0, 1.0, 1.0]
1651	MoeSQLmosa	5	1	[1.7976931348623156E306, 1.7976931348623156E306, 1.7976931348623156E306, 1.7976931348623156E306, 1.7976931348623156E306, 1.7976931348623156E306, 0.0]
1651	MoeSQLmosa	6	1	[1.7976931348623156E306, 1.7976931348623156E306, 1.7976931348623156E306, 1.7976931348623156E306, 0.0, 1.7976931348623156E306, 1.7976931348623156E306]
1651	MOTGA	0	7	[0.0, 0.0, 0.0, 0.0, 0.0, 0.0, 0.0]
1652	MoeSQLmosa	0	1	[6.96969696969697, 7.96969696969697, 7.96969696969697, 7.96969696969697, 7.96969696969697, 0.0, 1.0, 42.140692640692635]
1652	MoeSQLmosa	1	1	[0.0, 1.0, 1.0, 1.0, 1.0, 1.0, 1.0, 37.01225490196079]
1652	MoeSQLmosa	2	1	[2.0, 3.0, 3.0, 0.0, 1.0, 3.0, 3.0, 39.01225490196079]
1652	MoeSQLmosa	3	1	[14.607843137254902, 0.0, 1.0, 15.607843137254902, 15.607843137254902, 15.607843137254902, 15.607843137254902, 51.62009803921569]
1652	MoeSQLmosa	4	1	[1.0, 2.0, 2.0, 2.0, 2.0, 2.0, 2.0, 0.0]
1652	MoeSQLmosa	5	1	[1.7976931348623156E306, 1.7976931348623156E306, 1.7976931348623156E306, 1.7976931348623156E306, 0.0, 1.7976931348623156E306, 1.7976931348623156E306, 1.7976931348623156E306]
1652	MoeSQLmosa	6	2	[1.7976931348623156E306, 1.7976931348623156E306, 0.0, 1.7976931348623156E306, 1.7976931348623156E306, 1.7976931348623156E306, 0.0, 1.7976931348623156E306]
1652	MOTGA	0	8	[0.0, 0.0, 0.0, 0.0, 0.0, 0.0, 0.0, 0.0]
1653	MoeSQLmosa	0	2	[0.0, 0.0]
1653	MOTGA	0	2	[0.0, 0.0]
1654	MoeSQLmosa	0	1	[0.0, 1.0, 1.0, 1.0, 1.0]
1654	MoeSQLmosa	1	1	[1.7976931348623156E306, 1.7976931348623156E306, 1.7976931348623156E306, 1.7976931348623156E306, 0.0]
1654	MoeSQLmosa	2	1	[32.31372549019608, 33.31372549019608, 33.31372549019608, 0.0, 1.0]
1654	MoeSQLmosa	3	1	[28.66714285714286, 0.0, 1.0, 29.66714285714286, 29.66714285714286]
1654	MoeSQLmosa	4	1	[1.7976931348623156E306, 1.7976931348623156E306, 0.0, 1.7976931348623156E306, 1.7976931348623156E306]
1654	MOTGA	0	5	[0.0, 0.0, 0.0, 0.0, 0.0]
1655	MoeSQLmosa	0	1	[0.0, 8.165638440523233]
1655	MoeSQLmosa	1	1	[1.0, 0.0]
1655	MOTGA	0	2	[0.0, 0.0]
1657	MoeSQLmosa	0	1	[1.0, 25.463292589763178, 0.0, 1.0]
1657	MoeSQLmosa	1	1	[0.0, 29.48367568677166, 16.385541125541124, 1.0]
1657	MoeSQLmosa	2	1	[1.0, 0.0, 43.33626482213438, 2.0]
1657	MoeSQLmosa	3	1	[1.7976931348623156E306, 1.7976931348623156E306, 1.7976931348623156E306, 0.0]
1657	MOTGA	0	4	[0.0, 0.0, 0.0, 0.0]
1658	MoeSQLmosa	0	1	[1.0, 0.0]
1658	MoeSQLmosa	1	1	[0.0, 32.35371753949045]
1658	MOTGA	0	2	[0.0, 0.0]
1659	MoeSQLmosa	0	1	[1.0, 0.0, 1.0, 2.0]
1659	MoeSQLmosa	1	1	[0.0, 15.885531301314284, 1.0, 3.0]
1659	MoeSQLmosa	2	1	[1.7976931348623156E306, 1.7976931348623156E306, 0.0, 3.0]
1659	MoeSQLmosa	3	3	[1.0, 0.0, 1.0, 0.0]
1659	MOTGA	0	5	[0.0, 0.0, 0.0, 0.0]
1660	MoeSQLmosa	0	1	[1.0, 0.0, 1.0]
1660	MoeSQLmosa	1	1	[0.0, 18.076756576756576, 1.0]
1660	MoeSQLmosa	2	1	[1.7976931348623156E306, 1.7976931348623156E306, 0.0]
1660	MOTGA	0	3	[0.0, 0.0, 0.0]
1661	MoeSQLmosa	0	1	[28.412698412698415, 29.412698412698415, 29.412698412698415, 29.412698412698415, 29.412698412698415, 0.0, 1.0]
1661	MoeSQLmosa	1	1	[21.933333333333334, 22.933333333333334, 22.933333333333334, 0.0, 1.0, 22.933333333333334, 22.933333333333334]
1661	MoeSQLmosa	2	2	[22.87840818601688, 0.0, 1.0, 23.87840818601688, 23.87840818601688, 23.87840818601688, 0.0]
1661	MoeSQLmosa	3	1	[0.0, 1.0, 1.0, 1.0, 1.0, 1.0, 1.0]
1661	MoeSQLmosa	4	1	[1.7976931348623156E306, 1.7976931348623156E306, 1.7976931348623156E306, 1.7976931348623156E306, 0.0, 1.7976931348623156E306, 1.7976931348623156E306]
1661	MoeSQLmosa	5	1	[1.7976931348623156E306, 1.7976931348623156E306, 0.0, 1.7976931348623156E306, 1.7976931348623156E306, 1.7976931348623156E306, 1.7976931348623156E306]
1661	MOTGA	0	7	[0.0, 0.0, 0.0, 0.0, 0.0, 0.0, 0.0]
1662	MoeSQLmosa	0	1	[0.0, 45.236489898989895]
1662	MoeSQLmosa	1	1	[1.0, 0.0]
1662	MOTGA	0	2	[0.0, 0.0]
1663	MoeSQLmosa	0	1	[0.0, 28.434188034188033, 1.0]
1663	MoeSQLmosa	1	1	[1.0, 0.0, 1.0]
1663	MoeSQLmosa	2	1	[1.7976931348623156E306, 1.7976931348623156E306, 0.0]
1663	MOTGA	0	3	[0.0, 0.0, 0.0]
1664	MoeSQLmosa	0	1	[10.537094828885873, 11.537094828885873, 11.537094828885873, 0.0, 1.0, 11.537094828885873, 11.537094828885873]
1664	MoeSQLmosa	1	1	[1.7976931348623156E306, 1.7976931348623156E306, 1.7976931348623156E306, 1.7976931348623156E306, 0.0, 1.7976931348623156E306, 1.7976931348623156E306]
1664	MoeSQLmosa	2	1	[10.956521739130435, 11.956521739130435, 11.956521739130435, 11.956521739130435, 11.956521739130435, 0.0, 1.0]
1664	MoeSQLmosa	3	1	[9.354791780323696, 0.0, 1.0, 10.354791780323696, 10.354791780323696, 10.354791780323696, 10.354791780323696]
1664	MoeSQLmosa	4	1	[0.0, 1.0, 1.0, 1.0, 1.0, 1.0, 1.0]
1664	MoeSQLmosa	5	1	[1.7976931348623156E306, 1.7976931348623156E306, 0.0, 1.7976931348623156E306, 1.7976931348623156E306, 1.7976931348623156E306, 1.7976931348623156E306]
1664	MoeSQLmosa	6	1	[1.7976931348623156E306, 1.7976931348623156E306, 1.7976931348623156E306, 1.7976931348623156E306, 1.7976931348623156E306, 1.7976931348623156E306, 0.0]
1664	MOTGA	0	7	[0.0, 0.0, 0.0, 0.0, 0.0, 0.0, 0.0]
1665	MoeSQLmosa	0	2	[1.0, 0.0, 0.0]
1665	MoeSQLmosa	1	1	[0.0, 27.199855699855696, 1.0]
1665	MOTGA	0	3	[0.0, 0.0, 0.0]
1666	MoeSQLmosa	0	1	[0.0, 0.0, 1.0]
1666	MoeSQLmosa	1	1	[0.0, 1.0, 0.0]
1666	MOTGA	0	2	[0.0, 0.0, 0.0]
1667	MoeSQLmosa	0	3	[0.0]
1667	MOTGA	0	3	[0.0]
1668	MoeSQLmosa	0	1	[12.152432192484255, 13.152432192484255, 13.152432192484255, 13.152432192484255, 13.152432192484255, 13.152432192484255, 13.152432192484255, 13.152432192484255, 13.152432192484255, 12.152432192484255, 13.152432192484255, 13.152432192484255, 0.0, 1.0, 3.0, 3.0]
1668	MoeSQLmosa	1	1	[18.419642857142858, 19.419642857142858, 19.419642857142858, 19.419642857142858, 19.419642857142858, 19.419642857142858, 19.419642857142858, 1.7976931348623156E306, 18.419642857142858, 1.7976931348623156E306, 0.0, 1.0, 19.419642857142858, 19.419642857142858, 3.0, 3.0]
1668	MoeSQLmosa	2	1	[0.0, 1.0, 1.0, 1.0, 1.0, 1.0, 1.0, 1.7976931348623156E306, 0.0, 1.7976931348623156E306, 1.0, 1.0, 1.0, 1.0, 2.0, 2.0]
1668	MoeSQLmosa	3	1	[18.353053363695242, 19.353053363695242, 19.353053363695242, 19.353053363695242, 19.353053363695242, 0.0, 1.0, 1.7976931348623156E306, 18.353053363695242, 1.7976931348623156E306, 19.353053363695242, 19.353053363695242, 19.353053363695242, 19.353053363695242, 3.0, 3.0]
1668	MoeSQLmosa	4	1	[17.822443014995077, 0.0, 1.0, 18.822443014995077, 18.822443014995077, 18.822443014995077, 18.822443014995077, 1.7976931348623156E306, 17.822443014995077, 1.7976931348623156E306, 18.822443014995077, 18.822443014995077, 18.822443014995077, 18.822443014995077, 3.0, 3.0]
1668	MoeSQLmosa	5	1	[1.0, 2.0, 2.0, 2.0, 2.0, 2.0, 2.0, 0.0, 1.0, 8.0, 2.0, 2.0, 2.0, 2.0, 3.0, 3.0]
1668	MoeSQLmosa	6	1	[1.7976931348623156E306, 1.7976931348623156E306, 1.7976931348623156E306, 1.7976931348623156E306, 1.7976931348623156E306, 1.7976931348623156E306, 1.7976931348623156E306, 1.7976931348623156E306, 1.7976931348623156E306, 1.7976931348623156E306, 1.7976931348623156E306, 0.0, 1.7976931348623156E306, 1.7976931348623156E306, 3.0, 3.0]
1668	MoeSQLmosa	7	1	[0.0, 1.0, 1.0, 1.0, 1.0, 1.0, 1.0, 1.0, 1.0, 0.0, 1.0, 1.0, 1.0, 1.0, 2.0, 2.0]
1668	MoeSQLmosa	8	1	[22.0, 23.0, 23.0, 0.0, 1.0, 23.0, 23.0, 1.7976931348623156E306, 22.0, 1.7976931348623156E306, 23.0, 23.0, 23.0, 23.0, 3.0, 3.0]
1668	MoeSQLmosa	9	1	[1.7976931348623156E306, 1.7976931348623156E306, 1.7976931348623156E306, 1.7976931348623156E306, 1.7976931348623156E306, 1.7976931348623156E306, 1.7976931348623156E306, 3.595386269724631E306, 1.7976931348623156E306, 3.595386269724631E306, 1.7976931348623156E306, 1.7976931348623156E306, 1.7976931348623156E306, 0.0, 3.0, 3.0]
1668	MoeSQLmosa	10	1	[1.7976931348623156E306, 1.7976931348623156E306, 1.7976931348623156E306, 1.7976931348623156E306, 1.7976931348623156E306, 1.7976931348623156E306, 0.0, 3.595386269724631E306, 1.7976931348623156E306, 3.595386269724631E306, 1.7976931348623156E306, 1.7976931348623156E306, 1.7976931348623156E306, 1.7976931348623156E306, 3.0, 3.0]
1668	MoeSQLmosa	11	1	[1.7976931348623156E306, 1.7976931348623156E306, 0.0, 1.7976931348623156E306, 1.7976931348623156E306, 1.7976931348623156E306, 1.7976931348623156E306, 3.595386269724631E306, 1.7976931348623156E306, 3.595386269724631E306, 1.7976931348623156E306, 1.7976931348623156E306, 1.7976931348623156E306, 1.7976931348623156E306, 3.0, 3.0]
1668	MoeSQLmosa	12	1	[1.7976931348623156E306, 1.7976931348623156E306, 1.7976931348623156E306, 1.7976931348623156E306, 0.0, 1.7976931348623156E306, 1.7976931348623156E306, 3.595386269724631E306, 1.7976931348623156E306, 3.595386269724631E306, 1.7976931348623156E306, 1.7976931348623156E306, 1.7976931348623156E306, 1.7976931348623156E306, 3.0, 3.0]
1668	MOTGA	0	13	[0.0, 0.0, 0.0, 0.0, 0.0, 0.0, 0.0, 0.0, 0.0, 0.0, 0.0, 0.0, 0.0, 0.0, 1.0, 1.0]
1669	MoeSQLmosa	0	1	[1.0, 0.0, 0.0, 1.0]
1669	MoeSQLmosa	1	1	[0.0, 8.0, 0.0, 1.0]
1669	MoeSQLmosa	2	1	[1.0, 0.0, 1.0, 0.0]
1669	MOTGA	0	2	[0.0, 0.0, 0.0, 0.0]
1670	MoeSQLmosa	0	1	[1.0, 0.0]
1670	MoeSQLmosa	1	1	[0.0, 16.665332786719706]
1670	MOTGA	0	2	[0.0, 0.0]
1671	MoeSQLmosa	0	1	[7.441410018552876, 49.58307668521954, 8.441410018552876, 0.0, 1.0, 13.34243787001176, 8.441410018552876, 7.441410018552876, 8.441410018552876]
1671	MoeSQLmosa	1	1	[1.0, 0.0, 1.0, 2.0, 2.0, 9.743849912650512, 2.0, 1.0, 2.0]
1671	MoeSQLmosa	2	1	[0.0, 7.441410018552876, 1.0, 1.0, 1.0, 8.743849912650512, 1.0, 0.0, 1.0]
1671	MoeSQLmosa	3	1	[1.0, 27.36287878787879, 2.0, 2.0, 2.0, 21.73974358974359, 2.0, 1.0, 0.0]
1671	MoeSQLmosa	4	1	[1.0, 6.901027851458886, 2.0, 2.0, 2.0, 0.0, 2.0, 1.0, 2.0]
1671	MoeSQLmosa	5	1	[1.7976931348623156E306, 1.7976931348623156E306, 1.7976931348623156E306, 1.7976931348623156E306, 0.0, 1.7976931348623156E306, 1.7976931348623156E306, 1.7976931348623156E306, 1.7976931348623156E306]
1671	MoeSQLmosa	6	1	[1.0, 8.441410018552876, 2.0, 2.0, 2.0, 6.901027851458886, 0.0, 1.0, 2.0]
1671	MoeSQLmosa	7	1	[1.7976931348623156E306, 1.7976931348623156E306, 0.0, 1.7976931348623156E306, 1.7976931348623156E306, 1.7976931348623156E306, 1.7976931348623156E306, 1.7976931348623156E306, 1.7976931348623156E306]
1671	MOTGA	0	8	[0.0, 0.0, 0.0, 0.0, 0.0, 0.0, 0.0, 0.0, 0.0]
1672	MoeSQLmosa	0	2	[0.0, 0.0]
1672	MOTGA	0	2	[0.0, 0.0]
1673	MoeSQLmosa	0	3	[0.0]
1673	MOTGA	0	3	[0.0]
1674	MoeSQLmosa	0	1	[1.0, 0.0, 1.0]
1674	MoeSQLmosa	1	1	[0.0, 20.712728101686672, 1.0]
1674	MoeSQLmosa	2	1	[1.7976931348623156E306, 1.7976931348623156E306, 0.0]
1674	MOTGA	0	3	[0.0, 0.0, 0.0]
1675	MoeSQLmosa	0	1	[0.0, 12.468489405331509]
1675	MoeSQLmosa	1	1	[1.0, 0.0]
1675	MOTGA	0	2	[0.0, 0.0]
1676	MoeSQLmosa	0	3	[882.8911836855955, 881.8911836855955, 880.8911836855955, 20.89118368559545, 21.89118368559545, 19.89118368559545, 20.89118368559545, 21.89118368559545, 19.89118368559545, 19.89118368559545, 2.0, 0.0, 1.0, 1.0, 20.89118368559545, 20.89118368559545, 20.89118368559545, 20.89118368559545]
1676	MoeSQLmosa	1	3	[18.202065883837246, 18.202065883837246, 18.202065883837246, 18.202065883837246, 18.202065883837246, 18.202065883837246, 18.202065883837246, 18.202065883837246, 40.09008847877269, 40.09008847877269, 0.0, 18.202065883837246, 18.202065883837246, 0.0, 18.202065883837246, 18.202065883837246, 18.202065883837246, 18.202065883837246]
1676	MoeSQLmosa	2	3	[661.0, 660.0, 659.0, 1.0, 2.0, 0.0, 1.0, 2.0, 2.0, 3.0, 2.0, 2.0, 3.0, 1.0, 1.0, 1.0, 1.0, 1.0]
1676	MoeSQLmosa	3	3	[1.0, 0.0, 1.0, 1.0, 2.0, 2.0, 1.0, 2.0, 2.0, 3.0, 2.0, 3.0, 4.0, 2.0, 1.0, 1.0, 1.0, 1.0]
1676	MoeSQLmosa	4	5	[96.0, 95.0, 94.0, 0.0, 1.0, 1.0, 0.0, 0.0, 1.0, 2.0, 2.0, 2.0, 3.0, 2.0, 0.0, 1.0, 1.0, 1.0]
1676	MoeSQLmosa	5	3	[2.0, 1.0, 0.0, 0.0, 1.0, 1.0, 0.0, 1.0, 1.0, 2.0, 2.0, 2.0, 3.0, 2.0, 1.0, 1.0, 1.0, 2.0]
1676	MoeSQLmosa	6	3	[1.7976931348623156E306, 1.7976931348623156E306, 1.7976931348623156E306, 1.7976931348623156E306, 1.7976931348623156E306, 1.7976931348623156E306, 1.7976931348623156E306, 1.7976931348623156E306, 1.7976931348623156E306, 1.7976931348623156E306, 2.0, 1.0, 0.0, 523.0, 1.7976931348623156E306, 1.7976931348623156E306, 1.7976931348623156E306, 1.7976931348623156E306]
1676	MoeSQLmosa	7	3	[19.628333752199644, 19.628333752199644, 19.628333752199644, 19.628333752199644, 19.628333752199644, 19.628333752199644, 19.628333752199644, 19.628333752199644, 0.0, 1.0, 0.0, 19.628333752199644, 19.628333752199644, 2.0, 19.628333752199644, 19.628333752199644, 19.628333752199644, 19.628333752199644]
1676	MoeSQLmosa	8	4	[785.0, 784.0, 783.0, 0.0, 1.0, 1.0, 0.0, 1.0, 1.0, 2.0, 2.0, 2.0, 3.0, 2.0, 1.0, 1.0, 0.0, 2.0]
1676	MoeSQLmosa	9	5	[96.0, 95.0, 94.0, 0.0, 1.0, 1.0, 0.0, 1.0, 1.0, 2.0, 2.0, 2.0, 3.0, 2.0, 0.0, 1.0, 1.0, 0.0]
1676	MoeSQLmosa	10	3	[0.0, 1.0, 2.0, 2.0, 3.0, 3.0, 2.0, 3.0, 3.0, 4.0, 2.0, 4.0, 5.0, 2.0, 2.0, 2.0, 2.0, 2.0]
1676	MoeSQLmosa	11	3	[1.7976931348623156E306, 1.7976931348623156E306, 1.7976931348623156E306, 1.7976931348623156E306, 1.7976931348623156E306, 1.7976931348623156E306, 1.7976931348623156E306, 1.7976931348623156E306, 1.7976931348623156E306, 0.0, 0.0, 1.7976931348623156E306, 1.7976931348623156E306, 2.0, 1.7976931348623156E306, 1.7976931348623156E306, 1.7976931348623156E306, 1.7976931348623156E306]
1676	MoeSQLmosa	12	5	[2.0, 1.0, 0.0, 0.0, 1.0, 1.0, 0.0, 1.0, 0.8333333333333334, 0.8333333333333334, 2.0, 2.0, 3.0, 2.0, 1.0, 0.0, 1.0, 2.0]
1676	MoeSQLmosa	13	3	[207.75, 206.75, 205.75, 1.75, 0.0, 2.75, 1.75, 2.75, 2.75, 2.0, 2.0, 3.75, 4.75, 2.0, 1.75, 1.75, 1.75, 1.75]
1676	MOTGA	0	3	[19.628333752199644, 19.628333752199644, 19.628333752199644, 19.628333752199644, 19.628333752199644, 19.628333752199644, 19.628333752199644, 19.628333752199644, 0.0, 1.0, 0.0, 19.628333752199644, 19.628333752199644, 2.0, 19.628333752199644, 19.628333752199644, 19.628333752199644, 19.628333752199644]
1676	MOTGA	1	27	[0.0, 0.0, 0.0, 0.0, 0.0, 0.0, 0.0, 0.0, 0.8333333333333334, 0.0, 2.0, 0.0, 0.0, 2.0, 0.0, 0.0, 0.0, 0.0]
1677	MoeSQLmosa	0	1	[9.0, 8.0, 9.0, 17.0, 10.0, 10.0, 12.0, 11.0, 10.0, 9.0, 8.0, 9.0, 9.0, 8.0, 9.0, 8.0, 9.0, 9.0, 9.0, 9.0, 9.0, 9.0, 9.0, 9.0, 0.0, 8.0, 9.0, 8.0, 9.0, 8.0, 9.0, 8.0, 9.0, 8.0, 9.0, 9.0, 8.0, 8.0, 9.0, 8.0, 9.0, 8.0, 9.0, 0.0, 1.0]
1677	MoeSQLmosa	1	1	[0.0, 14.0, 1.0, 8.0, 1.0, 1.0, 4.0, 3.0, 2.0, 2.0, 1.0, 2.0, 2.0, 1.0, 2.0, 1.0, 2.0, 2.0, 2.0, 2.0, 2.0, 2.0, 2.0, 2.0, 2.0, 1.0, 2.0, 1.0, 2.0, 1.0, 2.0, 1.0, 2.0, 1.0, 2.0, 2.0, 1.0, 1.0, 2.0, 1.0, 2.0, 1.0, 2.0, 1.0, 2.0]
1677	MoeSQLmosa	2	1	[24.0, 23.0, 24.0, 32.0, 25.0, 25.0, 27.0, 26.0, 25.0, 24.0, 23.0, 24.0, 24.0, 23.0, 24.0, 23.0, 24.0, 24.0, 24.0, 24.0, 0.0, 24.0, 24.0, 24.0, 24.0, 23.0, 24.0, 23.0, 24.0, 23.0, 24.0, 23.0, 24.0, 23.0, 24.0, 0.0, 1.0, 23.0, 24.0, 23.0, 24.0, 23.0, 24.0, 23.0, 24.0]
1677	MoeSQLmosa	3	1	[2.0, 28.266948545832616, 3.0, 1.0, 3.0, 3.0, 4.0, 3.0, 2.0, 2.0, 1.0, 2.0, 2.0, 1.0, 0.0, 1.0, 2.0, 2.0, 2.0, 2.0, 2.0, 2.0, 2.0, 2.0, 2.0, 2.0, 3.0, 1.0, 2.0, 1.0, 2.0, 1.0, 2.0, 1.0, 2.0, 1.0, 2.0, 1.0, 2.0, 1.0, 2.0, 1.0, 2.0, 1.0, 2.0]
1677	MoeSQLmosa	4	1	[1.0, 15.0, 2.0, 9.0, 0.0, 0.0, 3.0, 2.0, 1.0, 1.0, 0.0, 1.0, 1.0, 0.0, 1.0, 0.0, 1.0, 1.0, 1.0, 1.0, 1.0, 1.0, 1.0, 1.0, 1.0, 0.0, 1.0, 0.0, 1.0, 0.0, 1.0, 0.0, 1.0, 0.0, 1.0, 0.0, 1.0, 0.0, 1.0, 0.0, 1.0, 0.0, 1.0, 0.0, 1.0]
1677	MoeSQLmosa	5	1	[2.0, 28.266948545832616, 3.0, 1.0, 3.0, 3.0, 897.0, 896.0, 895.0, 2.0, 1.0, 2.0, 0.0, 1.0, 2.0, 1.0, 2.0, 2.0, 2.0, 2.0, 2.0, 2.0, 2.0, 2.0, 2.0, 2.0, 3.0, 1.0, 2.0, 1.0, 2.0, 1.0, 2.0, 1.0, 2.0, 1.0, 2.0, 1.0, 2.0, 1.0, 2.0, 2.0, 1.0, 1.0, 2.0]
1677	MoeSQLmosa	6	1	[1.0, 15.0, 2.0, 0.0, 2.0, 2.0, 2.0, 1.0, 0.0, 1.0, 0.0, 1.0, 1.0, 0.0, 1.0, 0.0, 1.0, 1.0, 1.0, 1.0, 1.0, 1.0, 1.0, 1.0, 1.0, 1.0, 2.0, 0.0, 1.0, 0.0, 1.0, 0.0, 1.0, 0.0, 1.0, 1.0, 0.0, 0.0, 1.0, 0.0, 1.0, 0.0, 1.0, 0.0, 1.0]
1677	MoeSQLmosa	7	1	[1.0, 0.0, 1.0, 9.0, 2.0, 2.0, 4.0, 3.0, 2.0, 1.0, 0.0, 1.0, 1.0, 0.0, 1.0, 0.0, 1.0, 1.0, 1.0, 1.0, 1.0, 1.0, 1.0, 1.0, 1.0, 0.0, 1.0, 0.0, 1.0, 0.0, 1.0, 0.0, 1.0, 0.0, 1.0, 1.0, 0.0, 0.0, 1.0, 0.0, 1.0, 0.0, 1.0, 0.0, 1.0]
1677	MoeSQLmosa	8	1	[1.0, 15.0, 2.0, 9.0, 0.0, 0.0, 3.0, 2.0, 1.0, 1.0, 0.0, 1.0, 1.0, 0.0, 1.0, 0.0, 1.0, 1.0, 1.0, 1.0, 1.0, 1.0, 1.0, 1.0, 1.0, 0.0, 1.0, 0.0, 1.0, 0.0, 1.0, 0.0, 1.0, 0.0, 1.0, 0.0, 1.0, 0.0, 1.0, 0.0, 1.0, 0.0, 1.0, 1.0, 0.0]
1677	MoeSQLmosa	9	1	[9.711785926491808, 23.711785926491807, 10.711785926491808, 17.711785926491807, 8.711785926491808, 8.711785926491808, 11.711785926491808, 10.711785926491808, 9.711785926491808, 9.711785926491808, 8.711785926491808, 9.711785926491808, 9.711785926491808, 8.711785926491808, 9.711785926491808, 8.711785926491808, 9.711785926491808, 0.0, 9.711785926491808, 9.711785926491808, 9.711785926491808, 9.711785926491808, 9.711785926491808, 9.711785926491808, 9.711785926491808, 8.711785926491808, 9.711785926491808, 8.711785926491808, 9.711785926491808, 0.0, 1.0, 8.711785926491808, 9.711785926491808, 8.711785926491808, 9.711785926491808, 8.711785926491808, 9.711785926491808, 8.711785926491808, 9.711785926491808, 8.711785926491808, 9.711785926491808, 8.711785926491808, 9.711785926491808, 8.711785926491808, 9.711785926491808]
1677	MoeSQLmosa	10	1	[1.0, 27.266948545832616, 2.0, 0.0, 2.0, 2.0, 896.0, 895.0, 894.0, 1.0, 0.0, 1.0, 1.0, 0.0, 1.0, 0.0, 1.0, 1.0, 1.0, 1.0, 1.0, 1.0, 1.0, 1.0, 1.0, 1.0, 2.0, 0.0, 1.0, 0.0, 1.0, 0.0, 1.0, 0.0, 1.0, 0.0, 1.0, 0.0, 1.0, 0.0, 1.0, 1.0, 0.0, 0.0, 1.0]
1677	MoeSQLmosa	11	1	[7.742424242424242, 34.009372788256854, 8.742424242424242, 6.742424242424242, 8.742424242424242, 8.742424242424242, 911.7424242424242, 910.7424242424242, 909.7424242424242, 7.742424242424242, 6.742424242424242, 7.742424242424242, 7.742424242424242, 6.742424242424242, 7.742424242424242, 6.742424242424242, 7.742424242424242, 7.742424242424242, 7.742424242424242, 7.742424242424242, 7.742424242424242, 7.742424242424242, 7.742424242424242, 0.0, 7.742424242424242, 7.742424242424242, 8.742424242424242, 6.742424242424242, 7.742424242424242, 6.742424242424242, 7.742424242424242, 6.742424242424242, 7.742424242424242, 7.742424242424242, 6.742424242424242, 6.742424242424242, 7.742424242424242, 6.742424242424242, 7.742424242424242, 6.742424242424242, 7.742424242424242, 0.0, 1.0, 6.742424242424242, 7.742424242424242]
1677	MoeSQLmosa	12	1	[21.0, 35.0, 22.0, 29.0, 20.0, 20.0, 23.0, 22.0, 21.0, 21.0, 20.0, 21.0, 21.0, 20.0, 21.0, 20.0, 21.0, 21.0, 21.0, 21.0, 21.0, 0.0, 21.0, 21.0, 21.0, 20.0, 21.0, 20.0, 21.0, 20.0, 21.0, 20.0, 21.0, 20.0, 21.0, 20.0, 21.0, 0.0, 1.0, 20.0, 21.0, 20.0, 21.0, 20.0, 21.0]
1677	MoeSQLmosa	13	1	[1.7976931348623156E306, 1.7976931348623156E306, 0.0, 1.7976931348623156E306, 1.7976931348623156E306, 1.7976931348623156E306, 1.7976931348623156E306, 1.7976931348623156E306, 1.7976931348623156E306, 1.7976931348623156E306, 1.7976931348623156E306, 1.7976931348623156E306, 1.7976931348623156E306, 1.7976931348623156E306, 1.7976931348623156E306, 1.7976931348623156E306, 1.7976931348623156E306, 1.7976931348623156E306, 1.7976931348623156E306, 1.7976931348623156E306, 1.7976931348623156E306, 1.7976931348623156E306, 1.7976931348623156E306, 1.7976931348623156E306, 1.7976931348623156E306, 1.7976931348623156E306, 1.7976931348623156E306, 1.7976931348623156E306, 1.7976931348623156E306, 1.7976931348623156E306, 1.7976931348623156E306, 1.7976931348623156E306, 1.7976931348623156E306, 1.7976931348623156E306, 1.7976931348623156E306, 1.7976931348623156E306, 1.7976931348623156E306, 1.7976931348623156E306, 1.7976931348623156E306, 1.7976931348623156E306, 1.7976931348623156E306, 1.7976931348623156E306, 1.7976931348623156E306, 1.7976931348623156E306, 1.7976931348623156E306]
1677	MoeSQLmosa	14	1	[2.0, 17.0, 3.0, 10.0, 1.0, 1.0, 4.0, 3.0, 2.0, 0.0, 1.0, 2.0, 2.0, 1.0, 2.0, 1.0, 2.0, 2.0, 2.0, 2.0, 2.0, 2.0, 2.0, 2.0, 2.0, 1.0, 2.0, 1.0, 2.0, 1.0, 2.0, 1.0, 2.0, 1.0, 2.0, 1.0, 2.0, 1.0, 2.0, 1.0, 2.0, 1.0, 2.0, 1.0, 2.0]
1677	MoeSQLmosa	15	1	[1.0, 15.0, 2.0, 9.0, 0.0, 0.0, 7.0, 6.0, 5.0, 1.0, 0.0, 1.0, 1.0, 0.0, 1.0, 0.0, 1.0, 1.0, 1.0, 1.0, 1.0, 1.0, 1.0, 1.0, 1.0, 0.0, 1.0, 0.0, 1.0, 0.0, 1.0, 0.0, 1.0, 0.0, 1.0, 0.0, 1.0, 0.0, 1.0, 1.0, 0.0, 0.0, 1.0, 0.0, 1.0]
1677	MoeSQLmosa	16	1	[17.0, 39.29385388554931, 18.0, 25.0, 16.0, 16.0, 19.0, 18.0, 17.0, 17.0, 16.0, 17.0, 17.0, 16.0, 17.0, 16.0, 17.0, 17.0, 17.0, 0.0, 17.0, 17.0, 17.0, 17.0, 17.0, 16.0, 17.0, 16.0, 17.0, 16.0, 17.0, 16.0, 17.0, 0.0, 1.0, 16.0, 17.0, 16.0, 17.0, 16.0, 17.0, 16.0, 17.0, 16.0, 17.0]
1677	MoeSQLmosa	17	1	[11.228138528138528, 26.061471861471862, 12.228138528138528, 19.22813852813853, 10.228138528138528, 10.228138528138528, 13.228138528138528, 12.228138528138528, 11.228138528138528, 11.228138528138528, 10.228138528138528, 11.228138528138528, 11.228138528138528, 10.228138528138528, 11.228138528138528, 10.228138528138528, 11.228138528138528, 11.228138528138528, 11.228138528138528, 11.228138528138528, 11.228138528138528, 11.228138528138528, 0.0, 11.228138528138528, 11.228138528138528, 10.228138528138528, 11.228138528138528, 10.228138528138528, 11.228138528138528, 10.228138528138528, 11.228138528138528, 10.228138528138528, 11.228138528138528, 10.228138528138528, 11.228138528138528, 10.228138528138528, 11.228138528138528, 10.228138528138528, 11.228138528138528, 0.0, 1.0, 10.228138528138528, 11.228138528138528, 10.228138528138528, 11.228138528138528]
1677	MoeSQLmosa	18	1	[9.0, 23.0, 10.0, 17.0, 8.0, 8.0, 11.0, 10.0, 9.0, 9.0, 8.0, 9.0, 9.0, 8.0, 9.0, 8.0, 9.0, 9.0, 0.0, 9.0, 9.0, 9.0, 9.0, 9.0, 9.0, 8.0, 9.0, 8.0, 9.0, 8.0, 9.0, 0.0, 1.0, 8.0, 9.0, 8.0, 9.0, 8.0, 9.0, 8.0, 9.0, 8.0, 9.0, 8.0, 9.0]
1677	MoeSQLmosa	19	1	[1.0, 16.0, 2.0, 9.0, 0.0, 0.0, 3.0, 2.0, 1.0, 1.0, 0.0, 1.0, 1.0, 0.0, 1.0, 0.0, 1.0, 1.0, 1.0, 1.0, 1.0, 1.0, 1.0, 1.0, 1.0, 0.0, 1.0, 1.0, 0.0, 0.0, 1.0, 0.0, 1.0, 0.0, 1.0, 0.0, 1.0, 0.0, 1.0, 0.0, 1.0, 0.0, 1.0, 0.0, 1.0]
1677	MoeSQLmosa	20	1	[2.0, 24.29385388554931, 3.0, 10.0, 1.0, 1.0, 1.0, 0.0, 1.0, 2.0, 1.0, 2.0, 2.0, 1.0, 2.0, 1.0, 2.0, 2.0, 2.0, 2.0, 2.0, 2.0, 2.0, 2.0, 2.0, 1.0, 2.0, 1.0, 2.0, 1.0, 2.0, 1.0, 2.0, 1.0, 2.0, 1.0, 2.0, 1.0, 2.0, 1.0, 2.0, 1.0, 2.0, 1.0, 2.0]
1677	MoeSQLmosa	21	1	[1.0, 16.0, 2.0, 9.0, 0.0, 0.0, 3.0, 2.0, 1.0, 1.0, 0.0, 1.0, 1.0, 0.0, 1.0, 0.0, 1.0, 1.0, 1.0, 1.0, 1.0, 1.0, 1.0, 1.0, 1.0, 0.0, 1.0, 0.0, 1.0, 0.0, 1.0, 0.0, 1.0, 1.0, 0.0, 0.0, 1.0, 0.0, 1.0, 0.0, 1.0, 0.0, 1.0, 0.0, 1.0]
1677	MoeSQLmosa	22	1	[9.873809523809525, 32.16766340935884, 10.873809523809525, 17.873809523809527, 8.873809523809525, 8.873809523809525, 10.873809523809525, 9.873809523809525, 8.873809523809525, 9.873809523809525, 8.873809523809525, 9.873809523809525, 9.873809523809525, 8.873809523809525, 9.873809523809525, 8.873809523809525, 0.0, 9.873809523809525, 9.873809523809525, 9.873809523809525, 9.873809523809525, 9.873809523809525, 9.873809523809525, 9.873809523809525, 9.873809523809525, 8.873809523809525, 9.873809523809525, 0.0, 1.0, 8.873809523809525, 9.873809523809525, 8.873809523809525, 9.873809523809525, 8.873809523809525, 9.873809523809525, 8.873809523809525, 9.873809523809525, 8.873809523809525, 9.873809523809525, 8.873809523809525, 9.873809523809525, 8.873809523809525, 9.873809523809525, 8.873809523809525, 9.873809523809525]
1677	MoeSQLmosa	23	1	[1.0, 22.46825396825397, 2.0, 9.0, 0.0, 0.0, 3.0, 2.0, 1.0, 1.0, 0.0, 1.0, 1.0, 0.0, 1.0, 0.0, 1.0, 1.0, 1.0, 1.0, 1.0, 1.0, 1.0, 1.0, 1.0, 0.0, 1.0, 0.0, 1.0, 0.0, 1.0, 0.0, 1.0, 0.0, 1.0, 0.0, 1.0, 1.0, 0.0, 0.0, 1.0, 0.0, 1.0, 0.0, 1.0]
1677	MoeSQLmosa	24	1	[1.0, 31.0, 2.0, 9.0, 0.0, 0.0, 2.0, 1.0, 0.0, 1.0, 0.0, 1.0, 1.0, 0.0, 1.0, 0.0, 1.0, 1.0, 1.0, 1.0, 1.0, 1.0, 1.0, 1.0, 1.0, 0.0, 1.0, 0.0, 1.0, 1.0, 0.0, 0.0, 1.0, 0.0, 1.0, 0.0, 1.0, 0.0, 1.0, 0.0, 1.0, 0.0, 1.0, 0.0, 1.0]
1677	MoeSQLmosa	25	1	[1.0, 15.0, 2.0, 9.0, 0.0, 0.0, 3.0, 2.0, 1.0, 1.0, 0.0, 1.0, 1.0, 0.0, 1.0, 0.0, 1.0, 1.0, 1.0, 1.0, 1.0, 1.0, 1.0, 1.0, 1.0, 1.0, 0.0, 0.0, 1.0, 0.0, 1.0, 0.0, 1.0, 0.0, 1.0, 0.0, 1.0, 0.0, 1.0, 0.0, 1.0, 0.0, 1.0, 0.0, 1.0]
1677	MoeSQLmosa	26	1	[1.0, 19.423076923076923, 2.0, 9.0, 0.0, 0.0, 2.0, 1.0, 0.0, 1.0, 0.0, 1.0, 1.0, 0.0, 1.0, 0.0, 1.0, 1.0, 1.0, 1.0, 1.0, 1.0, 1.0, 1.0, 1.0, 0.0, 1.0, 0.0, 1.0, 0.0, 1.0, 1.0, 0.0, 0.0, 1.0, 0.0, 1.0, 0.0, 1.0, 0.0, 1.0, 0.0, 1.0, 0.0, 1.0]
1677	MoeSQLmosa	27	1	[3.0, 17.0, 4.0, 11.0, 2.0, 2.0, 0.0, 1.0, 2.0, 3.0, 2.0, 3.0, 3.0, 2.0, 3.0, 2.0, 3.0, 3.0, 3.0, 3.0, 3.0, 3.0, 3.0, 3.0, 3.0, 2.0, 3.0, 2.0, 3.0, 2.0, 3.0, 2.0, 3.0, 2.0, 3.0, 2.0, 3.0, 2.0, 3.0, 2.0, 3.0, 2.0, 3.0, 2.0, 3.0]
1677	MoeSQLmosa	28	1	[2.0, 24.29385388554931, 3.0, 10.0, 1.0, 1.0, 3.0, 2.0, 1.0, 2.0, 1.0, 0.0, 2.0, 1.0, 2.0, 1.0, 2.0, 2.0, 2.0, 2.0, 2.0, 2.0, 2.0, 2.0, 2.0, 1.0, 2.0, 1.0, 2.0, 1.0, 2.0, 1.0, 2.0, 1.0, 2.0, 2.0, 1.0, 1.0, 2.0, 1.0, 2.0, 1.0, 2.0, 1.0, 2.0]
1677	MOTGA	0	27	[0.0, 0.0, 0.0, 0.0, 0.0, 0.0, 0.0, 0.0, 0.0, 0.0, 0.0, 0.0, 0.0, 0.0, 0.0, 0.0, 0.0, 0.0, 0.0, 0.0, 0.0, 0.0, 0.0, 0.0, 0.0, 0.0, 0.0, 0.0, 0.0, 0.0, 0.0, 0.0, 0.0, 0.0, 0.0, 0.0, 0.0, 0.0, 0.0, 0.0, 0.0, 0.0, 0.0, 0.0, 0.0]
1678	MoeSQLmosa	0	2	[0.0, 1.0, 1.0, 1.0, 0.0, 1.0, 2.0, 2.0, 1.0]
1678	MoeSQLmosa	1	2	[1.0, 2.0, 2.0, 2.0, 1.0, 0.0, 3.0, 2.0, 1.0]
1678	MoeSQLmosa	2	2	[15.511571255175259, 16.51157125517526, 16.51157125517526, 16.51157125517526, 15.511571255175259, 16.51157125517526, 0.0, 0.0, 1.0]
1678	MoeSQLmosa	3	2	[1.0, 2.0, 2.0, 0.0, 1.0, 2.0, 3.0, 2.0, 1.0]
1678	MoeSQLmosa	4	2	[1.7976931348623156E306, 1.7976931348623156E306, 1.7976931348623156E306, 1.7976931348623156E306, 1.7976931348623156E306, 1.7976931348623156E306, 0.0, 1.0, 0.0]
1678	MoeSQLmosa	5	2	[21.233921225832994, 0.0, 1.0, 22.233921225832994, 21.233921225832994, 22.233921225832994, 2.0, 21.233921225832994, 22.233921225832994]
1678	MoeSQLmosa	6	2	[1.7976931348623156E306, 1.7976931348623156E306, 0.0, 1.7976931348623156E306, 1.7976931348623156E306, 1.7976931348623156E306, 2.0, 1.7976931348623156E306, 1.7976931348623156E306]
1678	MOTGA	0	2	[1.7976931348623156E306, 1.7976931348623156E306, 1.7976931348623156E306, 1.7976931348623156E306, 1.7976931348623156E306, 1.7976931348623156E306, 0.0, 1.0, 0.0]
1678	MOTGA	1	6	[0.0, 0.0, 0.0, 0.0, 0.0, 0.0, 2.0, 2.0, 1.7976931348623156E306]
1679	MoeSQLmosa	0	1	[0.0, 14.614203920553791]
1679	MoeSQLmosa	1	1	[1.0, 0.0]
1679	MOTGA	0	2	[0.0, 0.0]
1680	MoeSQLmosa	0	1	[38.0, 39.0, 39.0, 0.0, 1.0]
1680	MoeSQLmosa	1	1	[1.7976931348623156E306, 1.7976931348623156E306, 1.7976931348623156E306, 1.7976931348623156E306, 0.0]
1680	MoeSQLmosa	2	1	[21.58785301881356, 0.0, 1.0, 23.58785301881356, 22.58785301881356]
1680	MoeSQLmosa	3	1	[0.0, 1.0, 1.0, 2.0, 1.0]
1680	MoeSQLmosa	4	1	[1.7976931348623156E306, 1.7976931348623156E306, 0.0, 1.7976931348623156E306, 1.7976931348623156E306]
1680	MOTGA	0	5	[0.0, 0.0, 0.0, 0.0, 0.0]
1682	MoeSQLmosa	0	2	[0.0, 0.0, 1.0]
1682	MoeSQLmosa	1	1	[1.7976931348623156E306, 1.7976931348623156E306, 0.0]
1682	MOTGA	0	3	[0.0, 0.0, 0.0]
1683	MoeSQLmosa	0	1	[0.0, 25.855702854751037, 1.0]
1683	MoeSQLmosa	1	1	[1.0, 0.0, 1.0]
1683	MoeSQLmosa	2	1	[1.7976931348623156E306, 1.7976931348623156E306, 0.0]
1683	MOTGA	0	3	[0.0, 0.0, 0.0]
1684	MoeSQLmosa	0	1	[0.0, 1.0, 1.0, 2.0, 1.0, 0.0]
1684	MoeSQLmosa	1	1	[1.0, 2.0, 2.0, 1.0, 0.0, 1.0]
1684	MoeSQLmosa	2	1	[36.202014652014654, 0.0, 1.0, 315.20201465201467, 314.20201465201467, 313.20201465201467]
1684	MoeSQLmosa	3	1	[1.7976931348623156E306, 1.7976931348623156E306, 0.0, 1.7976931348623156E306, 1.7976931348623156E306, 1.7976931348623156E306]
1684	MoeSQLmosa	4	1	[2.0, 3.0, 3.0, 0.0, 1.0, 2.0]
1684	MOTGA	0	5	[0.0, 0.0, 0.0, 0.0, 0.0, 0.0]
1685	MoeSQLmosa	0	1	[23.5, 24.5, 24.5, 24.5, 24.5, 0.0, 1.0, 56.46627530364372]
1685	MoeSQLmosa	1	1	[12.38888888888889, 13.38888888888889, 13.38888888888889, 0.0, 1.0, 13.38888888888889, 13.38888888888889, 31.308502316397057]
1685	MoeSQLmosa	2	1	[23.842020592020592, 0.0, 1.0, 24.842020592020592, 24.842020592020592, 24.842020592020592, 24.842020592020592, 33.03127398568575]
1685	MoeSQLmosa	3	1	[1.7976931348623156E306, 1.7976931348623156E306, 1.7976931348623156E306, 1.7976931348623156E306, 0.0, 1.7976931348623156E306, 1.7976931348623156E306, 1.7976931348623156E306]
1685	MoeSQLmosa	4	1	[1.0, 2.0, 2.0, 2.0, 2.0, 2.0, 2.0, 0.0]
1685	MoeSQLmosa	5	1	[1.7976931348623156E306, 1.7976931348623156E306, 1.7976931348623156E306, 1.7976931348623156E306, 1.7976931348623156E306, 1.7976931348623156E306, 0.0, 1.7976931348623156E306]
1685	MoeSQLmosa	6	1	[0.0, 1.0, 1.0, 1.0, 1.0, 1.0, 1.0, 9.189253393665158]
1685	MoeSQLmosa	7	1	[1.7976931348623156E306, 1.7976931348623156E306, 0.0, 1.7976931348623156E306, 1.7976931348623156E306, 1.7976931348623156E306, 1.7976931348623156E306, 1.7976931348623156E306]
1685	MOTGA	0	8	[0.0, 0.0, 0.0, 0.0, 0.0, 0.0, 0.0, 0.0]
1686	MoeSQLmosa	0	1	[0.0, 1.0, 1.0, 1.0, 0.0, 1.0, 1.0, 1.0, 2.0]
1686	MoeSQLmosa	1	1	[40.582148692810456, 0.0, 1.0, 41.582148692810456, 40.582148692810456, 41.582148692810456, 41.582148692810456, 41.582148692810456, 3.0]
1686	MoeSQLmosa	2	1	[32.23647104548586, 33.23647104548586, 33.23647104548586, 33.23647104548586, 32.23647104548586, 33.23647104548586, 0.0, 1.0, 3.0]
1686	MoeSQLmosa	3	1	[1.7976931348623156E306, 1.7976931348623156E306, 0.0, 1.7976931348623156E306, 1.7976931348623156E306, 1.7976931348623156E306, 1.7976931348623156E306, 1.7976931348623156E306, 3.0]
1686	MoeSQLmosa	4	1	[1.0, 2.0, 2.0, 0.0, 1.0, 2.0, 2.0, 2.0, 3.0]
1686	MoeSQLmosa	5	1	[1.0, 2.0, 2.0, 2.0, 1.0, 0.0, 2.0, 2.0, 3.0]
1686	MoeSQLmosa	6	1	[1.7976931348623156E306, 1.7976931348623156E306, 1.7976931348623156E306, 1.7976931348623156E306, 1.7976931348623156E306, 1.7976931348623156E306, 1.7976931348623156E306, 0.0, 3.0]
1686	MoeSQLmosa	7	3	[0.0, 1.0, 1.0, 1.0, 0.0, 1.0, 1.0, 1.0, 0.0]
1686	MOTGA	0	9	[0.0, 0.0, 0.0, 0.0, 0.0, 0.0, 0.0, 0.0, 0.0]
1687	MoeSQLmosa	0	2	[1.7976931348623156E306, 1.7976931348623156E306, 1.7976931348623156E306, 1.7976931348623156E306, 1.7976931348623156E306, 1.7976931348623156E306, 0.0, 1.7976931348623156E306, 3.595386269724631E306, 3.595386269724631E306]
1687	MoeSQLmosa	1	2	[30.013568737734282, 31.013568737734282, 31.013568737734282, 0.0, 1.0, 31.013568737734282, 31.013568737734282, 30.013568737734282, 1.7976931348623156E306, 1.7976931348623156E306]
1687	MoeSQLmosa	2	2	[6.714889788573999, 7.714889788573999, 7.714889788573999, 7.714889788573999, 7.714889788573999, 0.0, 1.0, 6.714889788573999, 1.7976931348623156E306, 1.7976931348623156E306]
1687	MoeSQLmosa	3	2	[34.81196581196581, 0.0, 1.0, 35.81196581196581, 35.81196581196581, 35.81196581196581, 35.81196581196581, 1.7976931348623156E306, 1.7976931348623156E306, 34.81196581196581]
1687	MoeSQLmosa	4	2	[1.7976931348623156E306, 1.7976931348623156E306, 0.0, 1.7976931348623156E306, 1.7976931348623156E306, 1.7976931348623156E306, 1.7976931348623156E306, 1.7976931348623156E306, 3.595386269724631E306, 3.595386269724631E306]
1687	MoeSQLmosa	5	2	[0.0, 1.0, 1.0, 1.0, 1.0, 1.0, 1.0, 0.0, 1.7976931348623156E306, 1.7976931348623156E306]
1687	MoeSQLmosa	6	2	[1.7976931348623156E306, 1.7976931348623156E306, 1.7976931348623156E306, 1.7976931348623156E306, 0.0, 1.7976931348623156E306, 1.7976931348623156E306, 1.7976931348623156E306, 3.595386269724631E306, 3.595386269724631E306]
1687	MoeSQLmosa	7	2	[0.0, 1.0, 1.0, 1.0, 1.0, 1.0, 1.0, 1.7976931348623156E306, 1.7976931348623156E306, 0.0]
1687	MoeSQLmosa	8	2	[0.0, 1.0, 1.0, 1.0, 1.0, 1.0, 1.0, 1.7976931348623156E306, 0.0, 1.7976931348623156E306]
1687	MOTGA	0	11	[0.0, 0.0, 0.0, 0.0, 0.0, 0.0, 0.0, 0.0, 0.0, 0.0]
1688	MoeSQLmosa	0	2	[11.957142857142856, 0.0, 1.0, 0.0, 1.0, 41.03518096581349]
1688	MoeSQLmosa	1	1	[1.7976931348623156E306, 1.7976931348623156E306, 0.0, 1.7976931348623156E306, 1.7976931348623156E306, 1.7976931348623156E306]
1688	MoeSQLmosa	2	1	[0.0, 1.0, 1.0, 1.0, 1.0, 18.778514707926472]
1688	MoeSQLmosa	3	1	[1.7976931348623156E306, 1.7976931348623156E306, 1.7976931348623156E306, 1.7976931348623156E306, 0.0, 1.7976931348623156E306]
1688	MoeSQLmosa	4	1	[1.0, 2.0, 2.0, 2.0, 2.0, 0.0]
1688	MOTGA	0	6	[0.0, 0.0, 0.0, 0.0, 0.0, 0.0]
